11-27;DEN-MIN;117-110;
28-27;36-28;26-28;27-27;
DEN
Wilson Chandler;F;31:55;6;10;0;1;2;2;1;3;4;2;2;1;1;3;14;
Kenneth Faried;F;27:04;6;7;0;0;1;1;2;3;5;0;2;1;3;1;13;
JJ Hickson;C;19:03;5;9;0;0;0;0;1;2;3;1;0;0;0;3;10;
Randy Foye;G;19:21;4;7;2;4;0;0;0;2;2;2;0;1;1;5;10;
Ty Lawson;G;33:24;7;15;1;2;8;10;0;2;2;4;2;0;2;2;23;
Timofey Mozgov;;22:49;1;2;0;0;1;2;1;7;8;0;1;2;1;3;3;
Darrell Arthur;;21:50;3;7;0;0;1;2;0;2;2;1;0;0;2;3;7;
Nate Robinson;;21:59;5;11;3;5;2;2;1;1;2;4;1;0;1;3;15;
Jordan Hamilton;;18:29;4;8;2;4;1;2;1;2;3;2;3;0;0;0;11;
Evan Fournier;;3:36;0;2;0;0;1;2;0;0;0;0;0;0;0;1;1;
Andre Miller;;20:30;4;10;0;0;2;2;2;3;5;6;0;0;1;1;10;
MIN
Corey Brewer;F;40:33;5;9;2;5;2;3;1;3;4;1;2;2;1;3;14;
Kevin Love;F;40:04;7;19;3;9;2;2;5;10;15;3;1;0;2;2;19;
Nikola Pekovic;C;37:38;8;14;0;0;5;6;4;6;10;1;0;0;0;3;21;
Kevin Martin;G;36:02;9;21;0;5;11;11;2;3;5;1;0;0;3;3;29;
Ricky Rubio;G;41:53;6;12;0;1;5;6;1;4;5;11;2;0;7;4;17;
Dante Cunningham;;18:08;2;4;0;0;0;0;1;3;4;1;0;1;0;1;4;
Jose Juan Barea;;16:44;3;5;0;0;0;0;0;1;1;1;0;0;2;2;6;
Robbie Hummel;;1:53;0;1;0;0;0;0;0;0;0;0;0;0;1;2;0;
Alexey Shved;;3:26;0;1;0;0;0;0;0;0;0;0;0;0;0;0;0;
Shabazz Muhammad;;3:40;0;2;0;0;0;0;1;1;2;0;0;0;0;0;0;
