11-30;BOS-MIL;85-92;
27-19;14-28;22-23;22-22;
BOS
Jeff Green;F;40:43;7;15;2;6;2;2;1;2;3;6;0;0;2;1;18;
Brandon Bass;F;26:19;3;7;0;0;0;0;1;6;7;0;1;1;0;0;6;
Jared Sullinger;C;32:58;10;18;1;5;0;1;2;12;14;0;0;0;3;5;21;
Avery Bradley;G;35:06;4;15;0;2;1;2;0;3;3;1;0;0;0;6;9;
Jordan Crawford;G;34:17;6;15;1;4;5;6;1;2;3;5;1;0;1;4;18;
Gerald Wallace;;24:30;0;0;0;0;0;0;1;3;4;4;2;0;1;1;0;
Vitor Faverani;;15:02;3;6;0;0;1;2;0;0;0;0;0;0;1;2;7;
Kris Humphries;;13:28;1;4;0;0;0;0;2;2;4;0;0;1;2;2;2;
Keith Bogans;;5:37;0;1;0;1;0;0;0;0;0;0;0;0;0;0;0;
Phil Pressey;;7:37;0;1;0;1;0;0;1;0;1;1;3;0;0;0;0;
MarShon Brooks;;4:24;1;2;0;0;2;2;1;1;2;0;0;0;0;0;4;
MIL
Khris Middleton;F;17:32;2;6;0;1;2;2;0;1;1;2;0;0;1;1;6;
Ekpe Udoh;F;38:42;4;9;0;0;1;4;4;6;10;1;0;2;1;2;9;
John Henson;C;33:50;6;13;0;0;1;2;2;11;13;3;0;3;2;2;13;
O.J. Mayo;G;31:08;9;14;2;4;2;2;1;2;3;3;1;0;2;2;22;
Brandon Knight;G;30:57;7;14;3;3;3;4;1;8;9;8;1;1;3;2;20;
Zaza Pachulia;;22:17;0;4;0;0;2;2;2;3;5;3;0;1;2;5;2;
Luke Ridnour;;20:57;2;6;1;4;1;2;0;1;1;3;2;0;0;2;6;
Gary Neal;;16:52;2;6;0;2;0;0;0;0;0;1;0;0;0;0;4;
Giannis Antetokounmpo;;27:45;4;6;2;3;0;2;1;6;7;4;0;1;2;0;10;
