02-06;SAS-BKN;89-103;
24-17;15-23;29-35;21-28;
SAS
Marco Belinelli;F;34:23;4;6;1;2;3;4;0;1;1;1;0;0;1;1;12;
Danny Green;F;35:05;6;11;3;4;2;2;1;7;8;3;1;2;2;1;17;
Tiago Splitter;C;25:02;2;6;0;0;1;1;0;4;4;1;0;2;2;0;5;
Cory Joseph;G;34:43;5;12;1;3;7;7;2;2;4;3;4;0;2;0;18;
Nando De Colo;G;27:00;4;9;0;2;3;4;0;3;3;2;2;1;3;2;11;
Jeff Ayres;;14:28;0;1;0;0;1;2;2;3;5;1;0;1;2;2;1;
Matt Bonner;;14:07;0;3;0;2;2;2;0;4;4;0;0;1;1;0;2;
Patty Mills;;23:15;6;13;2;7;2;2;0;1;1;2;1;0;0;2;16;
Shannon Brown;;20:14;2;8;0;1;1;3;0;4;4;0;0;0;2;2;5;
Aron Baynes;;11:43;0;4;0;0;2;2;3;1;4;1;0;0;2;2;2;
BKN
Joe Johnson;F;27:38;4;10;0;2;0;0;0;2;2;1;0;0;2;1;8;
Paul Pierce;F;22:41;5;6;1;1;1;1;2;5;7;2;1;0;0;2;12;
Kevin Garnett;C;18:06;4;9;0;0;0;0;3;6;9;0;0;0;2;2;8;
Shaun Livingston;G;31:03;4;9;0;0;0;0;2;3;5;4;0;4;1;3;8;
Deron Williams;G;29:51;7;14;1;3;1;2;1;3;4;8;1;0;2;2;16;
Andray Blatche;;18:53;5;12;0;2;0;0;3;3;6;4;3;0;1;5;10;
Alan Anderson;;30:18;9;15;2;3;2;2;1;1;2;1;0;0;1;1;22;
Andrei Kirilenko;;26:09;1;3;0;0;2;4;1;7;8;6;1;0;2;4;4;
Mirza Teletovic;;21:52;4;10;0;1;0;0;2;5;7;2;0;0;1;2;8;
Mason Plumlee;;11:01;3;4;0;0;1;1;1;2;3;1;1;0;2;1;7;
Marquis Teague;;2:28;0;1;0;1;0;0;0;0;0;0;0;0;0;1;0;
