11-23;DAL-DEN;100-102;
22-35;31-30;27-21;20-16;
DAL
Shawn Marion;F;32:05;2;8;0;3;2;2;0;5;5;2;1;0;2;2;6;
Dirk Nowitzki;F;34:22;9;22;0;2;9;9;0;9;9;1;0;1;0;2;27;
Samuel Dalembert;C;21:42;0;0;0;0;3;4;1;2;3;2;1;0;0;2;3;
Monta Ellis;G;34:04;8;14;2;3;7;8;0;6;6;2;2;0;4;1;25;
Jose Calderon;G;34:04;5;10;1;4;0;0;0;2;2;5;1;0;0;3;11;
Vince Carter;;24:02;6;13;4;5;0;0;1;2;3;0;0;1;0;1;16;
DeJuan Blair;;26:18;4;12;0;0;0;0;4;6;10;2;2;0;2;5;8;
Jae Crowder;;13:11;0;3;0;3;0;0;0;0;0;2;0;0;2;2;0;
Shane Larkin;;13:56;0;3;0;1;2;2;1;0;1;1;0;0;1;1;2;
Wayne Ellington;;6:16;1;2;0;0;0;0;0;0;0;0;1;0;0;0;2;
DEN
Wilson Chandler;F;30:01;4;15;1;9;1;2;1;3;4;3;1;0;2;3;10;
Kenneth Faried;F;30:52;7;7;0;0;4;6;5;9;14;1;1;2;3;1;18;
JJ Hickson;C;29:22;3;8;0;0;0;0;2;3;5;0;0;0;2;3;6;
Randy Foye;G;29:15;5;13;5;12;2;2;0;5;5;2;1;0;2;3;17;
Ty Lawson;G;38:10;5;10;2;3;8;14;0;3;3;9;1;0;4;0;20;
Darrell Arthur;;16:21;4;6;0;0;2;2;0;1;1;1;1;0;0;3;10;
Jordan Hamilton;;11:37;1;5;1;3;0;0;0;1;1;1;0;0;0;0;3;
Timofey Mozgov;;12:38;1;2;0;0;4;4;0;3;3;0;0;1;3;1;6;
Nate Robinson;;15:59;4;7;2;3;0;0;0;3;3;1;2;0;1;1;10;
Andre Miller;;15:23;0;2;0;0;0;0;0;2;2;4;0;0;0;0;0;
Evan Fournier;;10:22;1;4;0;2;0;0;0;3;3;2;0;0;1;3;2;
