12-09;DEN-WAS;75-74;
18-22;22-23;18-15;17-14;
DEN
Wilson Chandler;F;35:19;7;10;3;6;0;0;2;6;8;1;0;2;2;1;17;
Kenneth Faried;F;23:24;3;8;0;0;0;2;2;5;7;0;1;1;1;3;6;
JJ Hickson;C;19:59;4;9;0;0;1;1;3;5;8;1;1;0;3;2;9;
Randy Foye;G;31:39;2;7;2;4;0;0;0;2;2;5;0;0;2;3;6;
Andre Miller;G;21:53;0;5;0;2;3;6;0;1;1;5;2;0;4;1;3;
Nate Robinson;;28:03;6;15;0;2;4;4;0;3;3;2;4;0;1;2;16;
Timofey Mozgov;;18:56;2;4;0;0;0;1;1;4;5;1;0;1;4;1;4;
Darrell Arthur;;15:42;2;3;0;1;0;0;0;1;1;0;0;0;1;1;4;
Jordan Hamilton;;21:01;3;9;2;5;0;0;1;7;8;1;1;0;0;0;8;
Evan Fournier;;14:36;1;1;0;0;0;0;0;0;0;2;1;0;2;2;2;
Anthony Randolph;;9:28;0;2;0;1;0;0;3;2;5;1;0;0;0;0;0;
WAS
Glen Rice Jr.;F;28:53;3;9;1;5;0;0;1;2;3;1;3;0;2;2;7;
Trevor Booker;F;32:40;5;11;0;0;2;2;5;7;12;1;0;2;2;3;12;
Marcin Gortat;C;37:47;8;17;0;0;0;0;2;6;8;2;0;3;1;3;16;
Trevor Ariza;G;38:26;6;19;2;9;0;0;2;5;7;4;2;0;1;0;14;
John Wall;G;38:16;8;20;2;5;2;4;1;4;5;8;3;1;4;3;20;
Jan Vesely;;20:13;1;2;0;0;0;2;2;1;3;1;2;0;1;2;2;
Chris Singleton;;21:59;1;5;0;1;1;1;1;3;4;0;0;1;1;2;3;
Otto Porter;;7:15;0;0;0;0;0;0;0;1;1;0;0;0;0;0;0;
Eric Maynor;;4:58;0;3;0;3;0;0;0;1;1;1;0;0;1;1;0;
Kevin Seraphin;;4:37;0;1;0;0;0;0;1;0;1;0;0;0;0;0;0;
Garrett Temple;;4:57;0;2;0;1;0;0;1;0;1;0;0;0;1;0;0;
