12-06;UTA-POR;98-130;
22-39;34-28;13-40;29-23;
UTA
Richard Jefferson;F;16:15;1;2;0;0;1;1;0;4;4;1;1;0;0;0;3;
Derrick Favors;F;21:21;4;8;0;0;1;2;2;1;3;1;1;1;1;0;9;
Enes Kanter;C;20:23;3;8;0;0;0;0;2;0;2;0;2;0;2;2;6;
Gordon Hayward;G;22:56;5;12;0;2;0;0;0;1;1;3;2;0;4;3;10;
Trey Burke;G;16:21;3;9;0;1;1;2;0;0;0;1;0;0;0;1;7;
Andris Biedrins;;7:06;1;1;0;0;0;0;1;1;2;0;0;0;0;2;2;
Alec Burks;;28:07;6;16;1;3;3;3;2;1;3;3;2;0;1;4;16;
Brandon Rush;;23:01;2;6;0;1;1;1;0;2;2;2;1;0;2;1;5;
Jeremy Evans;;18:25;4;7;0;0;2;2;7;2;9;1;1;0;0;4;10;
Diante Garrett;;25:20;2;5;1;1;0;0;0;2;2;4;3;0;4;1;5;
Michael Harris;;15:59;4;6;0;0;2;2;2;2;4;0;3;0;1;2;10;
Rudy Gobert;;12:46;1;3;0;0;3;4;2;5;7;1;0;2;1;2;5;
John Lucas III;;12:00;3;10;2;3;2;2;0;0;0;0;1;0;0;0;10;
POR
Nicolas Batum;F;28:16;5;6;3;3;0;0;2;5;7;3;1;0;4;1;13;
LaMarcus Aldridge;F;29:07;7;14;0;0;6;7;3;12;15;4;2;0;0;0;20;
Robin Lopez;C;22:39;3;6;0;0;2;2;2;3;5;1;0;1;0;1;8;
Wesley Matthews;G;28:03;8;11;4;6;4;5;0;0;0;1;0;0;1;2;24;
Damian Lillard;G;25:24;7;9;5;6;2;2;1;2;3;6;1;1;3;1;21;
Mo Williams;;20:07;3;4;1;1;0;0;0;1;1;3;1;0;2;1;7;
Joel Freeland;;13:21;2;4;0;0;0;0;1;2;3;1;0;1;4;2;4;
Dorell Wright;;10:19;2;4;2;3;0;0;0;1;1;0;0;1;2;0;6;
Thomas Robinson;;18:53;4;8;0;0;5;6;3;3;6;1;2;0;1;3;13;
Will Barton;;12:00;2;7;0;2;0;0;0;2;2;4;0;0;1;1;4;
Meyers Leonard;;12:00;0;3;0;0;2;2;5;1;6;0;1;1;1;3;2;
Allen Crabbe;;10:56;3;6;2;2;0;0;0;0;0;0;1;0;1;0;8;
Earl Watson;;8:55;0;1;0;0;0;0;0;1;1;2;0;0;1;2;0;
