11-04;HOU-LAC;118-137;
25-42;41-36;23-26;29-33;
HOU
Chandler Parsons;F;35:51;6;13;1;3;1;2;0;2;2;4;2;1;3;1;14;
Dwight Howard;F;25:49;4;9;0;0;5;10;2;7;9;0;0;1;2;4;13;
Omer Asik;C;23:42;1;1;0;0;4;4;2;5;7;0;0;0;2;3;6;
James Harden;G;32:48;6;16;0;7;3;5;1;1;2;5;0;0;2;2;15;
Jeremy Lin;G;30:29;4;8;1;2;5;6;0;2;2;8;1;0;1;5;14;
Omri Casspi;;28:06;6;12;3;6;4;5;2;7;9;4;2;0;4;3;19;
Francisco Garcia;;21:18;5;9;2;6;2;2;1;1;2;0;0;0;0;1;14;
Aaron Brooks;;17:31;3;5;0;0;3;4;0;4;4;0;1;1;0;2;9;
Greg Smith;;11:03;6;6;0;0;0;1;5;2;7;0;0;0;1;1;12;
Donatas Motiejunas;;4:38;0;1;0;1;0;0;0;0;0;0;0;0;0;0;0;
Ronnie Brewer;;4:38;0;0;0;0;0;2;0;2;2;0;1;0;0;0;0;
Terrence Jones;;4:07;0;2;0;0;2;2;0;0;0;0;0;0;0;0;2;
LAC
Jared Dudley;F;33:51;6;11;3;6;0;0;0;3;3;0;0;0;1;2;15;
Blake Griffin;F;31:45;8;13;0;0;2;4;2;5;7;2;1;1;2;5;18;
DeAndre Jordan;C;29:33;4;5;0;0;3;5;1;8;9;0;0;1;0;5;11;
JJ Redick;G;27:50;8;15;2;7;8;8;3;0;3;3;2;1;0;5;26;
Chris Paul;G;33:17;7;13;1;3;8;8;0;3;3;17;2;0;2;2;23;
Jamal Crawford;;30:12;7;15;6;11;1;1;1;2;3;4;0;0;0;2;21;
Matt Barnes;;14:57;1;3;0;2;0;0;1;2;3;2;0;0;2;2;2;
Darren Collison;;14:43;2;10;1;5;2;2;1;2;3;4;0;3;2;1;7;
Byron Mullens;;15:00;5;6;2;3;0;0;0;4;4;0;2;1;1;5;12;
Ryan Hollins;;4:45;1;1;0;0;0;0;0;0;0;0;0;0;0;0;2;
Reggie Bullock;;4:07;0;2;0;1;0;0;0;0;0;1;0;0;0;0;0;
