04-15;NYK-BKN;109-98;
29-18;26-25;28-24;26-31;
NYK
Iman Shumpert;F;31:11;4;9;0;2;3;4;1;3;4;2;3;0;2;4;11;
Amar'e Stoudemire;F;20:35;3;4;0;0;8;9;1;2;3;0;0;1;1;2;14;
Tyson Chandler;C;5:11;1;1;0;0;0;0;0;1;1;1;0;0;0;0;2;
J.R. Smith;G;22:57;3;8;3;7;5;6;1;6;7;3;1;1;3;2;14;
Raymond Felton;G;21:12;3;8;2;4;0;0;1;3;4;2;2;1;3;2;8;
Tim Hardaway Jr.;;35:55;5;10;4;5;2;2;0;0;0;0;0;0;0;4;16;
Cole Aldrich;;25:37;4;6;0;0;5;5;3;10;13;0;1;1;2;5;13;
Pablo Prigioni;;4:53;0;1;0;0;0;0;0;0;0;0;0;0;2;0;0;
Jeremy Tyler;;20:12;3;5;0;0;2;4;0;2;2;1;0;1;3;5;8;
Shannon Brown;;30:22;4;7;0;0;6;6;1;0;1;1;1;0;0;2;14;
Toure Murry;;21:55;2;8;2;3;3;4;0;1;1;5;3;0;0;2;9;
BKN
Andrei Kirilenko;F;25:55;2;6;0;0;0;0;3;3;6;4;2;0;2;4;4;
Paul Pierce;F;20:32;4;8;1;2;4;6;1;0;1;1;1;0;2;5;13;
Kevin Garnett;C;14:47;0;4;0;0;0;0;0;2;2;0;0;0;0;3;0;
Joe Johnson;G;30:36;3;9;2;5;4;7;1;5;6;4;1;0;0;1;12;
Deron Williams;G;29:32;4;9;1;4;1;1;1;1;2;1;1;0;3;1;10;
Mason Plumlee;;30:22;7;9;0;0;2;4;3;6;9;4;1;0;1;2;16;
Marcus Thornton;;30:06;7;15;4;10;6;8;1;2;3;2;1;0;2;2;24;
Andray Blatche;;19:26;2;4;1;2;3;3;1;3;4;1;1;0;6;2;8;
Jorge Gutierrez;;26:58;2;7;1;2;0;0;0;2;2;4;1;0;1;4;5;
Marquis Teague;;8:55;1;2;0;0;2;2;0;1;1;4;1;1;2;1;4;
Jason Collins;;2:51;1;2;0;0;0;0;1;1;2;0;0;0;0;1;2;
