11-18;POR-BKN;108-98;
31-40;25-23;27-15;25-20;
POR
Nicolas Batum;F;34:13;2;5;1;2;2;2;0;6;6;1;1;0;4;2;7;
LaMarcus Aldridge;F;35:01;9;16;0;0;9;9;2;6;8;0;0;2;4;4;27;
Robin Lopez;C;24:34;3;4;0;0;0;0;2;5;7;2;0;1;1;3;6;
Wesley Matthews;G;36:53;9;13;5;8;1;2;1;5;6;1;1;0;0;3;24;
Damian Lillard;G;36:17;6;13;2;7;5;5;0;2;2;9;0;0;1;4;19;
Joel Freeland;;18:13;2;5;0;0;0;0;1;3;4;0;0;0;2;3;4;
Mo Williams;;30:34;6;14;0;1;0;0;1;4;5;6;3;2;1;5;12;
Dorell Wright;;11:17;0;0;0;0;0;0;1;0;1;0;0;0;0;0;0;
Thomas Robinson;;12:59;4;6;0;0;1;3;1;6;7;0;0;0;1;1;9;
BKN
Paul Pierce;F;32:14;2;12;0;5;7;8;1;2;3;2;1;0;2;2;11;
Kevin Garnett;F;24:23;8;19;0;0;0;0;3;5;8;0;2;2;2;3;16;
Reggie Evans;C;27:24;1;4;0;0;3;3;3;6;9;1;0;0;0;1;5;
Joe Johnson;G;37:56;4;12;1;3;4;4;2;2;4;3;0;0;1;0;13;
Shaun Livingston;G;28:52;8;14;0;0;7;7;1;1;2;2;1;0;0;3;23;
Andray Blatche;;22:54;4;10;0;0;2;2;1;4;5;1;2;2;0;2;10;
Alan Anderson;;20:13;2;4;1;1;6;7;1;1;2;0;1;0;0;3;11;
Mason Plumlee;;16:06;0;1;0;0;4;4;2;2;4;0;1;0;0;1;4;
Tyshawn Taylor;;11:08;0;2;0;0;0;0;0;1;1;2;1;0;2;2;0;
Jason Terry;;18:07;2;7;1;4;0;0;0;2;2;1;0;0;0;1;5;
Tornike Shengelia;;0:43;0;0;0;0;0;0;0;0;0;0;0;0;0;0;0;
