11-22;WAS-TOR;88-96;
27-32;11-19;32-15;18-30;
WAS
Martell Webster;F;41:30;3;8;1;4;2;3;0;4;4;5;2;1;0;4;9;
Nene;F;36:44;5;14;0;0;0;0;0;10;10;4;0;2;4;3;10;
Marcin Gortat;C;31:33;3;10;0;0;0;0;1;7;8;2;0;1;1;4;6;
Bradley Beal;G;42:33;7;21;2;9;1;1;1;3;4;2;0;0;1;4;17;
John Wall;G;39:35;15;21;2;2;5;7;1;5;6;2;3;0;4;2;37;
Jan Vesely;;10:44;0;3;0;0;0;0;3;1;4;0;0;0;1;0;0;
Garrett Temple;;17:25;1;3;0;1;0;0;1;0;1;1;1;0;1;1;2;
Eric Maynor;;8:24;1;2;1;1;0;0;0;0;0;1;0;0;2;0;3;
Trevor Booker;;3:56;0;1;0;0;0;0;1;0;1;0;0;0;0;0;0;
Glen Rice Jr.;;0:26;0;0;0;0;0;0;0;0;0;0;0;0;0;0;0;
Kevin Seraphin;;7:10;1;3;0;0;2;2;1;0;1;0;0;0;0;4;4;
TOR
Rudy Gay;F;31:20;6;16;0;1;5;6;0;3;3;1;1;4;3;1;17;
Amir Johnson;F;24:44;7;8;0;1;0;1;1;3;4;2;1;1;0;5;14;
Jonas Valanciunas;C;36:49;5;14;0;0;1;2;3;10;13;0;0;1;1;1;11;
DeMar DeRozan;G;36:41;7;14;0;2;3;4;1;5;6;4;0;1;4;2;17;
Kyle Lowry;G;36:18;4;9;2;5;2;2;2;4;6;9;3;1;3;4;12;
Steve Novak;;19:02;1;4;1;4;0;0;1;2;3;2;0;0;0;2;3;
Tyler Hansbrough;;18:52;2;5;0;0;4;6;4;2;6;0;0;0;2;3;8;
Terrence Ross;;24:32;4;7;1;4;2;2;1;2;3;1;0;0;0;2;11;
Julyan Stone;;6:16;0;0;0;0;0;0;0;1;1;1;0;0;0;0;0;
D.J. Augustin;;5:26;1;1;1;1;0;0;0;1;1;2;0;0;1;0;3;
