11-15;CHI-TOR;96-80;
27-16;18-15;29-23;22-26;
CHI
Luol Deng;F;37:43;8;15;2;4;1;1;0;9;9;3;0;0;3;4;19;
Carlos Boozer;F;29:10;7;16;0;0;0;0;2;6;8;6;0;0;3;4;14;
Joakim Noah;C;33:13;7;10;0;0;4;4;3;6;9;3;1;0;3;2;18;
Jimmy Butler;G;33:45;3;7;2;3;6;6;2;5;7;2;1;1;1;2;14;
Kirk Hinrich;G;39:58;4;11;2;7;2;3;1;2;3;4;2;1;2;3;12;
Mike Dunleavy;;28:24;1;6;1;2;2;2;0;2;2;2;0;0;0;1;5;
Taj Gibson;;21:19;3;8;0;0;0;0;1;5;6;1;1;2;1;4;6;
Nazr Mohammed;;6:44;1;2;0;0;0;0;1;0;1;0;1;1;0;0;2;
Marquis Teague;;8:02;2;5;0;0;0;1;1;1;2;0;0;0;2;1;4;
Tony Snell;;1:18;0;0;0;0;2;2;0;1;1;0;0;0;0;0;2;
Erik Murphy;;0:24;0;0;0;0;0;0;0;0;0;0;0;0;0;0;0;
TOR
Rudy Gay;F;32:12;7;15;1;1;5;6;2;7;9;1;0;1;4;2;20;
Amir Johnson;F;20:32;1;3;0;1;1;2;1;3;4;1;2;3;4;3;3;
Jonas Valanciunas;C;28:16;2;5;0;0;0;0;2;6;8;2;0;0;2;4;4;
DeMar DeRozan;G;37:19;13;22;4;6;7;10;0;1;1;1;0;0;3;3;37;
Kyle Lowry;G;37:49;3;15;0;7;0;0;1;2;3;8;3;0;1;3;6;
Terrence Ross;;16:04;0;4;0;2;0;0;1;3;4;2;0;1;1;1;0;
Tyler Hansbrough;;19:29;1;4;0;0;4;4;1;4;5;0;0;0;0;2;6;
Quincy Acy;;18:35;2;6;0;0;0;0;3;3;6;2;1;1;0;1;4;
Steve Novak;;4:36;0;1;0;0;0;0;0;0;0;0;0;0;0;0;0;
Dwight Buycks;;17:37;0;5;0;4;0;0;0;2;2;1;0;0;1;2;0;
Landry Fields;;6:13;0;2;0;0;0;0;0;1;1;1;2;0;0;0;0;
Julyan Stone;;1:18;0;0;0;0;0;0;0;0;0;0;0;0;0;0;0;
