11-27;GSW-DAL;99-103;
22-28;24-27;25-27;28-21;
GSW
Harrison Barnes;F;41:10;3;11;0;2;3;4;1;3;4;0;1;0;1;2;9;
David Lee;F;29:57;7;14;0;0;6;8;3;9;12;3;0;0;0;1;20;
Andrew Bogut;C;27:46;4;6;0;0;0;2;3;7;10;1;0;0;1;1;8;
Klay Thompson;G;37:52;5;16;3;9;7;8;1;9;10;2;0;0;4;2;20;
Stephen Curry;G;42:24;9;19;6;10;5;5;0;4;4;8;1;0;6;3;29;
Jermaine O'Neal;;17:12;2;4;0;0;2;3;1;6;7;0;0;3;1;2;6;
Draymond Green;;27:45;0;3;0;2;1;2;1;4;5;3;0;3;4;3;1;
Nemanja Nedovic;;12:13;1;2;0;0;2;2;0;0;0;1;0;0;1;1;4;
Marreese Speights;;3:41;1;1;0;0;0;0;0;0;0;0;0;0;0;0;2;
DAL
Shawn Marion;F;31:10;4;10;1;3;2;2;1;4;5;0;1;0;0;4;11;
Dirk Nowitzki;F;32:53;11;19;0;2;0;0;0;6;6;3;2;1;0;1;22;
Samuel Dalembert;C;27:08;4;6;0;0;3;3;1;5;6;0;1;3;0;2;11;
Monta Ellis;G;31:54;2;16;0;1;0;0;1;1;2;10;2;0;3;2;4;
Jose Calderon;G;27:43;5;10;2;4;0;0;0;2;2;3;0;0;1;2;12;
Vince Carter;;26:38;3;10;1;3;0;0;1;4;5;2;0;0;1;2;7;
DeJuan Blair;;20:45;5;10;0;0;1;2;7;2;9;1;2;0;1;5;11;
Jae Crowder;;18:23;4;7;3;4;1;1;1;5;6;2;0;0;0;0;12;
Shane Larkin;;16:58;3;8;0;1;1;2;0;2;2;6;1;0;0;2;7;
Wayne Ellington;;6:28;3;3;0;0;0;0;0;0;0;0;0;0;0;2;6;
