02-05;TOR-SAC;101-109;
23-30;29-37;20-25;29-17;
TOR
Terrence Ross;F;21:18;3;9;1;4;0;0;0;1;1;2;0;0;1;1;7;
Amir Johnson;F;18:23;1;3;0;0;1;2;2;1;3;1;1;0;3;3;3;
Jonas Valanciunas;C;20:44;5;8;0;0;2;4;3;8;11;0;0;3;2;5;12;
DeMar DeRozan;G;37:37;5;17;1;4;7;7;2;4;6;4;2;0;3;4;18;
Kyle Lowry;G;40:45;7;16;2;6;5;6;2;5;7;8;1;2;3;6;21;
Charles Hayes;;17:22;2;3;0;0;1;1;2;3;5;3;2;0;0;6;5;
John Salmons;;15:51;0;4;0;2;0;0;1;0;1;0;0;0;0;3;0;
Patrick Patterson;;23:02;6;9;2;2;0;0;1;3;4;3;1;0;1;0;14;
Greivis Vasquez;;26:25;1;4;1;1;2;2;1;1;2;4;0;0;2;6;5;
Tyler Hansbrough;;6:30;2;4;0;0;0;1;2;0;2;0;0;0;2;1;4;
Steve Novak;;12:04;4;7;3;6;1;1;0;2;2;0;0;1;0;0;12;
SAC
Rudy Gay;F;42:38;7;17;0;2;10;11;1;9;10;3;4;1;3;4;24;
Jason Thompson;F;27:09;3;8;0;0;3;4;6;4;10;1;0;1;0;2;9;
DeMarcus Cousins;C;38:09;8;19;0;0;9;14;5;5;10;4;1;2;2;4;25;
Marcus Thornton;G;16:21;4;9;2;4;2;3;1;0;1;1;0;0;0;1;12;
Isaiah Thomas;G;38:11;4;12;0;2;15;16;0;3;3;5;2;0;3;3;23;
Quincy Acy;;19:57;1;2;0;0;0;0;0;1;1;1;0;0;0;3;2;
Travis Outlaw;;16:05;0;3;0;1;0;0;0;1;1;0;0;0;1;2;0;
Ben McLemore;;24:21;2;5;1;1;1;2;1;2;3;0;2;0;0;2;6;
Jimmer Fredette;;15:25;2;5;1;2;0;0;0;0;0;0;1;0;1;1;5;
Carl Landry;;1:44;1;1;0;0;1;1;1;1;2;0;0;0;0;1;3;
