11-20;WAS-CLE;98-91;
30-19;26-19;24-21;18-32;
WAS
Martell Webster;F;36:07;5;11;2;8;3;3;2;2;4;5;1;0;1;1;15;
Nene;F;37:45;10;16;0;0;4;4;1;7;8;6;1;1;1;5;24;
Marcin Gortat;C;31:52;3;7;0;0;2;2;2;4;6;3;0;2;0;1;8;
Bradley Beal;G;40:46;9;20;6;7;2;2;3;4;7;7;0;0;6;3;26;
John Wall;G;40:48;6;16;0;1;3;3;0;4;4;10;4;0;3;1;15;
Jan Vesely;;21:47;2;3;0;0;0;0;4;4;8;0;0;2;3;3;4;
Garrett Temple;;19:45;2;5;0;2;0;0;2;0;2;0;0;0;0;2;4;
Trevor Booker;;3:58;1;2;0;0;0;0;0;0;0;0;0;0;0;1;2;
Eric Maynor;;7:12;0;4;0;1;0;0;1;4;5;0;0;0;0;0;0;
CLE
Earl Clark;F;28:47;1;6;1;3;0;2;0;8;8;3;0;0;3;1;3;
Tristan Thompson;F;23:31;0;5;0;0;2;2;2;2;4;0;0;0;2;1;2;
Andrew Bynum;C;12:33;1;3;0;0;0;0;0;1;1;0;0;0;1;0;2;
CJ Miles;G;2:32;0;1;0;0;0;0;0;0;0;0;1;0;0;0;0;
Kyrie Irving;G;29:38;9;14;3;4;7;7;0;0;0;6;1;0;3;3;28;
Dion Waiters;;30:16;2;13;0;2;7;8;1;2;3;3;1;0;3;3;11;
Jarrett Jack;;28:23;6;10;2;4;0;0;0;1;1;6;1;0;1;0;14;
Matthew Dellavedova;;26:43;3;6;3;6;0;0;1;2;3;0;0;0;1;4;9;
Anderson Varejao;;35:15;7;10;0;0;0;0;5;6;11;0;1;0;1;5;14;
Alonzo Gee;;8:11;0;2;0;2;0;0;0;1;1;1;0;0;0;0;0;
Sergey Karasev;;1:48;0;1;0;1;2;2;0;0;0;0;0;0;0;0;2;
Henry Sims;;6:35;3;4;0;0;0;0;3;2;5;0;0;0;0;1;6;
Anthony Bennett;;5:48;0;2;0;1;0;0;1;0;1;0;0;0;0;2;0;
