04-01;GSW-DAL;122-120;
30-21;23-41;32-19;23-27;14-12;
GSW
Andre Iguodala;F;40:37;7;9;2;3;0;1;2;6;8;7;1;0;0;0;16;
Draymond Green;F;42:05;4;9;1;1;0;0;1;6;7;6;2;1;2;3;9;
Jermaine O'Neal;C;33:14;9;12;0;0;2;4;4;4;8;0;0;1;1;1;20;
Klay Thompson;G;47:10;11;24;4;9;1;1;0;5;5;5;1;0;2;3;27;
Stephen Curry;G;43:07;10;17;3;8;0;0;1;2;3;10;2;0;1;2;23;
Marreese Speights;;17:06;4;7;0;0;0;0;2;7;9;1;0;0;4;3;8;
Harrison Barnes;;13:05;0;0;0;0;0;0;0;0;0;1;0;1;1;1;0;
Steve Blake;;13:03;0;3;0;3;0;0;0;0;0;3;0;0;1;1;0;
Jordan Crawford;;15:33;7;10;5;7;0;0;0;4;4;0;0;0;0;2;19;
Hilton Armstrong;;0:00;0;0;0;0;0;0;0;0;0;0;0;0;0;0;0;
DAL
Shawn Marion;F;35:55;4;8;0;0;0;0;4;6;10;2;0;1;1;1;8;
Dirk Nowitzki;F;39:40;13;21;6;8;1;3;1;10;11;3;2;1;0;0;33;
Samuel Dalembert;C;7:04;1;2;0;0;0;0;2;1;3;0;0;0;0;1;2;
Monta Ellis;G;42:41;11;23;2;5;3;4;1;1;2;6;2;1;2;0;27;
Jose Calderon;G;36:38;3;9;1;4;1;1;0;2;2;6;0;0;3;2;8;
Vince Carter;;30:58;4;13;3;7;1;2;2;2;4;4;2;1;0;2;12;
Brandan Wright;;25:23;5;6;0;0;4;4;4;1;5;0;0;1;1;0;14;
Devin Harris;;16:22;3;7;2;4;2;2;0;1;1;4;0;0;0;3;10;
Jae Crowder;;19:01;0;3;0;2;0;0;0;2;2;2;0;0;0;0;0;
DeJuan Blair;;11:19;3;4;0;0;0;0;1;2;3;0;1;0;1;3;6;
