11-20;POR-MIL;91-82;
23-24;30-27;17-13;21-18;
POR
Nicolas Batum;F;35:28;3;6;2;4;0;2;1;7;8;8;2;1;1;2;8;
LaMarcus Aldridge;F;35:11;10;22;0;1;1;2;3;4;7;3;2;1;2;1;21;
Robin Lopez;C;30:43;3;7;0;0;2;2;5;3;8;1;1;1;1;2;8;
Wesley Matthews;G;32:22;6;15;3;9;0;0;1;2;3;3;1;0;2;2;15;
Damian Lillard;G;37:30;7;18;2;7;3;3;0;6;6;3;1;1;3;2;19;
Mo Williams;;23:02;2;6;1;4;0;0;1;0;1;6;2;0;4;3;5;
Joel Freeland;;16:28;0;2;0;0;2;2;4;1;5;1;1;1;1;1;2;
Thomas Robinson;;12:49;1;4;0;0;2;4;1;1;2;1;0;0;1;1;4;
Dorell Wright;;16:27;3;6;3;6;0;0;0;5;5;0;0;0;1;0;9;
MIL
Caron Butler;F;28:57;4;10;1;3;0;0;0;7;7;1;0;0;0;3;9;
Ekpe Udoh;F;19:21;0;1;0;0;0;0;0;0;0;0;0;0;2;3;0;
Zaza Pachulia;C;28:20;4;10;0;0;3;4;4;4;8;0;1;1;3;3;11;
O.J. Mayo;G;24:35;3;8;1;2;2;2;1;2;3;1;0;0;4;1;9;
Luke Ridnour;G;29:47;6;14;0;1;1;3;2;3;5;5;1;0;1;1;13;
John Henson;;25:47;5;11;0;0;0;0;2;5;7;2;2;2;2;2;10;
Ersan Ilyasova;;21:42;2;8;1;3;0;0;2;3;5;4;2;1;1;3;5;
Khris Middleton;;19:53;4;4;0;0;0;0;0;2;2;0;0;0;2;3;8;
Gary Neal;;23:25;4;9;2;5;1;1;1;3;4;1;0;0;1;0;11;
Nate Wolters;;18:13;3;5;0;0;0;2;0;1;1;4;0;1;3;0;6;
