12-01;POR-LAL;114-108;
32-24;21-26;41-24;20-34;
POR
Nicolas Batum;F;36:02;4;9;1;5;0;1;2;7;9;9;1;0;1;1;9;
LaMarcus Aldridge;F;35:32;11;19;0;0;5;6;0;9;9;3;0;0;1;2;27;
Robin Lopez;C;28:34;4;9;0;0;4;4;6;6;12;0;1;0;1;5;12;
Wesley Matthews;G;36:22;4;8;3;5;6;7;0;2;2;3;3;0;3;3;17;
Damian Lillard;G;37:34;7;19;4;9;8;9;0;5;5;9;1;1;2;2;26;
Joel Freeland;;16:18;3;6;0;0;0;0;2;3;5;1;0;0;0;1;6;
Mo Williams;;23:59;3;8;1;1;2;2;0;2;2;2;0;0;3;3;9;
Dorell Wright;;12:46;1;4;0;3;2;3;2;1;3;0;0;0;1;2;4;
Thomas Robinson;;12:54;1;5;0;0;2;2;3;2;5;1;0;0;0;0;4;
LAL
Wesley Johnson;F;27:05;3;5;1;3;0;0;0;2;2;0;0;3;1;6;7;
Jordan Hill;F;15:59;0;2;0;0;2;2;1;5;6;1;1;0;0;1;2;
Pau Gasol;C;24:30;3;15;0;0;0;0;0;5;5;3;0;1;1;1;6;
Jodie Meeks;G;34:38;6;14;3;8;5;6;0;3;3;3;0;0;1;2;20;
Steve Blake;G;33:31;5;12;3;7;0;0;1;1;2;9;0;0;3;2;13;
Shawne Williams;;28:34;2;5;0;3;0;0;3;5;8;1;1;0;0;6;4;
Nick Young;;22:16;7;14;1;3;2;2;0;3;3;2;2;0;2;1;17;
Xavier Henry;;29:01;9;12;2;4;7;11;1;4;5;1;1;0;1;2;27;
Jordan Farmar;;0:56;0;0;0;0;0;0;0;0;0;1;1;0;0;0;0;
Robert Sacre;;23:30;5;8;0;0;2;2;3;4;7;4;2;3;0;0;12;
