02-22;BOS-SAC;98-105;
16-23;27-28;27-26;28-28;
BOS
Jeff Green;F;43:00;7;25;2;9;13;18;0;6;6;2;0;0;2;3;29;
Brandon Bass;F;30:01;4;10;0;0;4;6;1;2;3;1;1;0;2;2;12;
Kris Humphries;C;36:26;9;15;0;0;1;1;4;4;8;4;2;2;3;3;19;
Gerald Wallace;G;26:60;3;7;1;1;1;2;1;2;3;2;1;0;1;2;8;
Phil Pressey;G;17:32;1;4;0;1;0;0;1;3;4;2;1;0;1;2;2;
Jerryd Bayless;;30:28;6;14;0;3;4;7;1;1;2;4;2;0;4;1;16;
Kelly Olynyk;;19:19;1;4;1;2;1;2;2;4;6;2;0;0;1;3;4;
Chris Johnson;;26:00;2;5;2;5;0;0;1;3;4;0;1;0;0;3;6;
Joel Anthony;;10:14;1;3;0;0;0;0;4;2;6;0;0;1;0;0;2;
SAC
Rudy Gay;F;31:08;8;18;2;3;4;4;0;7;7;2;0;0;3;5;22;
Jason Thompson;F;26:05;5;7;0;0;0;0;1;5;6;1;2;1;1;1;10;
DeMarcus Cousins;C;33:45;4;8;0;0;5;8;1;6;7;2;2;0;6;6;13;
Ben McLemore;G;27:13;4;9;1;3;2;2;1;3;4;0;0;0;1;3;11;
Isaiah Thomas;G;36:47;6;12;0;1;9;10;0;4;4;12;0;1;4;2;21;
Derrick Williams;;24:16;4;7;0;0;2;2;0;2;2;1;0;0;0;1;10;
Carl Landry;;24:52;4;6;0;0;2;2;0;6;6;0;1;0;1;4;10;
Ray McCallum;;11:13;0;1;0;0;0;0;0;0;0;0;1;0;0;2;0;
Quincy Acy;;11:09;1;2;0;0;0;0;0;0;0;0;0;0;0;0;2;
Travis Outlaw;;13:32;2;3;2;2;0;0;0;2;2;0;0;1;1;3;6;
