02-05;MIA-LAC;116-112;
36-24;26-31;27-20;27-37;
MIA
LeBron James;F;40:47;11;20;3;7;6;8;1;7;8;12;3;1;7;2;31;
Shane Battier;F;27:29;5;9;4;8;0;0;1;0;1;2;0;0;0;4;14;
Chris Bosh;C;33:23;6;15;2;6;1;2;1;7;8;4;2;0;0;5;15;
Dwyane Wade;G;35:08;5;8;0;0;4;4;0;3;3;8;0;0;2;3;14;
Mario Chalmers;G;26:21;4;7;2;3;0;0;0;0;0;3;2;0;4;5;10;
Chris Andersen;;26:39;4;5;0;0;4;6;2;5;7;0;0;2;0;5;12;
Ray Allen;;27:13;4;8;2;5;5;5;0;0;0;2;1;0;2;3;15;
Norris Cole;;17:13;1;5;0;2;1;1;1;0;1;2;3;0;0;3;3;
Greg Oden;;5:43;1;1;0;0;0;0;1;2;3;0;0;2;0;2;2;
Toney Douglas;;0:05;0;0;0;0;0;0;0;0;0;0;0;0;0;0;0;
LAC
Matt Barnes;F;40:19;4;11;1;5;3;4;5;2;7;4;2;0;2;4;12;
Blake Griffin;F;42:17;16;34;1;3;10;17;9;6;15;6;0;0;4;5;43;
DeAndre Jordan;C;40:32;6;8;0;0;4;5;5;11;16;0;1;1;3;3;16;
Jamal Crawford;G;46:38;9;21;5;11;8;8;0;3;3;6;3;0;5;4;31;
Darren Collison;G;37:54;1;6;0;3;3;4;1;4;5;9;1;1;3;1;5;
Jared Dudley;;17:39;1;5;0;3;1;2;1;4;5;1;0;0;0;3;3;
Willie Green;;11:03;0;1;0;0;2;2;0;1;1;0;1;0;2;3;2;
Hedo Turkoglu;;2:20;0;0;0;0;0;0;0;0;0;0;0;0;1;0;0;
Sasha Vujacic;;1:17;0;0;0;0;0;0;0;0;0;0;0;0;0;1;0;
