01-03;MEM-DEN;108-111;
23-28;25-30;27-19;33-34;
MEM
Tayshaun Prince;F;28:60;5;9;1;1;2;2;1;3;4;3;0;0;1;1;13;
Zach Randolph;F;38:04;10;18;0;0;5;7;5;8;13;2;0;0;1;1;25;
Kosta Koufos;C;22:14;4;6;0;0;3;4;1;4;5;1;1;2;0;5;11;
Tony Allen;G;36:48;3;6;0;0;4;6;1;3;4;2;3;0;4;3;10;
Mike Conley;G;35:40;8;15;3;5;4;5;0;0;0;8;4;0;2;1;23;
Jerryd Bayless;;10:34;0;5;0;3;0;0;0;1;1;2;0;0;0;1;0;
James Johnson;;12:36;1;3;0;0;2;2;2;1;3;2;2;0;2;0;4;
Mike Miller;;16:07;1;3;0;1;2;2;0;0;0;1;0;0;0;2;4;
Ed Davis;;19:00;1;5;0;0;3;6;0;2;2;1;1;0;1;3;5;
Jon Leuer;;15:07;4;6;1;2;2;2;0;3;3;0;0;1;2;3;11;
Nick Calathes;;4:51;0;0;0;0;2;2;0;0;0;1;0;0;0;1;2;
DEN
Wilson Chandler;F;30:52;3;10;2;7;0;0;0;4;4;1;1;0;2;5;8;
Kenneth Faried;F;28:41;7;8;0;0;2;2;2;4;6;1;0;0;2;2;16;
JJ Hickson;C;22:42;3;9;0;0;1;2;1;3;4;1;0;1;1;2;7;
Randy Foye;G;33:30;5;8;2;3;1;2;2;5;7;4;0;0;1;3;13;
Ty Lawson;G;36:40;6;12;1;4;5;6;1;3;4;12;3;1;5;2;18;
Timofey Mozgov;;24:01;7;9;0;0;2;2;3;4;7;1;0;2;1;3;16;
Darrell Arthur;;19:44;3;6;0;0;0;0;0;4;4;0;1;1;1;6;6;
Evan Fournier;;21:07;4;8;1;3;3;3;1;2;3;0;1;0;2;3;12;
Nate Robinson;;22:43;5;10;3;5;2;4;1;1;2;7;1;0;1;2;15;
