02-01;MIA-NYK;106-91;
29-22;24-24;24-25;29-20;
MIA
Shane Battier;F;29:41;5;8;4;7;2;2;1;1;2;2;0;0;1;3;16;
LeBron James;F;39:06;13;22;1;3;3;6;1;7;8;7;6;0;2;3;30;
Chris Bosh;C;37:23;2;11;0;3;0;0;0;10;10;0;1;1;0;1;4;
Mario Chalmers;G;28:04;4;8;1;2;2;2;1;1;2;2;0;0;2;3;11;
Dwyane Wade;G;33:45;10;15;0;2;2;3;1;3;4;4;2;0;5;4;22;
Ray Allen;;15:11;1;4;1;3;0;0;0;1;1;0;0;0;2;1;3;
Chris Andersen;;29:22;2;2;0;0;6;9;2;3;5;0;0;2;0;3;10;
Norris Cole;;25:48;4;5;1;2;0;0;0;1;1;3;1;0;1;2;9;
Toney Douglas;;0:50;0;0;0;0;1;2;1;0;1;0;0;0;0;0;1;
Michael Beasley;;0:50;0;1;0;1;0;0;0;0;0;0;0;0;0;0;0;
NYK
Carmelo Anthony;F;40:51;8;17;1;4;9;13;1;7;8;4;1;0;7;4;26;
J.R. Smith;F;40:14;6;11;4;7;4;8;0;2;2;0;1;0;2;4;20;
Tyson Chandler;C;33:38;4;5;0;0;0;0;4;7;11;0;0;2;1;4;8;
Raymond Felton;G;33:36;3;9;1;3;0;0;0;2;2;4;2;0;4;1;7;
Pablo Prigioni;G;25:32;2;5;2;5;0;0;2;1;3;4;2;0;1;2;6;
Tim Hardaway Jr.;;36:32;7;14;3;7;0;0;0;1;1;1;1;0;1;3;17;
Kenyon Martin;;14:33;2;3;0;0;0;0;2;0;2;1;0;2;1;2;4;
Amar'e Stoudemire;;4:26;1;1;0;0;0;0;0;1;1;0;0;0;0;0;2;
Jeremy Tyler;;8:08;0;2;0;0;1;2;0;2;2;0;0;0;0;1;1;
Toure Murry;;0:50;0;0;0;0;0;0;0;0;0;0;0;0;0;0;0;
Metta World Peace;;0:50;0;0;0;0;0;0;0;0;0;0;0;0;0;1;0;
Cole Aldrich;;0:50;0;0;0;0;0;0;0;1;1;0;0;0;0;0;0;
