02-03;CLE-DAL;107-124;
25-27;27-32;27-35;28-30;
CLE
Luol Deng;F;42:02;8;16;0;4;2;5;4;4;8;3;4;0;2;3;18;
Tristan Thompson;F;38:46;5;10;0;0;7;8;3;5;8;1;0;2;0;4;17;
Anderson Varejao;C;24:47;3;8;0;0;4;4;2;3;5;0;3;0;0;1;10;
Jarrett Jack;G;39:42;5;7;1;2;1;2;0;3;3;8;0;0;3;3;12;
Kyrie Irving;G;39:42;8;18;4;9;7;8;0;3;3;8;0;1;3;2;27;
Anthony Bennett;;26:21;3;8;1;2;4;4;0;1;1;0;1;1;0;6;11;
Dion Waiters;;10:45;0;4;0;2;0;2;0;1;1;1;0;0;0;2;0;
Tyler Zeller;;3:29;1;1;0;0;0;0;1;1;2;0;0;0;1;1;2;
CJ Miles;;12:38;4;7;2;5;0;0;0;0;0;0;1;0;0;2;10;
Henry Sims;;0:54;0;1;0;0;0;0;0;0;0;0;0;0;0;0;0;
Matthew Dellavedova;;0:54;0;0;0;0;0;0;0;0;0;0;0;0;0;0;0;
DAL
Jae Crowder;F;21:52;3;9;0;4;2;2;1;2;3;1;0;0;0;3;8;
Dirk Nowitzki;F;29:34;9;16;3;5;2;2;0;8;8;2;0;0;2;2;23;
Samuel Dalembert;C;24:30;7;8;0;0;4;4;4;4;8;0;0;2;0;2;18;
Monta Ellis;G;33:43;8;12;2;3;4;5;0;2;2;7;2;1;6;5;22;
Jose Calderon;G;32:59;4;7;3;5;0;0;0;2;2;10;0;0;1;0;11;
Wayne Ellington;;19:22;1;5;1;2;0;0;0;3;3;2;1;0;1;1;3;
Vince Carter;;22:04;3;6;1;4;0;0;0;7;7;2;0;2;0;4;7;
Brandan Wright;;22:26;4;7;0;0;6;7;4;3;7;0;1;0;1;1;14;
DeJuan Blair;;9:45;1;2;0;0;0;0;1;3;4;1;0;0;1;3;2;
Devin Harris;;19:06;4;8;2;3;6;6;0;1;1;4;0;0;1;1;16;
Shane Larkin;;3:46;0;0;0;0;0;0;0;0;0;1;0;0;0;1;0;
Bernard James;;0:54;0;0;0;0;0;0;0;0;0;0;0;0;0;0;0;
