11-06;UTA-BOS;87-97;
26-23;8-27;28-34;25-13;
UTA
Richard Jefferson;F;31:58;5;12;0;3;3;4;0;2;2;3;5;0;2;3;13;
Derrick Favors;F;34:15;4;10;0;0;2;5;3;11;14;1;0;3;3;4;10;
Enes Kanter;C;37:34;9;14;0;0;4;5;4;4;8;0;0;0;0;2;22;
Gordon Hayward;G;39:36;12;20;1;2;3;4;2;7;9;5;1;0;2;3;28;
Jamaal Tinsley;G;20:23;0;2;0;1;0;0;0;0;0;4;0;0;2;2;0;
Rudy Gobert;;5:54;0;0;0;0;0;0;0;0;0;0;0;1;1;2;0;
John Lucas III;;13:13;2;4;0;1;0;0;0;1;1;0;0;0;2;1;4;
Alec Burks;;22:16;4;9;0;0;0;0;1;3;4;0;1;0;4;0;8;
Michael Harris;;18:17;1;3;0;0;0;0;1;1;2;0;1;0;3;3;2;
Ian Clark;;16:34;0;6;0;3;0;0;0;2;2;1;0;0;1;2;0;
BOS
Jeff Green;F;36:18;6;13;3;4;3;3;0;3;3;4;1;0;1;1;18;
Brandon Bass;F;31:17;9;15;0;0;2;3;3;1;4;2;0;2;3;4;20;
Vitor Faverani;C;6:04;0;4;0;1;0;0;1;2;3;2;0;0;0;1;0;
Jordan Crawford;G;26:57;3;9;1;3;0;0;0;2;2;4;0;1;0;2;7;
Avery Bradley;G;30:18;3;8;0;2;2;2;2;4;6;1;1;0;2;2;8;
Jared Sullinger;;23:32;6;11;0;2;0;0;0;5;5;0;0;1;2;2;12;
Gerald Wallace;;23:00;3;5;2;2;1;4;0;9;9;3;1;0;3;2;9;
Kelly Olynyk;;29:25;6;14;0;3;2;2;4;4;8;3;1;0;2;3;14;
Phil Pressey;;16:54;1;4;0;2;0;0;0;0;0;3;1;0;0;0;2;
Courtney Lee;;10:33;2;3;1;1;0;0;0;2;2;0;0;0;0;1;5;
Kris Humphries;;5:42;1;3;0;0;0;0;0;0;0;0;0;0;1;0;2;
