12-23;TOR-SAS;99-112;
26-25;23-30;23-23;27-34;
TOR
Terrence Ross;F;33:10;10;16;3;6;0;0;1;2;3;0;0;0;2;2;23;
Amir Johnson;F;28:50;3;7;0;0;1;2;2;6;8;0;0;2;2;4;7;
Jonas Valanciunas;C;27:01;5;9;0;0;0;1;3;6;9;2;0;3;1;2;10;
DeMar DeRozan;G;35:36;5;16;1;4;2;2;1;6;7;3;1;0;3;3;13;
Kyle Lowry;G;39:12;6;15;2;5;9;9;1;3;4;9;1;0;1;2;23;
John Salmons;;19:08;0;1;0;1;0;0;0;5;5;2;0;0;0;3;0;
Patrick Patterson;;18:50;3;7;0;2;1;2;1;1;2;1;2;0;0;1;7;
Greivis Vasquez;;16:54;2;7;1;3;1;2;1;0;1;3;0;0;1;1;6;
Tyler Hansbrough;;15:53;3;3;0;0;4;7;1;0;1;1;0;0;1;1;10;
Charles Hayes;;1:57;0;0;0;0;0;0;0;0;0;0;0;0;0;1;0;
Steve Novak;;3:29;0;0;0;0;0;0;0;0;0;0;0;0;2;1;0;
SAS
Kawhi Leonard;F;31:03;5;12;2;5;1;1;3;7;10;2;1;0;1;1;13;
Tim Duncan;F;28:14;4;15;0;0;1;2;3;9;12;4;0;4;0;3;9;
Tiago Splitter;C;19:57;3;5;0;0;2;4;5;2;7;2;1;0;2;4;8;
Marco Belinelli;G;18:34;2;7;0;5;0;0;0;1;1;1;1;0;2;1;4;
Tony Parker;G;33:37;10;19;1;2;5;7;0;2;2;8;1;0;4;2;26;
Manu Ginobili;;24:42;4;7;1;2;9;9;3;2;5;2;2;0;3;3;18;
Boris Diaw;;27:51;4;9;0;0;1;2;0;4;4;1;0;0;0;2;9;
Danny Green;;23:44;5;8;4;6;0;0;0;2;2;1;0;1;0;3;14;
Patty Mills;;14:12;3;7;1;3;0;0;0;0;0;2;0;1;1;3;7;
Matt Bonner;;7:08;0;0;0;0;0;0;0;2;2;0;0;0;0;0;0;
Jeff Ayres;;9:41;1;2;0;0;2;2;2;3;5;4;1;1;0;0;4;
Aron Baynes;;0:39;0;0;0;0;0;0;0;0;0;0;0;0;0;0;0;
Nando De Colo;;0:39;0;0;0;0;0;0;0;0;0;0;0;0;0;0;0;
