12-19;SAS-GSW;104-102;
18-23;35-28;29-23;22-28;
SAS
Kawhi Leonard;F;35:04;8;14;1;1;4;7;1;9;10;3;1;0;1;0;21;
Boris Diaw;F;32:29;4;9;0;1;1;2;1;2;3;6;1;1;2;2;9;
Aron Baynes;C;8:53;1;5;0;0;0;0;2;1;3;0;0;0;2;0;2;
Danny Green;G;29:51;4;14;3;8;0;0;0;3;3;1;2;1;2;2;11;
Patty Mills;G;34:05;8;17;2;7;2;3;0;5;5;2;3;0;1;1;20;
Marco Belinelli;;28:51;10;16;4;8;4;4;0;2;2;1;0;0;3;2;28;
Tiago Splitter;;27:48;1;7;0;0;2;3;2;3;5;2;2;0;2;0;4;
Cory Joseph;;13:36;2;3;1;1;0;0;1;0;1;2;0;0;4;1;5;
Matt Bonner;;12:39;0;1;0;1;0;0;0;0;0;3;1;0;1;2;0;
Nando De Colo;;5:55;0;1;0;0;0;0;0;2;2;1;0;0;0;0;0;
Jeff Ayres;;10:49;2;2;0;0;0;0;2;3;5;0;0;0;1;1;4;
GSW
Andre Iguodala;F;31:02;3;4;0;1;0;0;1;4;5;2;2;0;4;1;6;
David Lee;F;39:11;13;22;0;0;6;7;7;6;13;2;1;0;1;5;32;
Andrew Bogut;C;32:23;3;3;0;0;2;2;2;16;18;2;2;3;2;1;8;
Klay Thompson;G;40:43;6;18;1;7;0;0;2;0;2;2;2;1;5;4;13;
Stephen Curry;G;40:22;12;28;6;16;0;0;0;2;2;15;4;0;5;1;30;
Harrison Barnes;;19:03;0;3;0;2;0;0;1;3;4;1;1;0;3;2;0;
Marreese Speights;;8:01;2;3;0;0;2;2;0;1;1;0;0;0;1;2;6;
Draymond Green;;16:25;1;4;0;1;0;0;0;2;2;2;2;0;1;3;2;
Toney Douglas;;7:38;1;3;1;3;0;0;0;0;0;0;0;0;0;0;3;
Kent Bazemore;;5:12;1;2;0;1;0;0;0;0;0;0;0;0;2;2;2;
