02-11;UTA-LAL;96-79;
16-27;32-10;20-23;28-19;
UTA
Richard Jefferson;F;19:53;0;4;0;2;2;2;0;1;1;2;0;0;0;0;2;
Marvin Williams;F;22:29;4;8;1;2;0;0;3;4;7;1;0;0;1;0;9;
Derrick Favors;C;27:03;4;9;0;0;3;7;2;8;10;1;1;3;1;3;11;
Gordon Hayward;G;34:46;5;13;2;4;3;4;0;8;8;7;2;0;4;2;15;
Trey Burke;G;28:49;3;11;1;3;1;1;1;3;4;8;1;0;1;1;8;
Alec Burks;;29:21;8;11;1;1;7;11;2;1;3;0;1;0;1;2;24;
Jeremy Evans;;25:31;7;10;0;0;0;0;3;2;5;0;3;2;0;3;14;
Enes Kanter;;20:57;3;7;0;0;0;0;2;9;11;0;0;0;2;1;6;
Brandon Rush;;11:60;1;4;1;3;0;0;0;0;0;0;1;1;0;1;3;
Diante Garrett;;19:11;2;8;0;2;0;0;2;4;6;4;1;0;1;1;4;
LAL
Wesley Johnson;F;37:21;7;14;1;3;0;0;0;6;6;0;0;0;2;3;15;
Shawne Williams;F;36:13;4;8;2;4;1;2;1;5;6;0;0;2;0;3;11;
Chris Kaman;C;36:44;11;24;0;0;3;3;4;10;14;4;1;3;3;3;25;
Steve Blake;G;36:25;2;11;1;4;0;0;2;3;5;8;2;0;1;2;5;
Steve Nash;G;16:35;1;4;0;2;0;0;0;1;1;2;0;0;0;0;2;
Ryan Kelly;;17:54;1;1;0;0;1;3;1;0;1;0;0;1;0;0;3;
Kendall Marshall;;31:59;3;13;0;3;1;1;1;2;3;7;3;0;4;1;7;
Jordan Hill;;17:23;2;6;0;0;3;4;0;1;1;0;0;0;0;2;7;
Robert Sacre;;9:26;2;4;0;0;0;0;1;2;3;0;0;1;1;1;4;
