01-17;MIA-PHI;101-86;
34-24;24-17;21-20;22-25;
MIA
LeBron James;F;36:31;7;13;0;1;7;8;1;7;8;10;2;1;3;3;21;
Shane Battier;F;31:25;5;9;3;7;0;0;1;3;4;0;3;2;0;2;13;
Chris Bosh;C;32:42;11;18;0;0;3;4;3;3;6;4;2;5;3;2;25;
Dwyane Wade;G;25:06;3;6;0;0;2;2;1;1;2;2;1;3;1;3;8;
Mario Chalmers;G;28:09;3;9;2;5;2;2;1;2;3;5;2;0;1;5;10;
Ray Allen;;23:23;1;7;0;4;0;0;0;4;4;5;1;0;4;2;2;
Udonis Haslem;;16:03;0;2;0;0;1;2;4;3;7;1;0;0;1;3;1;
Norris Cole;;26:13;5;9;1;2;2;2;0;2;2;3;0;0;0;0;13;
Rashard Lewis;;13:30;2;4;1;2;0;0;1;1;2;0;1;0;3;5;5;
Michael Beasley;;2:28;0;1;0;0;0;0;0;0;0;0;1;0;1;0;0;
James Jones;;2:20;0;1;0;1;0;0;0;0;0;0;0;1;0;0;0;
Roger Mason Jr.;;2:10;1;1;1;1;0;0;0;0;0;0;0;0;0;0;3;
PHI
Evan Turner;F;29:20;4;8;0;1;3;4;2;4;6;2;1;0;0;3;11;
Thaddeus Young;F;31:54;3;13;0;1;4;6;2;2;4;0;4;1;3;1;10;
Spencer Hawes;C;27:22;5;14;0;2;0;1;4;6;10;4;1;1;3;1;10;
James Anderson;G;25:01;2;5;0;3;0;2;1;2;3;3;2;0;2;2;4;
Michael Carter-Williams;G;24:28;1;7;0;3;5;6;0;1;1;2;1;0;5;2;7;
Tony Wroten;;25:49;4;13;1;5;4;8;1;2;3;3;2;1;3;2;13;
Dewayne Dedmon;;20:38;3;5;0;0;1;3;3;4;7;1;0;1;2;3;7;
Hollis Thompson;;20:42;4;8;1;4;1;1;3;3;6;0;0;0;0;1;10;
Brandon Davies;;16:06;4;7;0;0;1;1;3;1;4;0;0;0;4;0;9;
Elliot Williams;;18:40;1;4;0;1;3;5;0;1;1;1;0;0;1;3;5;
