11-09;DAL-MIL;91-83;
34-19;21-21;13-24;23-19;
DAL
Shawn Marion;F;33:58;6;12;2;2;0;0;1;9;10;3;0;1;1;0;14;
Dirk Nowitzki;F;32:18;5;15;0;5;6;6;0;6;6;0;1;0;1;1;16;
Samuel Dalembert;C;26:05;3;6;0;0;0;0;4;2;6;0;0;2;1;4;6;
Monta Ellis;G;39:51;6;14;0;1;6;7;1;1;2;5;3;0;4;2;18;
Jose Calderon;G;35:36;3;8;3;6;0;0;2;5;7;3;1;0;1;1;9;
Vince Carter;;20:53;4;11;1;4;4;4;1;2;3;3;1;1;5;5;13;
DeJuan Blair;;21:55;3;5;0;0;1;2;3;8;11;1;3;0;3;3;7;
Jae Crowder;;16:24;2;5;0;1;0;0;0;2;2;1;2;1;1;2;4;
Gal Mekel;;13:00;1;2;0;0;2;2;0;0;0;1;0;0;2;0;4;
MIL
Caron Butler;F;38:16;7;19;3;9;2;3;1;12;13;3;2;0;3;2;19;
John Henson;F;26:48;3;8;0;0;2;4;3;2;5;1;0;0;2;3;8;
Zaza Pachulia;C;38:22;1;6;0;0;2;3;2;5;7;1;3;1;3;4;4;
O.J. Mayo;G;36:32;11;20;4;7;2;2;2;4;6;2;0;0;6;5;28;
Nate Wolters;G;35:45;2;6;0;1;1;2;1;2;3;5;2;1;1;2;5;
Gary Neal;;20:19;2;6;2;3;1;2;0;3;3;3;0;0;4;1;7;
Ekpe Udoh;;11:44;0;3;0;0;0;0;1;1;2;0;0;0;0;1;0;
Brandon Knight;;14:42;3;7;0;1;0;0;0;0;0;1;0;0;1;0;6;
Khris Middleton;;17:32;2;6;2;2;0;0;1;2;3;0;0;0;0;3;6;
