02-12;MIA-GSW;111-110;
28-20;29-26;27-36;27-28;
MIA
LeBron James;F;42:16;14;26;4;8;4;7;1;12;13;9;2;0;2;1;36;
Shane Battier;F;16:52;1;3;0;1;0;0;0;2;2;1;0;1;0;1;2;
Chris Bosh;C;37:21;8;14;0;1;3;3;1;4;5;2;0;2;4;2;19;
Toney Douglas;G;10:52;0;1;0;1;1;2;0;3;3;1;1;0;0;2;1;
Mario Chalmers;G;33:30;3;7;2;3;4;4;1;0;1;7;2;0;3;4;12;
Ray Allen;;31:05;3;7;3;5;0;0;0;3;3;3;2;0;0;2;9;
Norris Cole;;25:08;3;6;1;2;3;3;0;1;1;2;1;0;1;1;10;
Chris Andersen;;15:26;3;3;0;0;0;2;1;3;4;0;1;2;0;1;6;
Michael Beasley;;24:11;7;11;0;1;2;2;0;2;2;0;2;0;1;4;16;
Greg Oden;;3:19;0;0;0;0;0;2;0;1;1;0;0;0;1;2;0;
GSW
Andre Iguodala;F;39:32;4;7;1;2;0;0;1;5;6;5;2;0;2;4;9;
Draymond Green;F;31:27;3;7;0;1;2;2;2;6;8;2;2;3;2;0;8;
David Lee;C;32:50;8;15;0;0;5;8;5;6;11;2;2;0;3;3;21;
Klay Thompson;G;35:28;7;15;2;4;1;2;0;3;3;1;2;1;1;2;17;
Stephen Curry;G;39:13;8;14;4;4;9;9;1;4;5;7;1;0;5;3;29;
Harrison Barnes;;30:00;5;11;2;3;2;2;2;3;5;1;1;0;0;4;14;
Marreese Speights;;13:02;1;5;0;0;1;2;0;4;4;2;0;0;0;1;3;
Jordan Crawford;;18:28;4;9;0;2;1;1;0;1;1;2;0;0;0;1;9;
Ognjen Kuzmic;;0:00;0;0;0;0;0;0;0;0;0;0;0;0;0;0;0;
