02-22;MEM-CHA;89-92;
21-28;27-14;15-22;26-28;
MEM
Tayshaun Prince;F;14:14;1;4;0;0;0;1;0;2;2;0;0;1;0;0;2;
Zach Randolph;F;33:19;5;12;0;0;2;4;4;7;11;0;0;0;3;5;12;
Marc Gasol;C;37:36;5;15;0;0;5;6;0;3;3;4;3;1;0;5;15;
Courtney Lee;G;34:40;4;13;1;4;1;1;1;8;9;1;0;0;1;1;10;
Mike Conley;G;32:33;6;16;0;5;4;5;1;4;5;5;1;0;2;1;16;
Nick Calathes;;16:04;2;2;0;0;0;0;0;2;2;4;1;1;3;3;4;
Kosta Koufos;;8:39;2;2;0;0;0;0;0;1;1;1;0;1;1;1;4;
Tony Allen;;24:33;4;7;0;0;1;1;0;6;6;0;1;1;1;2;9;
Mike Miller;;22:02;4;6;3;5;0;0;1;0;1;2;0;0;0;1;11;
James Johnson;;10:18;1;2;0;1;4;4;0;2;2;0;0;0;3;3;6;
Ed Davis;;6:02;0;0;0;0;0;0;0;0;0;0;0;0;1;2;0;
CHA
Michael Kidd-Gilchrist;F;19:21;2;5;0;0;2;2;4;1;5;0;1;1;1;3;6;
Josh McRoberts;F;30:37;3;11;2;5;4;4;0;2;2;3;0;0;1;2;12;
Al Jefferson;C;30:57;2;13;0;0;2;2;0;9;9;1;0;0;2;3;6;
Gerald Henderson;G;29:54;4;9;0;0;1;2;0;5;5;1;0;0;1;2;9;
Kemba Walker;G;41:58;9;20;3;7;10;10;0;8;8;5;1;0;4;2;31;
Anthony Tolliver;;26:48;3;5;3;5;0;0;0;2;2;0;0;0;0;0;9;
Cody Zeller;;17:23;2;6;0;0;3;3;1;1;2;3;1;1;1;3;7;
Ben Gordon;;19:57;1;7;0;1;2;2;2;0;2;2;0;0;1;1;4;
Bismack Biyombo;;17:03;3;3;0;0;0;2;2;5;7;0;0;2;0;2;6;
Jannero Pargo;;6:02;1;3;0;2;0;0;0;0;0;1;1;0;0;0;2;
