12-23;IND-BKN;103-86;
19-17;26-22;30-19;28-28;
IND
Paul George;F;37:36;10;19;4;11;2;2;0;6;6;5;2;0;2;1;26;
David West;F;26:21;6;8;0;0;1;2;0;4;4;1;0;0;4;1;13;
Roy Hibbert;C;29:12;3;6;0;0;2;2;3;6;9;0;0;1;2;4;8;
Lance Stephenson;G;39:12;10;16;4;7;2;2;2;5;7;5;2;0;3;1;26;
George Hill;G;23:30;2;7;0;2;6;6;0;4;4;3;1;0;0;4;10;
Luis Scola;;19:20;2;5;0;0;1;1;2;7;9;0;0;1;2;2;5;
Danny Granger;;14:34;0;7;0;3;0;0;1;1;2;0;0;1;1;2;0;
CJ Watson;;22:38;2;7;1;5;3;3;0;1;1;1;3;0;2;2;8;
Ian Mahinmi;;18:48;3;5;0;0;1;1;0;3;3;1;4;0;0;2;7;
Chris Copeland;;2:19;0;0;0;0;0;0;0;0;0;0;0;0;0;0;0;
Orlando Johnson;;2:19;0;2;0;0;0;0;0;1;1;0;0;0;0;1;0;
Donald Sloan;;2:19;0;1;0;0;0;0;0;0;0;0;0;0;1;0;0;
Rasual Butler;;1:52;0;0;0;0;0;0;0;0;0;0;0;0;0;0;0;
BKN
Alan Anderson;F;26:47;1;3;1;3;2;2;0;2;2;0;1;0;0;1;5;
Mirza Teletovic;F;30:25;3;10;0;5;2;2;1;3;4;3;0;0;2;4;8;
Kevin Garnett;C;18:38;3;10;0;0;6;6;1;4;5;2;2;0;2;3;12;
Joe Johnson;G;34:43;7;13;1;5;2;2;0;2;2;3;0;0;3;0;17;
Deron Williams;G;31:40;3;9;1;2;2;2;0;2;2;8;1;0;4;3;9;
Andray Blatche;;25:42;4;9;0;2;3;4;3;4;7;2;1;0;1;3;11;
Paul Pierce;;15:16;0;7;0;2;0;0;1;1;2;1;0;1;2;1;0;
Shaun Livingston;;20:26;1;2;0;0;4;4;2;2;4;2;1;0;3;2;6;
Mason Plumlee;;21:15;3;6;0;1;1;2;1;5;6;0;0;3;0;1;7;
Jason Terry;;15:08;4;7;3;6;0;1;0;2;2;0;0;0;1;1;11;
