03-19;IND-NYK;86-92;
14-21;21-26;27-20;24-25;
IND
Paul George;F;36:24;4;17;2;9;7;8;0;8;8;3;1;0;4;5;17;
David West;F;36:27;4;9;0;0;0;0;1;5;6;0;0;2;2;1;8;
Roy Hibbert;C;29:53;8;10;0;0;4;4;1;2;3;1;0;0;0;3;20;
George Hill;G;40:12;3;7;1;4;0;0;0;6;6;4;0;1;2;2;7;
Lance Stephenson;G;37:06;8;16;2;7;3;6;2;7;9;2;2;0;3;2;21;
Ian Mahinmi;;13:52;1;3;0;0;1;2;2;3;5;0;0;2;0;3;3;
Evan Turner;;17:20;1;5;0;0;1;1;0;1;1;1;0;0;0;3;3;
Donald Sloan;;6:02;0;1;0;1;0;0;0;0;0;0;0;0;0;0;0;
Luis Scola;;11:33;1;2;0;0;2;4;0;2;2;0;0;0;2;4;4;
Lavoy Allen;;3:52;0;0;0;0;1;2;0;0;0;0;0;0;0;0;1;
Chris Copeland;;7:19;1;3;0;2;0;0;0;0;0;1;0;0;0;2;2;
NYK
Carmelo Anthony;F;42:32;12;23;0;4;10;12;0;3;3;5;3;0;4;4;34;
Amar'e Stoudemire;F;28:51;8;15;0;0;5;6;0;4;4;0;0;0;1;3;21;
Tyson Chandler;C;39:25;2;5;0;0;3;4;6;8;14;0;1;1;2;4;7;
Raymond Felton;G;28:12;4;11;1;2;2;3;1;5;6;6;2;0;1;2;11;
J.R. Smith;G;28:31;3;9;1;3;0;0;1;5;6;2;0;0;1;4;7;
Iman Shumpert;;28:36;1;5;1;2;0;0;1;2;3;1;0;0;0;4;3;
Pablo Prigioni;;19:48;2;5;1;2;0;0;0;2;2;1;0;0;0;2;5;
Tim Hardaway Jr.;;15:15;0;7;0;4;2;2;1;4;5;0;0;0;0;2;2;
Cole Aldrich;;8:50;0;2;0;0;2;2;0;2;2;0;0;1;1;1;2;
Shannon Brown;;0:01;0;0;0;0;0;0;0;0;0;0;0;0;0;0;0;
