03-28;CHA-ORL;105-110;
30-16;20-25;31-33;16-23;8-13;
CHA
Michael Kidd-Gilchrist;F;28:03;5;11;0;0;0;1;3;4;7;1;0;0;0;1;10;
Josh McRoberts;F;35:22;8;16;6;12;2;2;3;4;7;6;1;2;2;3;24;
Al Jefferson;C;41:36;10;16;0;1;0;0;2;6;8;2;4;0;1;4;20;
Gerald Henderson;G;39:50;7;13;0;1;0;0;1;3;4;3;0;1;2;4;14;
Kemba Walker;G;42:29;8;25;2;6;6;7;0;5;5;8;1;0;1;4;24;
Cody Zeller;;17:38;3;5;0;0;3;4;0;2;2;0;0;1;2;0;9;
Chris Douglas-Roberts;;28:05;1;5;0;2;0;0;0;1;1;0;0;1;0;2;2;
Luke Ridnour;;14:42;1;5;0;0;0;0;0;0;0;4;1;0;1;2;2;
Bismack Biyombo;;11:24;0;0;0;0;0;0;0;2;2;0;0;2;1;2;0;
Anthony Tolliver;;5:51;0;1;0;0;0;0;0;0;0;0;0;0;0;0;0;
ORL
Maurice Harkless;F;31:00;4;6;1;2;0;2;0;5;5;1;1;3;1;1;9;
Kyle O'Quinn;F;23:50;5;10;0;0;3;5;5;2;7;3;0;2;0;2;13;
Nikola Vucevic;C;40:17;11;22;0;0;2;2;10;13;23;1;0;0;1;3;24;
Arron Afflalo;G;38:54;3;9;2;4;9;10;0;2;2;1;0;0;3;1;17;
Jameer Nelson;G;32:18;4;9;3;6;0;0;0;4;4;8;0;0;4;1;11;
Andrew Nicholson;;5:25;0;2;0;0;0;0;0;2;2;0;0;0;0;0;0;
Victor Oladipo;;30:28;5;12;0;2;4;6;1;2;3;1;4;1;5;2;14;
Tobias Harris;;36:29;5;11;0;2;5;6;2;5;7;1;0;0;2;4;15;
E'Twaun Moore;;13:26;1;5;0;2;1;2;1;3;4;0;1;0;1;0;3;
Doron Lamb;;12:54;1;1;0;0;2;2;0;0;0;1;0;0;0;0;4;
