11-05;UTA-BKN;88-104;
18-28;20-26;23-31;27-19;
UTA
Richard Jefferson;F;23:18;1;7;0;4;0;0;0;3;3;2;0;0;3;3;2;
Derrick Favors;F;24:29;2;8;0;0;2;2;1;4;5;0;1;0;1;3;6;
Enes Kanter;C;35:01;9;12;0;0;3;4;7;1;8;3;0;0;7;3;21;
Gordon Hayward;G;31:27;8;16;1;3;5;5;1;4;5;4;0;0;2;0;22;
Jamaal Tinsley;G;10:39;1;5;1;5;0;0;0;1;1;0;0;0;1;0;3;
John Lucas III;;34:15;4;12;1;5;0;0;1;6;7;3;1;0;3;1;9;
Alec Burks;;27:42;4;13;0;0;5;9;3;2;5;4;3;0;1;3;13;
Brandon Rush;;9:46;0;0;0;0;0;0;0;0;0;1;0;0;2;2;0;
Rudy Gobert;;15:38;0;4;0;0;0;2;5;6;11;0;0;2;0;6;0;
Michael Harris;;15:45;1;3;0;0;7;8;1;1;2;0;1;1;0;2;9;
Ian Clark;;12:00;1;2;1;1;0;0;0;0;0;0;0;0;0;1;3;
BKN
Paul Pierce;F;22:56;4;7;1;3;2;3;0;5;5;4;2;0;1;0;11;
Kevin Garnett;F;13:36;2;5;0;0;0;0;0;4;4;1;0;0;1;1;4;
Brook Lopez;C;25:00;10;13;0;0;7;9;2;5;7;2;2;1;1;2;27;
Joe Johnson;G;25:29;5;9;2;3;0;0;0;3;3;2;2;0;1;4;12;
Deron Williams;G;24:26;4;6;1;1;1;1;0;1;1;8;2;0;2;2;10;
Andray Blatche;;22:24;4;10;0;0;2;4;1;2;3;0;1;0;3;2;10;
Shaun Livingston;;23:34;3;6;0;0;5;6;1;2;3;3;0;1;1;2;11;
Andrei Kirilenko;;16:53;3;3;0;0;0;1;3;2;5;0;0;0;1;1;6;
Reggie Evans;;13:46;2;4;0;0;1;4;1;2;3;0;0;1;1;5;5;
Jason Terry;;10:31;0;0;0;0;0;0;0;0;0;2;0;0;0;2;0;
Mason Plumlee;;17:25;2;6;0;0;1;2;3;1;4;0;0;0;2;4;5;
Alan Anderson;;12:00;1;4;0;1;0;0;0;0;0;1;2;0;0;1;2;
Mirza Teletovic;;12:00;0;5;0;3;1;2;0;1;1;0;0;0;1;1;1;
