01-02;BKN-OKC;95-93;
29-26;15-33;22-18;29-16;
BKN
Joe Johnson;F;30:21;4;11;1;6;0;0;1;3;4;0;1;0;1;4;9;
Paul Pierce;F;34:09;6;18;1;4;5;5;1;3;4;3;2;1;4;2;18;
Kevin Garnett;C;26:12;2;4;0;0;0;0;1;6;7;1;1;0;3;2;4;
Shaun Livingston;G;33:07;1;7;0;1;3;4;2;3;5;4;1;0;4;0;5;
Deron Williams;G;41:24;10;17;6;9;3;3;0;2;2;4;5;0;4;2;29;
Mason Plumlee;;11:13;1;1;0;0;2;2;2;1;3;1;0;1;1;3;4;
Andrei Kirilenko;;14:53;3;3;0;0;3;4;2;0;2;1;0;0;0;1;9;
Mirza Teletovic;;10:28;1;2;1;2;0;0;0;3;3;0;0;0;0;2;3;
Alan Anderson;;22:15;3;6;0;1;7;9;0;2;2;1;2;0;0;3;13;
Jason Terry;;4:34;0;1;0;1;0;0;0;1;1;0;0;0;0;0;0;
Reggie Evans;;11:24;0;0;0;0;1;4;0;1;1;1;1;0;2;1;1;
OKC
Kevin Durant;F;34:27;8;13;3;7;5;5;0;4;4;4;0;2;5;5;24;
Serge Ibaka;F;34:09;5;9;0;0;0;1;2;9;11;0;2;1;2;1;10;
Kendrick Perkins;C;17:20;3;7;0;0;2;2;1;5;6;1;1;0;1;1;8;
Thabo Sefolosha;G;31:34;2;3;1;2;3;4;1;3;4;1;1;1;4;1;8;
Reggie Jackson;G;29:21;4;13;0;3;1;1;1;2;3;5;0;0;4;4;9;
Steven Adams;;14:14;2;3;0;0;3;4;1;0;1;2;2;0;2;3;7;
Jeremy Lamb;;19:45;3;7;1;2;2;2;0;3;3;2;1;1;2;2;9;
Derek Fisher;;23:09;3;6;1;3;0;0;0;0;0;3;0;0;0;4;7;
Perry Jones;;30:10;4;7;3;5;0;0;0;1;1;2;1;1;1;2;11;
Nick Collison;;5:51;0;0;0;0;0;0;0;0;0;0;1;0;0;0;0;
