10-29;LAC-LAL;103-116;
30-28;27-27;22-20;24-41;
LAC
Jared Dudley;F;22:43;2;6;1;4;0;0;0;3;3;2;0;0;1;4;5;
Blake Griffin;F;40:09;8;15;0;0;3;10;2;5;7;3;1;0;4;1;19;
DeAndre Jordan;C;35:28;8;10;0;0;1;2;4;7;11;1;3;3;1;5;17;
JJ Redick;G;33:49;5;12;2;5;1;1;1;1;2;3;0;0;1;0;13;
Chris Paul;G;35:58;5;13;0;2;5;5;0;6;6;11;5;0;1;4;15;
Matt Barnes;;28:28;3;6;1;3;1;1;2;4;6;3;2;0;3;4;8;
Jamal Crawford;;25:54;5;13;3;6;2;2;1;2;3;3;0;0;3;0;15;
Darren Collison;;12:29;4;5;1;1;0;0;0;1;1;1;0;0;2;2;9;
Ryan Hollins;;3:58;0;2;0;0;0;2;0;1;1;0;0;1;0;1;0;
Reggie Bullock;;1:05;1;1;0;0;0;0;0;0;0;0;0;0;0;0;2;
LAL
Nick Young;F;22:03;3;10;1;4;6;8;0;1;1;0;1;0;2;1;13;
Shawne Williams;F;12:50;1;5;0;3;1;2;1;2;3;0;1;2;1;3;3;
Pau Gasol;C;24:29;5;12;1;2;4;4;1;12;13;4;0;0;5;0;15;
Steve Blake;G;22:25;2;3;2;2;0;0;1;1;2;1;1;0;0;1;6;
Steve Nash;G;20:44;1;3;1;1;0;0;0;1;1;5;0;0;3;3;3;
Chris Kaman;;19:40;5;10;0;0;0;0;4;4;8;0;1;2;1;1;10;
Jodie Meeks;;25:35;4;8;3;6;2;2;0;3;3;2;1;0;2;2;13;
Jordan Farmar;;27:16;6;10;2;3;2;4;2;2;4;6;1;0;3;5;16;
Xavier Henry;;26:24;8;13;3;4;3;8;2;4;6;2;1;0;1;1;22;
Wesley Johnson;;20:32;1;11;1;4;0;0;0;3;3;1;0;1;0;4;3;
Jordan Hill;;18:02;6;8;0;0;0;0;7;1;8;2;1;1;1;2;12;
