12-10;MIA-IND;84-90;
30-19;17-21;17-28;20-22;
MIA
LeBron James;F;38:32;6;16;1;4;4;6;1;13;14;6;2;0;5;3;17;
Shane Battier;F;14:49;2;7;1;6;0;0;1;0;1;0;0;1;0;2;5;
Chris Bosh;C;32:24;6;12;0;3;0;0;1;2;3;1;2;1;2;3;12;
Dwyane Wade;G;34:54;6;14;0;1;5;6;1;5;6;6;3;0;1;1;17;
Mario Chalmers;G;27:52;3;7;1;3;2;2;0;3;3;2;2;1;2;2;9;
Ray Allen;;26:16;1;5;1;1;0;0;0;1;1;2;1;1;1;1;3;
Rashard Lewis;;21:04;1;3;0;2;0;0;0;1;1;0;1;1;0;4;2;
Norris Cole;;23:23;4;5;0;1;1;2;0;1;1;3;1;0;0;2;9;
Chris Andersen;;20:46;4;8;0;0;2;4;2;1;3;0;1;1;1;3;10;
IND
Paul George;F;41:50;4;11;3;6;6;6;0;3;3;4;2;0;6;2;17;
David West;F;32:13;6;8;0;0;5;6;2;7;9;4;0;0;7;3;17;
Roy Hibbert;C;37:20;10;15;0;0;4;6;2;3;5;0;0;1;1;2;24;
Lance Stephenson;G;33:55;5;10;1;3;1;1;0;6;6;5;1;0;2;4;12;
George Hill;G;30:27;2;4;1;2;0;2;2;6;8;6;2;0;1;1;5;
Orlando Johnson;;20:15;1;5;0;2;0;0;1;1;2;1;0;0;0;1;2;
Luis Scola;;15:47;3;5;0;0;1;2;1;5;6;1;0;0;4;4;7;
CJ Watson;;17:33;3;7;0;2;0;0;0;2;2;1;2;0;0;0;6;
Ian Mahinmi;;10:40;0;2;0;0;0;2;1;1;2;0;0;1;0;4;0;
