11-27;NYK-LAC;80-93;
27-29;18-20;23-25;12-19;
NYK
Carmelo Anthony;F;40:32;9;23;0;3;9;10;3;7;10;1;0;0;1;4;27;
Kenyon Martin;F;23:42;3;3;0;0;0;0;2;5;7;5;1;0;0;4;6;
Andrea Bargnani;C;38:46;8;18;0;2;4;4;3;6;9;1;0;4;0;3;20;
Iman Shumpert;G;24:32;1;5;0;2;0;0;2;1;3;2;0;0;1;0;2;
Raymond Felton;G;35:25;5;9;2;4;0;0;0;3;3;7;2;0;4;3;12;
Amar'e Stoudemire;;20:20;2;5;0;0;0;1;0;2;2;0;1;0;2;4;4;
J.R. Smith;;26:18;3;9;1;2;0;0;2;3;5;2;0;1;1;2;7;
Beno Udrih;;3:29;0;0;0;0;0;0;0;0;0;1;0;0;2;2;0;
Metta World Peace;;9:49;0;6;0;4;0;0;0;1;1;0;1;1;1;2;0;
Pablo Prigioni;;9:06;0;2;0;2;0;0;0;4;4;1;1;0;1;2;0;
Tim Hardaway Jr.;;8:02;1;3;0;1;0;0;0;0;0;0;0;0;1;1;2;
LAC
Jared Dudley;F;35:11;2;8;1;6;0;0;1;1;2;3;1;0;0;3;5;
Blake Griffin;F;35:44;6;13;0;0;3;6;3;10;13;2;0;1;3;3;15;
DeAndre Jordan;C;35:09;3;6;0;0;3;6;2;11;13;1;1;1;1;3;9;
JJ Redick;G;23:30;5;10;3;7;2;2;0;2;2;0;0;0;1;1;15;
Chris Paul;G;26:15;4;9;1;5;6;7;1;4;5;7;2;0;2;0;15;
Antawn Jamison;;16:05;3;8;0;0;0;0;0;1;1;0;0;0;1;3;6;
Jamal Crawford;;25:09;3;10;1;5;6;6;0;0;0;2;2;0;1;1;13;
Ryan Hollins;;7:56;1;1;0;0;2;2;0;2;2;0;0;0;2;0;4;
Darren Collison;;22:13;4;7;0;1;1;2;0;3;3;2;2;0;2;2;9;
Reggie Bullock;;12:49;1;2;0;1;0;0;0;1;1;0;0;0;0;1;2;
