04-14;SAS-HOU;98-104;
21-30;22-20;25-26;30-28;
SAS
Damion James;F;28:37;2;5;0;2;2;2;1;8;9;2;0;1;1;2;6;
Tim Duncan;F;29:42;4;10;0;0;4;4;5;4;9;2;0;0;2;0;12;
Aron Baynes;C;21:30;3;6;0;0;0;0;1;2;3;1;0;0;1;5;6;
Marco Belinelli;G;32:59;6;13;2;7;3;4;0;2;2;4;1;0;1;3;17;
Tony Parker;G;25:48;4;9;0;0;2;2;0;4;4;1;2;0;0;0;10;
Manu Ginobili;;21:56;4;12;0;4;2;2;0;3;3;2;0;1;1;2;10;
Jeff Ayres;;19:25;5;7;0;0;2;3;0;3;3;1;0;0;0;2;12;
Matt Bonner;;7:14;1;3;1;1;0;0;0;0;0;0;0;0;0;1;3;
Cory Joseph;;22:12;5;10;0;0;1;1;0;3;3;5;0;0;0;4;11;
Boris Diaw;;24:58;5;11;1;2;0;0;1;5;6;6;0;0;0;3;11;
Austin Daye;;5:39;0;3;0;1;0;0;0;1;1;0;0;0;0;1;0;
HOU
Chandler Parsons;F;39:37;7;17;2;7;5;7;1;6;7;4;0;0;0;1;21;
Terrence Jones;F;39:37;7;12;0;1;6;7;4;7;11;1;2;0;1;1;20;
Dwight Howard;C;31:25;9;11;0;0;2;4;5;12;17;0;0;0;2;3;20;
James Harden;G;35:11;4;16;0;4;8;8;0;2;2;7;1;0;1;4;16;
Patrick Beverley;G;36:19;5;11;1;6;1;1;0;1;1;2;1;0;2;4;12;
Jeremy Lin;;19:05;2;7;1;2;0;0;0;0;0;4;0;0;0;0;5;
Omer Asik;;16:35;3;4;0;0;2;2;1;7;8;0;0;2;0;2;8;
Francisco Garcia;;13:48;1;3;0;0;0;0;0;3;3;0;0;0;0;0;2;
Donatas Motiejunas;;8:23;0;4;0;2;0;0;0;1;1;0;0;0;0;1;0;
