11-06;GSW-MIN;106-93;
26-28;24-19;29-24;27-22;
GSW
Andre Iguodala;F;41:39;8;13;1;3;3;6;1;2;3;6;3;0;3;5;20;
David Lee;F;35:47;10;16;0;0;2;2;2;13;15;1;2;1;5;4;22;
Andrew Bogut;C;16:18;1;2;0;0;0;0;0;5;5;4;0;2;3;6;2;
Klay Thompson;G;37:18;11;21;6;9;2;2;0;2;2;1;1;2;0;4;30;
Stephen Curry;G;24:11;2;8;0;3;1;2;0;1;1;7;1;0;1;1;5;
Jermaine O'Neal;;24:58;1;4;0;0;3;4;1;5;6;1;1;3;1;2;5;
Harrison Barnes;;13:53;6;8;0;0;2;2;0;2;2;1;2;1;2;1;14;
Toney Douglas;;8:51;0;2;0;1;0;0;0;1;1;0;0;0;1;1;0;
Marreese Speights;;15:34;3;7;1;2;1;2;4;4;8;1;0;1;2;2;8;
Draymond Green;;17:07;0;3;0;2;0;0;1;5;6;1;1;1;3;2;0;
Kent Bazemore;;1:30;0;0;0;0;0;0;0;0;0;0;1;0;0;0;0;
Ognjen Kuzmic;;1:27;0;0;0;0;0;0;0;0;0;0;0;0;0;1;0;
Nemanja Nedovic;;1:27;0;0;0;0;0;0;0;0;0;0;0;0;0;0;0;
MIN
Corey Brewer;F;33:19;7;14;1;2;3;3;0;1;1;0;0;0;1;5;18;
Kevin Love;F;37:44;10;25;1;4;4;4;7;9;16;6;2;1;3;0;25;
Nikola Pekovic;C;37:27;4;11;0;0;2;3;2;5;7;3;0;0;2;3;10;
Kevin Martin;G;37:53;7;15;2;5;7;8;0;3;3;2;2;0;3;2;23;
Ricky Rubio;G;32:59;2;8;0;1;3;5;1;3;4;7;1;0;4;3;7;
Jose Juan Barea;;13:34;2;6;0;1;1;2;0;2;2;3;0;0;3;1;5;
Derrick Williams;;18:58;0;6;0;3;0;0;0;2;2;0;1;0;0;1;0;
Gorgui Dieng;;6:17;0;0;0;0;1;2;0;1;1;1;0;2;1;3;1;
Alexey Shved;;4:23;0;2;0;0;0;0;0;2;2;0;0;0;0;0;0;
Dante Cunningham;;13:05;1;2;0;0;0;0;0;1;1;0;0;0;1;1;2;
Robbie Hummel;;1:27;0;0;0;0;0;0;0;0;0;0;0;0;0;0;0;
Shabazz Muhammad;;1:27;1;1;0;0;0;0;0;1;1;0;0;0;0;0;2;
A.J. Price;;1:27;0;0;0;0;0;0;0;0;0;0;0;0;1;0;0;
