03-18;MIA-CLE;100-96;
37-25;22-29;20-25;21-17;
MIA
LeBron James;F;41:40;14;19;6;8;9;13;0;6;6;4;2;3;0;1;43;
Chris Bosh;F;39:01;8;16;2;5;3;4;0;6;6;1;0;1;2;1;21;
Greg Oden;C;14:17;3;6;0;0;0;1;1;2;3;0;2;2;0;2;6;
Toney Douglas;G;21:38;3;7;1;3;2;3;0;2;2;5;0;0;3;4;9;
Mario Chalmers;G;31:44;1;7;1;3;0;0;1;1;2;9;2;0;3;2;3;
Ray Allen;;30:03;5;13;2;9;2;2;2;1;3;2;0;0;3;1;14;
Chris Andersen;;21:24;0;2;0;0;3;6;3;5;8;1;0;1;2;3;3;
Shane Battier;;14:55;0;2;0;1;0;0;0;0;0;0;0;0;0;2;0;
Norris Cole;;17:00;0;3;0;1;1;2;0;0;0;0;4;0;1;1;1;
Udonis Haslem;;8:18;0;0;0;0;0;0;0;6;6;0;0;0;0;1;0;
CLE
Alonzo Gee;F;35:39;5;11;2;6;0;0;1;2;3;2;1;2;1;5;12;
Tristan Thompson;F;21:10;3;4;0;0;4;6;1;3;4;0;1;0;2;3;10;
Spencer Hawes;C;35:27;5;10;0;3;1;2;0;9;9;3;0;1;2;3;11;
Dion Waiters;G;41:28;6;19;1;6;4;5;0;4;4;11;1;0;6;4;17;
Jarrett Jack;G;41:30;8;13;4;6;2;4;0;4;4;4;0;1;3;2;22;
Matthew Dellavedova;;23:26;2;3;0;1;1;1;1;2;3;6;0;0;2;4;5;
Anderson Varejao;;25:47;7;11;0;0;2;2;0;11;11;1;3;1;2;6;16;
Tyler Zeller;;13:36;1;1;0;0;1;2;1;2;3;0;0;0;1;1;3;
CJ Miles;;1:57;0;0;0;0;0;0;0;0;0;0;0;0;0;0;0;
