03-05;IND-CHA;87-109;
8-28;30-19;19-26;30-36;
IND
Paul George;F;33:50;0;9;0;4;2;2;3;4;7;1;0;1;5;4;2;
David West;F;31:08;4;14;0;1;2;3;4;3;7;4;0;0;2;2;10;
Roy Hibbert;C;22:13;2;8;0;0;0;0;2;2;4;0;0;1;1;3;4;
Lance Stephenson;G;34:34;4;9;2;5;2;2;0;8;8;3;0;0;2;2;12;
George Hill;G;31:18;6;10;3;5;2;3;0;3;3;1;0;0;0;2;17;
Donald Sloan;;7:30;0;2;0;1;0;2;0;0;0;1;0;0;1;1;0;
Evan Turner;;31:20;9;12;2;2;2;2;0;2;2;5;0;0;3;3;22;
Ian Mahinmi;;13:47;0;0;0;0;1;2;0;1;1;0;0;0;1;1;1;
Luis Scola;;14:04;3;5;0;0;2;2;0;5;5;3;0;0;1;2;8;
Rasual Butler;;5:28;0;0;0;0;0;0;0;0;0;0;0;0;0;0;0;
Chris Copeland;;12:00;3;5;3;5;2;2;0;2;2;0;0;0;2;2;11;
Lavoy Allen;;2:48;0;2;0;0;0;0;2;0;2;0;0;0;0;0;0;
CHA
Michael Kidd-Gilchrist;F;15:21;1;3;0;0;1;2;0;6;6;0;1;1;0;4;3;
Josh McRoberts;F;34:25;5;12;0;4;2;3;3;2;5;2;1;0;1;4;12;
Al Jefferson;C;35:50;16;25;1;1;1;2;2;6;8;3;1;1;1;3;34;
Chris Douglas-Roberts;G;28:36;4;7;3;3;1;2;0;2;2;3;3;0;0;1;12;
Kemba Walker;G;33:29;7;14;1;1;4;4;1;1;2;9;0;1;2;1;19;
Cody Zeller;;19:34;4;6;0;0;3;4;1;4;5;0;1;2;1;2;11;
Gary Neal;;25:16;3;10;2;4;2;2;0;4;4;1;0;0;1;0;10;
Anthony Tolliver;;26:47;3;5;2;4;0;1;1;2;3;0;1;0;1;3;8;
Bismack Biyombo;;6:11;0;1;0;0;0;0;1;0;1;0;0;0;0;0;0;
Luke Ridnour;;13:02;0;1;0;1;0;0;0;1;1;2;0;0;0;2;0;
Jannero Pargo;;1:29;0;0;0;0;0;0;0;0;0;1;0;0;0;0;0;
