12-02;IND-POR;102-106;
23-20;23-25;26-27;30-34;
IND
Paul George;F;37:59;16;30;7;15;4;4;0;3;3;3;3;0;3;4;43;
David West;F;32:30;6;14;0;1;0;0;2;6;8;5;1;0;1;1;12;
Roy Hibbert;C;36:38;6;13;0;0;4;5;5;9;14;3;0;1;3;5;16;
Lance Stephenson;G;29:05;1;3;0;0;0;0;0;4;4;2;0;0;3;6;2;
George Hill;G;40:33;1;8;1;2;3;4;1;1;2;11;3;0;2;5;6;
Solomon Hill;;4:31;0;0;0;0;0;0;0;0;0;0;0;0;0;0;0;
Luis Scola;;15:31;5;10;0;1;0;0;0;5;5;0;1;0;2;2;10;
CJ Watson;;18:29;3;7;0;0;4;4;1;0;1;0;1;0;1;0;10;
Ian Mahinmi;;11:23;0;0;0;0;0;0;0;4;4;0;0;0;0;4;0;
Orlando Johnson;;13:23;1;3;1;3;0;0;0;1;1;1;0;1;0;1;3;
POR
Nicolas Batum;F;35:43;2;5;1;2;3;4;1;4;5;3;0;0;2;5;8;
LaMarcus Aldridge;F;36:46;11;19;0;0;6;8;0;10;10;3;1;1;0;0;28;
Robin Lopez;C;31:55;2;6;0;0;4;4;1;6;7;2;0;1;1;4;8;
Wesley Matthews;G;35:39;5;11;1;2;4;5;1;0;1;3;2;0;2;0;15;
Damian Lillard;G;37:28;7;17;2;4;10;10;1;5;6;2;0;2;4;2;26;
Mo Williams;;22:42;6;12;1;4;0;0;0;0;0;2;0;0;3;4;13;
Joel Freeland;;16:05;1;1;0;0;0;0;2;2;4;1;0;0;1;1;2;
Thomas Robinson;;11:14;2;3;0;0;0;0;0;5;5;1;0;0;0;3;4;
Dorell Wright;;12:06;0;2;0;1;2;2;0;2;2;0;0;0;0;1;2;
Earl Watson;;0:23;0;0;0;0;0;0;0;0;0;0;0;0;1;0;0;
