01-11;PHX-DET;108-110;
21-35;30-29;28-25;29-21;
PHX
PJ Tucker;F;41:54;6;13;3;5;2;2;4;7;11;0;0;0;1;3;17;
Channing Frye;F;34:05;7;14;5;10;2;4;1;2;3;1;2;0;0;2;21;
Miles Plumlee;C;22:19;6;10;0;0;0;0;2;2;4;2;0;0;1;1;12;
Gerald Green;G;33:18;5;17;1;7;4;5;0;7;7;1;0;2;0;3;15;
Goran Dragic;G;34:40;4;9;2;4;5;6;1;2;3;8;0;0;6;3;15;
Markieff Morris;;8:11;0;4;0;1;0;0;0;1;1;2;0;0;2;0;0;
Leandro Barbosa;;20:29;3;9;1;3;2;2;0;2;2;4;2;1;0;1;9;
Ish Smith;;17:19;1;7;0;1;0;0;0;4;4;6;2;0;0;1;2;
Marcus Morris;;20:41;5;10;1;4;6;6;5;1;6;0;2;0;2;4;17;
Alex Len;;7:04;0;1;0;0;0;0;3;1;4;0;0;0;0;5;0;
DET
Josh Smith;F;37:35;11;16;1;1;2;3;1;10;11;5;0;1;2;4;25;
Greg Monroe;F;27:38;6;14;0;0;8;11;7;5;12;4;1;0;1;1;20;
Andre Drummond;C;27:08;5;9;0;0;3;7;4;9;13;0;3;5;1;0;13;
Kentavious Caldwell-Pope;G;27:03;4;8;1;4;0;0;0;1;1;1;0;0;0;2;9;
Brandon Jennings;G;42:25;4;14;0;5;0;0;2;6;8;18;1;0;3;2;8;
Kyle Singler;;26:23;3;9;0;3;0;0;5;3;8;1;0;1;6;4;6;
Rodney Stuckey;;20:44;3;8;0;0;2;2;0;2;2;1;0;0;1;2;8;
Will Bynum;;23:06;6;11;0;0;4;4;1;1;2;1;2;0;1;3;16;
Charlie Villanueva;;7:59;2;5;1;4;0;0;0;2;2;1;0;0;0;1;5;
