04-02;HOU-TOR;103-107;
25-23;25-32;30-35;23-17;
HOU
Chandler Parsons;F;35:38;8;16;1;3;3;3;1;6;7;3;2;0;4;4;20;
Terrence Jones;F;9:48;0;4;0;0;0;0;1;2;3;0;0;0;1;2;0;
Omer Asik;C;31:53;3;5;0;0;3;6;2;13;15;0;1;0;3;3;9;
James Harden;G;39:37;7;17;2;6;10;12;0;6;6;4;2;0;1;4;26;
Jeremy Lin;G;38:52;6;18;3;7;1;2;1;0;1;7;2;1;2;4;16;
Donatas Motiejunas;;22:41;6;11;0;3;1;1;3;2;5;1;0;0;3;5;13;
Isaiah Canaan;;17:38;2;8;2;5;1;2;1;3;4;1;1;0;0;2;7;
Francisco Garcia;;17:25;2;3;0;0;0;0;0;1;1;2;0;0;0;3;4;
Omri Casspi;;23:17;2;4;1;2;3;4;1;4;5;1;0;0;0;2;8;
Jordan Hamilton;;3:11;0;1;0;0;0;0;0;0;0;0;0;0;1;1;0;
TOR
Terrence Ross;F;34:39;6;12;1;5;1;2;0;9;9;0;0;0;4;3;14;
Amir Johnson;F;2:58;0;0;0;0;0;0;0;2;2;0;0;0;0;0;0;
Jonas Valanciunas;C;29:59;4;7;0;0;7;9;1;5;6;1;1;1;1;3;15;
DeMar DeRozan;G;40:07;10;19;1;3;8;10;0;6;6;4;2;0;2;5;29;
Greivis Vasquez;G;39:54;4;12;4;7;3;4;0;4;4;8;1;0;0;4;15;
Patrick Patterson;;25:40;3;7;1;4;1;3;0;2;2;1;1;1;1;1;8;
John Salmons;;22:05;3;8;2;3;4;4;0;3;3;2;0;0;1;0;12;
Nando De Colo;;12:35;1;4;0;0;2;2;1;0;1;2;0;0;1;2;4;
Tyler Hansbrough;;17:48;2;2;0;0;3;5;1;2;3;2;1;1;2;3;7;
Steve Novak;;14:15;1;4;1;3;0;0;0;0;0;0;1;0;1;4;3;
