01-10;CLE-UTA;113-102;
26-26;20-23;39-21;28-32;
CLE
Luol Deng;F;21:07;4;8;0;0;2;2;0;1;1;0;1;0;4;0;10;
Tristan Thompson;F;34:52;9;12;0;0;0;0;5;10;15;2;0;0;1;3;18;
Anderson Varejao;C;32:59;1;6;0;0;0;0;1;13;14;4;2;1;0;4;2;
CJ Miles;G;23:40;6;7;1;1;4;4;0;1;1;0;1;0;0;1;17;
Kyrie Irving;G;37:02;9;18;3;3;4;5;0;6;6;8;5;0;2;3;25;
Dion Waiters;;30:37;6;13;2;5;3;4;0;1;1;2;0;0;0;3;17;
Tyler Zeller;;22:06;4;8;0;0;2;4;1;5;6;0;0;0;1;3;10;
Jarrett Jack;;25:57;5;6;1;2;1;1;0;0;0;2;0;0;0;1;12;
Matthew Dellavedova;;3:45;0;0;0;0;0;0;0;0;0;1;0;0;0;1;0;
Earl Clark;;5:07;0;3;0;3;0;0;0;0;0;0;0;0;0;1;0;
Alonzo Gee;;0:56;1;2;0;0;0;0;1;0;1;0;0;0;0;0;2;
Anthony Bennett;;0:56;0;0;0;0;0;0;0;0;0;0;0;0;0;0;0;
Sergey Karasev;;0:56;0;0;0;0;0;0;0;0;0;0;0;0;0;0;0;
UTA
Richard Jefferson;F;30:04;6;11;3;4;3;5;0;1;1;4;0;0;2;2;18;
Marvin Williams;F;27:11;1;6;1;2;0;0;0;4;4;0;1;0;0;2;3;
Derrick Favors;C;28:30;5;11;0;0;2;4;2;4;6;0;0;1;1;1;12;
Alec Burks;G;33:25;5;12;2;5;4;7;0;5;5;2;0;0;3;2;16;
Trey Burke;G;32:21;7;15;2;5;1;1;1;1;2;6;2;0;2;4;17;
Brandon Rush;;17:56;1;4;0;2;0;0;0;2;2;3;0;1;1;1;2;
Enes Kanter;;25:02;5;9;0;0;5;8;3;7;10;0;1;1;0;1;15;
John Lucas III;;9:50;4;4;0;0;0;1;0;1;1;1;0;0;1;1;8;
Jeremy Evans;;15:17;3;3;0;0;0;1;2;1;3;1;0;0;0;2;6;
Diante Garrett;;20:24;2;6;1;2;0;0;0;0;0;5;0;0;1;1;5;
