11-07;ATL-DEN;107-109;
26-26;25-28;32-29;24-26;
ATL
DeMarre Carroll;F;29:41;4;9;1;4;1;1;2;3;5;3;2;0;0;2;10;
Paul Millsap;F;34:30;10;15;2;3;7;11;2;8;10;5;2;1;0;4;29;
Al Horford;C;35:07;10;21;0;1;1;1;3;6;9;5;1;4;4;2;21;
Kyle Korver;G;34:21;6;10;2;4;2;2;0;5;5;4;2;2;3;2;16;
Jeff Teague;G;34:23;7;17;0;1;0;0;1;1;2;11;0;0;3;3;14;
Pero Antic;;20:12;2;5;2;5;1;2;2;2;4;1;0;2;1;2;7;
Cartier Martin;;23:06;0;7;0;4;1;2;1;2;3;0;3;0;0;4;1;
Mike Scott;;6:11;1;2;0;1;0;0;1;3;4;0;0;0;0;2;2;
Jared Cunningham;;3:49;0;0;0;0;0;0;0;0;0;0;0;0;0;0;0;
Shelvin Mack;;18:40;3;8;1;3;0;0;1;3;4;2;1;0;0;2;7;
DEN
Jordan Hamilton;F;15:38;2;7;1;5;1;2;0;1;1;1;0;1;0;1;6;
Kenneth Faried;F;26:17;2;6;0;0;0;0;4;5;9;4;1;1;2;2;4;
JaVale McGee;C;23:40;7;13;0;0;0;0;1;2;3;0;1;2;0;3;14;
Randy Foye;G;24:12;4;7;3;5;2;3;1;3;4;2;1;0;3;3;13;
Ty Lawson;G;39:02;9;16;3;5;2;3;1;6;7;8;0;0;3;1;23;
Nate Robinson;;20:37;5;11;4;6;1;2;0;3;3;3;1;0;2;2;15;
Evan Fournier;;24:17;5;10;2;3;0;0;0;3;3;1;0;1;1;1;12;
JJ Hickson;;22:14;1;4;0;0;1;2;1;7;8;0;0;1;2;2;3;
Timofey Mozgov;;18:04;3;4;0;0;4;5;2;4;6;1;0;0;1;0;10;
Andre Miller;;20:41;3;5;1;1;0;0;0;1;1;7;0;1;1;2;7;
Darrell Arthur;;5:17;1;3;0;0;0;0;0;0;0;1;0;1;1;1;2;
