12-27;MIL-BKN;93-104;
18-31;19-17;23-28;33-28;
MIL
Khris Middleton;F;33:15;3;11;2;6;7;7;3;5;8;3;1;1;3;6;15;
Ersan Ilyasova;F;22:06;2;11;0;4;2;2;2;3;5;1;0;0;0;2;6;
John Henson;C;19:48;4;5;0;0;0;0;1;6;7;0;0;1;0;3;8;
Giannis Antetokounmpo;G;33:45;5;12;1;5;5;6;2;8;10;1;0;3;1;3;16;
Brandon Knight;G;28:16;4;13;1;4;2;4;1;1;2;5;2;0;2;2;11;
Caron Butler;;16:30;0;7;0;1;0;0;0;2;2;1;0;0;0;1;0;
O.J. Mayo;;26:55;5;13;3;7;0;0;0;0;0;1;2;0;0;0;13;
Larry Sanders;;22:11;4;5;0;0;2;6;2;5;7;1;1;2;1;6;10;
Nate Wolters;;11:29;2;5;1;2;0;0;0;0;0;2;1;0;2;1;5;
Luke Ridnour;;19:44;3;5;1;3;0;0;1;1;2;5;0;0;0;2;7;
Miroslav Raduljica;;6:01;1;1;0;0;0;0;0;0;0;0;0;0;0;0;2;
BKN
Joe Johnson;F;36:23;2;12;1;4;1;2;0;6;6;5;0;0;1;2;6;
Paul Pierce;F;28:39;4;11;1;4;4;5;0;4;4;3;1;1;2;3;13;
Kevin Garnett;C;17:37;3;5;0;0;4;5;1;4;5;0;0;0;2;1;10;
Shaun Livingston;G;30:15;6;11;0;0;8;8;1;4;5;6;1;1;2;0;20;
Deron Williams;G;29:28;4;9;1;3;0;0;0;2;2;4;2;1;0;4;9;
Mirza Teletovic;;31:22;7;13;5;9;0;0;0;6;6;2;0;1;1;4;19;
Jason Terry;;19:07;4;7;4;5;0;0;0;1;1;1;0;0;0;0;12;
Mason Plumlee;;9:01;2;4;0;0;1;4;1;3;4;0;0;0;1;3;5;
Alan Anderson;;16:07;1;5;0;1;1;2;1;2;3;1;0;0;0;1;3;
Reggie Evans;;20:24;1;2;0;0;3;4;5;8;13;0;1;0;1;5;5;
Tyshawn Taylor;;1:03;0;0;0;0;2;2;0;0;0;0;0;0;0;0;2;
Tornike Shengelia;;0:34;0;0;0;0;0;0;0;0;0;0;0;0;0;0;0;
