11-29;WAS-IND;73-93;
14-28;22-15;20-26;17-24;
WAS
Martell Webster;F;36:38;3;6;2;4;0;0;1;4;5;1;0;0;2;0;8;
Jan Vesely;F;20:29;0;0;0;0;0;0;2;0;2;0;1;2;0;0;0;
Marcin Gortat;C;34:24;6;12;0;0;5;7;1;9;10;1;1;1;2;2;17;
Trevor Ariza;G;33:43;6;14;2;6;0;0;0;4;4;0;1;2;2;1;14;
John Wall;G;34:42;4;14;0;2;0;0;0;3;3;9;0;0;3;2;8;
Garrett Temple;;22:11;1;7;0;2;0;0;1;1;2;0;1;1;3;2;2;
Trevor Booker;;25:04;2;5;0;0;0;1;0;8;8;3;1;1;0;4;4;
Eric Maynor;;8:46;3;4;1;1;1;2;0;0;0;1;0;1;4;1;8;
Kevin Seraphin;;12:07;3;7;0;0;3;3;1;1;2;1;0;0;1;0;9;
Chris Singleton;;8:02;1;3;1;2;0;0;0;1;1;0;0;1;0;0;3;
Glen Rice Jr.;;3:54;0;1;0;1;0;0;0;0;0;0;0;1;0;0;0;
IND
Paul George;F;35:35;10;19;3;4;0;0;1;3;4;4;4;0;0;0;23;
David West;F;27:24;4;9;0;0;0;0;0;5;5;4;1;0;0;0;8;
Roy Hibbert;C;27:55;4;10;0;0;5;6;4;4;8;2;1;1;2;4;13;
Lance Stephenson;G;36:37;3;7;1;3;0;0;3;8;11;10;0;0;8;3;7;
George Hill;G;29:57;5;16;2;8;1;1;1;5;6;3;1;0;2;0;13;
Solomon Hill;;20:44;2;4;2;3;0;0;2;2;4;0;1;0;0;1;6;
Luis Scola;;20:51;4;8;0;0;0;0;0;6;6;0;1;0;2;3;8;
CJ Watson;;15:56;3;5;1;3;0;0;1;1;2;3;1;0;1;0;7;
Ian Mahinmi;;15:56;2;4;0;0;2;2;2;0;2;0;1;0;0;3;6;
Chris Copeland;;3:54;0;1;0;1;0;0;0;0;0;1;0;0;0;1;0;
Orlando Johnson;;3:04;0;1;0;0;0;0;0;0;0;0;1;0;1;0;0;
Donald Sloan;;2:07;1;1;0;0;0;1;0;1;1;0;0;0;0;0;2;
