04-09;PHX-NOP;94-88;
23-14;24-32;24-18;23-24;
PHX
PJ Tucker;F;32:30;6;9;0;1;3;4;1;8;9;1;1;0;0;3;15;
Channing Frye;F;25:45;2;8;0;3;0;0;0;5;5;1;1;1;1;2;4;
Miles Plumlee;C;24:14;1;2;0;0;0;0;1;5;6;1;0;0;1;2;2;
Goran Dragic;G;38:59;8;14;2;3;2;2;0;3;3;9;1;3;2;2;20;
Eric Bledsoe;G;38:07;7;13;1;2;1;2;1;5;6;6;2;2;4;2;16;
Markieff Morris;;28:59;5;12;0;0;0;0;1;5;6;2;0;0;1;2;10;
Gerald Green;;24:13;8;14;4;7;1;2;1;1;2;1;0;0;3;2;21;
Shavlik Randolph;;4:32;0;0;0;0;0;0;1;0;1;0;0;0;0;0;0;
Marcus Morris;;17:47;2;8;2;3;0;0;0;0;0;2;0;0;0;2;6;
Ish Smith;;4:54;0;0;0;0;0;0;0;0;0;0;0;0;0;1;0;
NOP
Darius Miller;F;31:29;5;9;1;4;3;3;1;1;2;2;2;0;1;4;14;
Al-Farouq Aminu;F;21:37;2;8;1;1;0;0;2;3;5;1;1;0;4;1;5;
Greg Stiemsma;C;27:23;2;6;0;0;0;0;0;8;8;0;2;2;0;3;4;
Tyreke Evans;G;29:25;4;11;1;2;1;2;3;5;8;3;0;0;4;3;10;
Brian Roberts;G;20:11;1;8;0;2;0;0;1;3;4;2;0;0;2;1;2;
Austin Rivers;;30:10;4;12;0;1;2;4;0;7;7;8;0;1;1;2;10;
Anthony Morrow;;27:45;5;8;1;1;3;3;0;2;2;4;1;0;0;0;14;
Jeff Withey;;23:37;7;10;0;0;3;3;1;1;2;3;0;1;0;1;17;
Luke Babbitt;;28:25;4;8;2;3;2;2;0;4;4;2;0;1;0;2;12;
