02-21;CLE-TOR;91-98;
22-16;22-23;21-37;26-22;
CLE
Luol Deng;F;38:29;6;15;2;4;7;8;5;6;11;1;2;0;3;2;21;
Tristan Thompson;F;33:45;6;10;0;0;1;3;3;6;9;0;0;0;2;2;13;
Tyler Zeller;C;20:17;4;6;0;0;0;0;3;1;4;0;0;3;0;3;8;
Kyrie Irving;G;41:22;3;16;1;6;10;12;0;3;3;9;0;1;2;1;17;
Jarrett Jack;G;40:50;3;9;1;1;2;2;0;2;2;5;1;0;3;2;9;
Spencer Hawes;;26:28;3;10;1;3;0;0;4;6;10;3;0;3;3;4;7;
Matthew Dellavedova;;13:50;2;7;1;4;0;0;1;1;2;1;1;0;1;3;5;
Anthony Bennett;;15:27;4;6;0;1;1;4;0;3;3;0;1;1;0;0;9;
Alonzo Gee;;9:32;1;3;0;1;0;0;1;2;3;2;0;0;0;1;2;
TOR
Terrence Ross;F;36:55;9;18;2;7;0;0;0;1;1;0;3;0;1;3;20;
Amir Johnson;F;24:44;2;9;0;0;0;0;4;3;7;4;1;2;1;2;4;
Jonas Valanciunas;C;28:45;8;12;0;0;2;3;4;4;8;1;0;2;1;4;18;
DeMar DeRozan;G;38:30;5;14;0;0;4;4;0;4;4;5;0;0;1;1;14;
Kyle Lowry;G;35:15;5;13;1;4;3;4;2;4;6;9;3;0;2;4;14;
Patrick Patterson;;19:35;3;8;2;4;0;0;1;4;5;2;1;0;1;3;8;
Tyler Hansbrough;;16:33;3;3;0;0;0;0;0;7;7;0;0;0;0;3;6;
John Salmons;;18:47;3;8;0;2;0;0;1;0;1;0;0;0;0;2;6;
Greivis Vasquez;;15:18;2;6;2;3;2;2;0;2;2;2;0;0;1;0;8;
Steve Novak;;5:38;0;2;0;1;0;0;0;1;1;0;0;0;0;1;0;
