01-21;MIN-UTA;112-97;
34-16;20-23;30-23;28-35;
MIN
Corey Brewer;F;32:60;7;11;1;3;4;4;0;4;4;2;1;2;0;3;19;
Kevin Love;F;37:54;7;15;1;6;4;5;3;10;13;7;0;0;2;1;19;
Nikola Pekovic;C;32:09;7;14;0;0;4;4;2;7;9;2;0;0;2;4;18;
Kevin Martin;G;27:18;5;16;2;5;6;6;0;4;4;2;1;0;1;2;18;
Ricky Rubio;G;39:05;3;5;1;2;4;4;2;3;5;13;5;0;1;3;11;
Ronny Turiaf;;13:30;1;1;0;0;0;1;0;1;1;0;0;0;0;3;2;
Alexey Shved;;1:51;0;1;0;0;0;0;0;0;0;0;0;0;0;0;0;
Jose Juan Barea;;21:21;6;11;3;5;0;0;0;1;1;3;1;0;1;1;15;
Chase Budinger;;12:39;0;4;0;0;0;0;0;1;1;2;0;0;1;1;0;
Dante Cunningham;;10:06;3;8;0;0;0;0;1;3;4;0;0;0;0;1;6;
Luc Mbah a Moute;;6:25;0;0;0;0;0;0;0;0;0;0;0;0;0;0;0;
Shabazz Muhammad;;2:21;1;2;0;0;0;0;0;0;0;0;0;0;0;0;2;
Gorgui Dieng;;2:21;1;2;0;0;0;0;0;0;0;0;0;0;0;0;2;
UTA
Richard Jefferson;F;17:45;2;5;0;2;0;0;0;2;2;1;1;0;1;3;4;
Marvin Williams;F;18:39;2;6;0;1;0;0;1;3;4;0;0;2;0;4;4;
Enes Kanter;C;20:44;2;8;0;0;0;0;1;5;6;1;0;0;2;3;4;
Gordon Hayward;G;36:20;10;17;2;5;5;6;0;5;5;5;3;0;3;3;27;
Trey Burke;G;29:08;4;10;1;3;0;0;0;2;2;5;0;1;2;2;9;
Alec Burks;;29:20;6;14;1;1;5;6;0;4;4;3;0;0;2;2;18;
Jeremy Evans;;29:21;5;11;0;0;0;0;2;3;5;2;0;0;0;3;10;
Rudy Gobert;;27:16;4;5;0;0;0;0;2;4;6;1;1;3;1;0;8;
Brandon Rush;;7:14;1;3;0;2;0;0;0;2;2;1;0;0;1;0;2;
John Lucas III;;18:52;4;5;0;1;0;0;1;2;3;0;0;0;1;3;8;
Diante Garrett;;3:00;0;0;0;0;0;0;0;1;1;1;0;0;0;0;0;
Ian Clark;;2:21;1;3;1;2;0;0;0;1;1;2;0;0;0;0;3;
