12-26;LAC-POR;112-116;
14-19;32-28;27-29;28-25;11-15;
LAC
Jared Dudley;F;19:35;0;3;0;2;0;0;0;2;2;2;1;0;1;1;0;
Blake Griffin;F;41:15;15;27;1;1;4;5;3;8;11;1;1;2;2;2;35;
DeAndre Jordan;C;41:35;1;6;0;0;0;2;5;14;19;1;1;2;0;6;2;
Jamal Crawford;G;43:22;8;21;4;8;1;2;0;2;2;2;1;0;0;4;21;
Chris Paul;G;44:50;16;29;2;3;0;1;0;3;3;16;6;0;1;1;34;
Antawn Jamison;;10:26;0;4;0;3;0;0;0;1;1;0;0;0;0;0;0;
Willie Green;;8:27;0;1;0;0;0;0;1;0;1;0;0;0;0;0;0;
Matt Barnes;;23:06;5;10;1;3;1;2;2;3;5;0;0;0;1;6;12;
Darren Collison;;23:43;3;8;0;0;0;0;0;1;1;2;0;0;0;1;6;
Ryan Hollins;;8:39;1;1;0;0;0;0;1;2;3;0;1;1;0;1;2;
POR
Nicolas Batum;F;41:18;6;11;2;6;5;5;2;5;7;3;1;1;5;0;19;
LaMarcus Aldridge;F;40:20;15;31;0;1;2;2;3;7;10;4;0;0;0;4;32;
Robin Lopez;C;39:57;4;8;0;0;3;4;7;8;15;1;1;1;2;0;11;
Wesley Matthews;G;38:20;5;12;4;10;5;6;0;7;7;6;0;0;3;1;19;
Damian Lillard;G;41:25;4;12;2;5;4;5;0;5;5;4;0;0;4;1;14;
Mo Williams;;23:40;4;10;4;9;0;0;0;1;1;8;0;0;2;2;12;
Joel Freeland;;12:22;1;3;0;0;0;0;3;5;8;0;0;0;0;0;2;
Dorell Wright;;14:58;2;6;1;4;0;0;0;0;0;2;0;0;0;0;5;
Meyers Leonard;;12:41;1;3;0;1;0;0;0;7;7;1;0;0;0;2;2;
