12-25;OKC-NYK;123-94;
35-29;25-17;27-21;36-27;
OKC
Kevin Durant;F;32:20;10;16;4;6;5;6;0;7;7;6;2;0;2;3;29;
Serge Ibaka;F;27:26;10;14;1;1;3;4;1;2;3;1;1;1;1;1;24;
Kendrick Perkins;C;21:10;2;2;0;0;0;0;0;4;4;1;1;0;0;1;4;
Thabo Sefolosha;G;21:37;1;3;1;2;0;0;0;4;4;3;0;0;0;1;3;
Russell Westbrook;G;29:09;5;15;1;3;3;4;1;12;13;10;1;1;2;2;14;
Nick Collison;;18:39;2;4;0;0;1;2;3;1;4;3;0;1;0;3;5;
Reggie Jackson;;25:24;6;16;3;6;3;3;0;2;2;2;1;0;3;2;18;
Jeremy Lamb;;22:40;5;8;2;4;1;1;0;2;2;3;2;0;1;3;13;
Derek Fisher;;15:16;1;1;1;1;1;2;0;2;2;0;0;0;1;1;4;
Perry Jones;;8:44;0;2;0;1;0;0;1;0;1;0;0;0;0;1;0;
Steven Adams;;12:00;1;1;0;0;3;4;1;1;2;2;0;0;0;3;5;
Andre Roberson;;5:35;2;2;0;0;0;0;1;1;2;1;0;0;0;0;4;
NYK
Andrea Bargnani;F;16:01;4;8;0;0;1;1;0;2;2;1;0;0;1;1;9;
J.R. Smith;F;38:12;8;22;3;9;1;3;0;6;6;3;1;0;2;2;20;
Tyson Chandler;C;29:17;2;5;0;0;1;2;4;5;9;3;2;0;0;3;5;
Iman Shumpert;G;26:41;3;8;1;4;1;2;1;6;7;4;2;0;2;5;8;
Beno Udrih;G;29:53;1;6;0;1;0;0;1;3;4;6;0;0;2;1;2;
Tim Hardaway Jr.;;37:51;8;19;2;7;3;3;1;4;5;2;0;0;0;1;21;
Amar'e Stoudemire;;27:05;10;16;0;0;2;4;2;0;2;1;0;1;2;4;22;
Kenyon Martin;;13:08;0;1;0;0;0;0;0;2;2;0;0;0;0;2;0;
Toure Murry;;14:56;2;5;0;2;2;2;3;1;4;3;0;0;2;2;6;
Cole Aldrich;;5:35;0;0;0;0;1;2;0;1;1;0;0;1;1;1;1;
Chris Smith;;1:21;0;0;0;0;0;0;0;0;0;0;0;0;0;0;0;
