03-12;DAL-UTA;108-101;
23-25;32-28;25-25;28-23;
DAL
Shawn Marion;F;34:07;2;6;0;1;0;0;1;5;6;2;0;0;1;3;4;
Dirk Nowitzki;F;33:19;12;14;4;4;3;3;0;8;8;0;0;0;2;1;31;
Samuel Dalembert;C;15:29;2;3;0;0;0;0;0;4;4;1;0;1;3;5;4;
Monta Ellis;G;35:48;6;15;1;1;3;4;1;6;7;11;1;0;4;1;16;
Jose Calderon;G;31:50;3;8;2;4;2;2;0;1;1;5;0;0;0;1;10;
Vince Carter;;24:13;3;9;2;5;0;0;1;2;3;3;0;0;0;3;8;
DeJuan Blair;;10:08;1;2;0;0;2;2;1;3;4;0;0;0;0;1;4;
Devin Harris;;19:39;5;9;1;3;1;1;0;3;3;3;0;0;3;2;12;
Wayne Ellington;;12:53;4;5;3;3;0;0;1;1;2;1;0;0;0;2;11;
Brandan Wright;;15:07;4;7;0;0;0;0;0;1;1;0;1;1;0;2;8;
Bernard James;;7:27;0;1;0;0;0;0;0;0;0;0;0;0;0;2;0;
UTA
Richard Jefferson;F;29:26;4;12;1;5;3;4;0;3;3;1;0;0;2;0;12;
Marvin Williams;F;21:55;1;4;0;3;0;0;0;1;1;0;1;0;1;1;2;
Derrick Favors;C;27:57;6;8;0;0;3;4;4;1;5;1;1;1;1;4;15;
Gordon Hayward;G;34:48;3;7;1;5;1;2;0;6;6;6;0;0;3;3;8;
Trey Burke;G;35:23;8;18;3;9;1;1;0;1;1;6;0;0;0;0;20;
Jeremy Evans;;18:04;4;7;0;0;1;1;2;4;6;1;0;0;1;3;9;
Alec Burks;;31:46;4;12;0;2;5;6;0;4;4;8;3;0;2;2;13;
Enes Kanter;;28:04;8;13;0;0;2;3;5;6;11;0;0;1;0;2;18;
Diante Garrett;;12:37;2;4;0;2;0;0;0;3;3;0;1;0;1;3;4;
