01-24;DAL-BKN;106-107;
21-18;25-39;24-21;36-29;
DAL
Shawn Marion;F;33:03;2;5;1;1;4;4;2;9;11;3;1;0;2;1;9;
Dirk Nowitzki;F;35:47;5;15;0;2;8;9;3;4;7;3;0;0;3;1;18;
Samuel Dalembert;C;13:52;0;1;0;0;2;2;3;2;5;0;1;0;4;3;2;
Monta Ellis;G;38:18;5;11;2;3;4;6;1;6;7;7;1;0;2;4;16;
Jose Calderon;G;36:20;5;15;3;7;2;2;0;1;1;2;1;0;1;2;15;
Vince Carter;;29:31;8;15;2;4;1;2;1;2;3;3;1;0;2;1;19;
DeJuan Blair;;16:30;2;7;0;0;0;0;3;2;5;0;1;0;1;0;4;
Devin Harris;;15:48;4;6;2;3;4;4;0;0;0;4;0;0;0;6;14;
Shane Larkin;;5:32;0;0;0;0;0;0;2;1;3;0;0;0;0;0;0;
Jae Crowder;;3:36;0;0;0;0;1;2;0;1;1;0;0;0;0;0;1;
Brandan Wright;;11:44;3;3;0;0;2;2;0;0;0;0;0;0;0;3;8;
BKN
Joe Johnson;F;29:05;1;5;1;4;2;2;0;0;0;2;0;0;4;5;5;
Paul Pierce;F;28:22;4;8;0;2;4;7;0;3;3;4;1;1;2;2;12;
Kevin Garnett;C;20:03;5;8;0;0;0;0;1;10;11;1;0;1;2;2;10;
Alan Anderson;G;10:23;0;5;0;4;2;2;0;0;0;0;0;0;0;2;2;
Shaun Livingston;G;23:30;1;3;0;0;2;2;0;2;2;0;1;0;0;4;4;
Andray Blatche;;27:57;4;8;0;1;0;0;1;4;5;2;0;1;1;2;8;
Deron Williams;;34:57;5;8;0;0;8;10;0;3;3;11;0;0;1;5;18;
Andrei Kirilenko;;20:04;2;4;0;0;2;2;0;3;3;1;1;1;1;0;6;
Jason Terry;;18:54;3;6;2;5;0;0;0;2;2;2;3;0;4;3;8;
Mirza Teletovic;;26:45;12;18;7;11;3;3;3;3;6;1;0;1;0;4;34;
