03-11;MIL-MIN;101-112;
33-28;28-27;23-31;17-26;
MIL
Khris Middleton;F;29:10;4;9;1;4;2;2;2;2;4;2;1;0;3;4;11;
John Henson;F;32:29;5;8;0;0;0;2;0;8;8;2;0;2;1;4;10;
Zaza Pachulia;C;27:51;4;7;0;0;1;2;0;6;6;10;0;0;1;2;9;
Nate Wolters;G;31:14;5;6;2;2;2;4;0;3;3;3;0;0;2;3;14;
Brandon Knight;G;32:12;9;17;1;6;2;5;0;1;1;4;1;0;5;2;21;
Giannis Antetokounmpo;;22:00;0;5;0;1;4;4;1;4;5;4;0;0;2;2;4;
Jeff Adrien;;20:09;5;6;0;0;2;4;2;5;7;0;0;2;1;2;12;
Ramon Sessions;;27:38;4;11;1;2;2;2;0;3;3;3;1;0;0;1;11;
Ekpe Udoh;;12:22;0;1;0;0;0;0;0;1;1;1;0;1;0;3;0;
Miroslav Raduljica;;3:09;1;2;0;0;3;4;1;0;1;0;0;0;0;1;5;
Tony Mitchell;;1:46;2;2;0;0;0;0;0;0;0;0;0;0;0;0;4;
MIN
Corey Brewer;F;34:52;1;8;0;0;2;2;1;4;5;3;2;0;1;4;4;
Kevin Love;F;42:19;10;22;3;9;4;7;2;8;10;6;0;3;0;1;27;
Nikola Pekovic;C;22:57;6;9;0;0;2;4;5;3;8;1;1;0;0;5;14;
Kevin Martin;G;30:55;9;18;2;5;6;7;0;2;2;0;1;0;2;2;26;
Ricky Rubio;G;32:38;3;4;1;1;4;4;1;1;2;10;3;0;1;5;11;
Dante Cunningham;;28:58;4;8;0;0;1;2;1;2;3;0;1;1;2;3;9;
Jose Juan Barea;;28:03;7;10;2;3;3;4;1;1;2;4;1;0;1;3;19;
Chase Budinger;;9:31;1;3;0;2;0;0;0;2;2;1;0;0;0;1;2;
Shabazz Muhammad;;4:47;0;1;0;0;0;0;0;0;0;0;0;0;0;0;0;
Gorgui Dieng;;1:46;0;1;0;0;0;0;0;0;0;0;0;0;0;0;0;
Robbie Hummel;;1:46;0;1;0;0;0;0;0;0;0;0;0;0;0;0;0;
Alexey Shved;;1:28;0;0;0;0;0;0;0;0;0;0;0;0;0;0;0;
