04-06;UTA-GSW;102-130;
22-35;30-31;21-35;29-29;
UTA
Richard Jefferson;F;20:24;1;2;0;1;0;2;0;1;1;1;2;1;1;3;2;
Marvin Williams;F;22:04;2;5;1;3;2;2;0;4;4;0;1;0;1;1;7;
Derrick Favors;C;22:35;5;11;0;0;0;0;0;4;4;0;2;0;0;0;10;
Gordon Hayward;G;28:37;4;9;0;0;2;2;0;0;0;3;0;0;4;3;10;
Trey Burke;G;40:12;10;21;2;5;2;2;1;3;4;15;1;0;3;1;24;
Alec Burks;;33:37;5;10;0;1;14;16;0;4;4;5;4;0;2;2;24;
Diante Garrett;;9:32;0;2;0;1;0;0;0;0;0;0;0;0;0;0;0;
Enes Kanter;;22:47;4;11;0;0;0;2;4;8;12;1;0;0;1;2;8;
Jeremy Evans;;22:59;4;8;0;0;0;2;3;2;5;1;2;0;0;1;8;
Ian Clark;;12:00;3;6;1;2;0;0;0;2;2;1;1;0;0;0;7;
Rudy Gobert;;5:13;1;1;0;0;0;0;0;1;1;0;0;0;0;0;2;
GSW
Andre Iguodala;F;21:35;4;6;1;3;2;2;0;1;1;1;1;0;2;0;11;
Draymond Green;F;26:39;5;6;1;1;0;0;0;4;4;1;1;1;2;2;11;
Andrew Bogut;C;22:32;3;4;0;0;0;0;1;10;11;2;1;0;1;4;6;
Klay Thompson;G;30:36;11;20;7;10;4;4;0;3;3;1;1;0;0;1;33;
Stephen Curry;G;29:28;12;18;5;10;2;2;0;1;1;16;3;0;5;2;31;
Jermaine O'Neal;;17:32;3;7;0;0;1;1;3;7;10;2;0;1;0;4;7;
Harrison Barnes;;27:32;5;8;0;2;0;0;0;5;5;1;2;0;0;4;10;
Steve Blake;;24:09;1;3;1;2;0;0;0;0;0;5;0;0;2;1;3;
Jordan Crawford;;18:54;4;8;2;4;0;0;0;2;2;4;0;0;1;0;10;
Marreese Speights;;16:27;4;9;0;1;0;0;1;5;6;0;0;0;3;5;8;
Hilton Armstrong;;4:36;0;1;0;0;0;0;1;1;2;1;0;0;0;0;0;
