01-14;CLE-LAL;120-118;
28-23;29-40;31-22;32-33;
CLE
Luol Deng;F;38:00;9;15;5;5;4;4;1;4;5;4;1;0;2;3;27;
Tristan Thompson;F;37:18;6;15;0;0;3;6;4;9;13;0;1;1;1;3;15;
Anderson Varejao;C;36:46;7;11;0;0;4;4;7;11;18;6;0;0;2;3;18;
CJ Miles;G;14:42;2;6;1;2;0;0;0;1;1;3;1;0;1;2;5;
Kyrie Irving;G;30:08;5;12;2;2;1;2;0;1;1;4;2;0;1;5;13;
Dion Waiters;;23:03;4;11;2;2;7;8;1;1;2;4;2;1;0;3;17;
Tyler Zeller;;16:30;2;5;0;0;4;6;2;2;4;1;0;0;0;2;8;
Jarrett Jack;;18:28;1;5;0;1;2;2;0;2;2;5;1;0;1;1;4;
Matthew Dellavedova;;19:39;4;6;3;5;0;0;0;1;1;0;0;0;0;0;11;
Earl Clark;;5:26;1;2;0;0;0;0;1;0;1;0;0;0;0;0;2;
LAL
Wesley Johnson;F;37:38;7;13;1;5;2;2;1;4;5;4;2;1;1;3;17;
Pau Gasol;F;36:17;9;13;0;0;2;6;2;10;12;3;1;2;4;2;20;
Robert Sacre;C;10:37;2;2;0;0;0;0;0;0;0;0;0;0;0;2;4;
Jodie Meeks;G;41:20;9;14;6;10;2;4;0;3;3;4;0;0;0;1;26;
Kendall Marshall;G;37:36;4;11;2;6;0;0;0;2;2;16;1;0;3;1;10;
Jordan Hill;;20:17;2;4;0;0;0;0;1;5;6;1;0;3;1;5;4;
Nick Young;;32:32;7;16;4;8;10;10;0;1;1;6;0;0;1;3;28;
Ryan Kelly;;12:01;1;5;0;4;1;1;1;2;3;0;0;0;1;2;3;
Chris Kaman;;11:43;3;6;0;1;0;0;1;2;3;1;0;0;1;2;6;
