02-25;ORL-WAS;106-115;
31-35;22-27;27-31;26-22;
ORL
Maurice Harkless;F;38:11;9;13;2;6;2;3;2;3;5;1;0;0;4;3;22;
Tobias Harris;F;32:17;5;11;0;3;1;1;1;3;4;1;0;0;0;2;11;
Nikola Vucevic;C;30:58;9;14;0;0;1;2;4;10;14;2;1;1;3;6;19;
Victor Oladipo;G;35:02;10;20;2;4;4;4;1;1;2;5;1;0;2;4;26;
Jameer Nelson;G;33:06;2;8;1;5;2;2;1;3;4;8;1;0;6;2;7;
E'Twaun Moore;;15:00;1;4;1;2;0;0;0;3;3;1;1;0;1;1;3;
Kyle O'Quinn;;21:16;4;6;0;0;2;2;4;5;9;1;0;1;0;5;10;
Andrew Nicholson;;11:29;1;3;0;0;0;0;2;0;2;1;1;1;0;1;2;
Doron Lamb;;22:41;2;7;2;5;0;0;0;2;2;4;0;0;1;2;6;
WAS
Trevor Booker;F;30:10;1;5;0;0;1;2;3;4;7;1;2;2;4;2;3;
Trevor Ariza;F;32:19;7;10;5;5;3;3;0;3;3;4;3;0;2;2;22;
Marcin Gortat;C;38:19;9;13;0;0;3;5;2;8;10;2;0;0;1;2;21;
Bradley Beal;G;35:34;7;13;1;1;6;9;0;0;0;4;0;0;0;1;21;
John Wall;G;33:55;11;19;2;4;3;4;0;5;5;7;1;0;1;4;27;
Chris Singleton;;13:55;2;6;0;0;0;0;2;3;5;0;0;0;1;1;4;
Martell Webster;;26:38;1;4;0;2;3;3;0;2;2;1;0;0;1;1;5;
Andre Miller;;14:05;1;3;1;1;2;2;2;0;2;3;1;0;1;0;5;
Al Harrington;;13:36;3;7;1;3;0;0;0;2;2;2;1;0;1;2;7;
Garrett Temple;;1:29;0;0;0;0;0;0;0;0;0;0;0;0;0;0;0;
