12-04;DAL-NOP;100-97;
27-24;25-29;23-24;25-20;
DAL
Dirk Nowitzki;F;32:06;7;17;1;3;6;8;0;7;7;3;2;4;1;1;21;
Shawn Marion;F;35:20;4;8;2;3;0;0;1;4;5;1;1;1;1;1;10;
DeJuan Blair;C;29:11;6;10;0;0;0;3;0;4;4;0;0;1;0;4;12;
Jose Calderon;G;31:27;4;11;3;10;1;1;0;0;0;4;2;0;1;0;12;
Monta Ellis;G;39:18;5;13;0;0;4;6;0;6;6;10;3;0;1;0;14;
Vince Carter;;24:06;5;9;3;4;2;2;2;3;5;4;0;0;1;3;15;
Jae Crowder;;14:44;2;6;1;2;2;2;1;2;3;0;0;0;2;3;7;
Samuel Dalembert;;18:49;3;6;0;0;0;0;4;3;7;1;0;1;0;1;6;
Gal Mekel;;10:43;1;4;1;1;0;0;0;0;0;1;0;0;0;2;3;
Wayne Ellington;;4:16;0;2;0;1;0;0;0;1;1;1;0;1;0;1;0;
NOP
Al-Farouq Aminu;F;33:34;8;17;0;1;0;0;4;16;20;1;3;0;3;1;16;
Ryan Anderson;F;41:51;6;19;1;5;5;5;7;7;14;1;0;0;1;2;18;
Jason Smith;C;35:59;6;10;0;0;0;0;3;6;9;1;1;1;2;2;12;
Eric Gordon;G;35:40;6;14;2;5;1;2;1;3;4;2;0;0;3;3;15;
Jrue Holiday;G;36:17;10;17;4;5;2;2;1;3;4;9;0;0;3;4;26;
Tyreke Evans;;22:54;1;9;0;1;6;6;1;3;4;4;1;0;2;1;8;
Anthony Morrow;;10:02;0;5;0;4;0;0;0;0;0;1;0;1;0;0;0;
Lou Amundson;;11:00;0;0;0;0;0;0;1;0;1;1;0;0;2;3;0;
Brian Roberts;;11:43;1;2;0;0;0;0;0;2;2;1;0;0;0;0;2;
Darius Miller;;1:00;0;1;0;1;0;0;0;0;0;0;0;0;0;1;0;
