12-13;MEM-NOP;98-104;
34-26;20-29;11-27;33-22;
MEM
Tayshaun Prince;F;22:42;2;8;0;1;0;0;2;3;5;3;0;0;0;0;4;
Zach Randolph;F;27:39;6;12;0;0;1;2;1;9;10;3;0;0;4;4;13;
Kosta Koufos;C;13:51;3;5;0;0;0;0;2;4;6;0;0;0;0;2;6;
Tony Allen;G;24:24;3;9;0;1;0;0;1;4;5;2;0;0;1;2;6;
Mike Conley;G;35:19;6;16;2;6;4;6;0;1;1;7;0;0;0;1;18;
Jon Leuer;;30:26;8;10;1;2;2;2;3;5;8;1;0;0;1;1;19;
Jerryd Bayless;;21:57;3;6;1;2;0;0;1;0;1;2;2;0;2;3;7;
Mike Miller;;27:19;3;5;2;3;2;2;1;0;1;4;0;0;0;0;10;
Ed Davis;;23:42;5;8;0;0;2;2;1;2;3;0;1;2;2;2;12;
Nick Calathes;;12:41;1;1;0;0;1;3;0;2;2;2;0;0;1;2;3;
NOP
Al-Farouq Aminu;F;32:09;4;8;0;1;2;2;0;5;5;1;0;3;0;0;10;
Ryan Anderson;F;39:26;7;19;2;9;2;2;3;4;7;2;0;1;1;2;18;
Jason Smith;C;32:25;3;7;0;0;1;2;1;4;5;0;0;0;0;1;7;
Eric Gordon;G;36:01;10;12;3;3;2;2;0;4;4;4;1;1;2;0;25;
Jrue Holiday;G;37:04;7;14;3;7;3;4;0;2;2;12;1;0;0;2;20;
Lou Amundson;;18:19;3;4;0;0;1;2;4;3;7;0;0;0;2;3;7;
Tyreke Evans;;12:22;0;0;0;0;6;6;0;0;0;1;1;0;1;1;6;
Anthony Morrow;;18:34;5;9;1;2;0;0;0;0;0;2;0;0;0;1;11;
Austin Rivers;;13:40;0;3;0;0;0;0;0;1;1;0;0;0;0;2;0;
