02-23;WAS-CLE;96-83;
30-27;28-25;20-20;18-11;
WAS
Trevor Ariza;F;34:43;6;10;3;6;0;0;1;9;10;2;1;1;1;1;15;
Nene;F;21:02;4;10;0;0;0;0;1;3;4;4;1;1;2;3;8;
Marcin Gortat;C;33:55;5;14;0;0;3;4;3;10;13;3;0;0;0;2;13;
Bradley Beal;G;37:47;8;15;0;1;1;2;2;3;5;3;2;0;0;2;17;
John Wall;G;34:53;8;18;3;6;2;4;3;0;3;9;1;0;1;2;21;
Trevor Booker;;7:41;1;2;0;0;0;0;1;0;1;0;0;0;0;0;2;
Martell Webster;;22:16;3;8;1;4;0;0;0;2;2;1;1;0;1;1;7;
Kevin Seraphin;;25:13;3;8;0;0;0;0;3;3;6;0;0;1;0;4;6;
Andre Miller;;13:07;1;4;0;0;0;0;0;2;2;3;0;0;0;3;2;
Garrett Temple;;2:06;0;0;0;0;0;0;0;0;0;0;1;0;0;0;0;
Al Harrington;;7:18;2;7;1;3;0;0;1;1;2;1;0;0;0;1;5;
CLE
Luol Deng;F;37:45;4;13;0;2;9;9;1;6;7;2;1;0;0;1;17;
Tristan Thompson;F;31:44;4;9;0;0;3;5;4;8;12;0;0;0;4;2;11;
Tyler Zeller;C;14:21;3;7;0;0;0;0;2;2;4;0;0;1;1;2;6;
Kyrie Irving;G;38:04;6;17;1;5;2;2;1;4;5;5;1;0;3;1;15;
Jarrett Jack;G;38:25;3;11;0;3;0;0;1;3;4;3;0;0;3;2;6;
Anthony Bennett;;16:45;2;3;0;0;0;0;1;3;4;0;0;0;0;1;4;
Spencer Hawes;;32:15;5;10;1;4;5;6;3;9;12;4;0;1;1;1;16;
Matthew Dellavedova;;19:32;1;5;0;4;0;0;0;1;1;0;0;0;0;2;2;
Alonzo Gee;;10:18;2;3;0;0;2;4;0;2;2;1;0;0;0;0;6;
Sergey Karasev;;0:52;0;0;0;0;0;0;0;0;0;0;0;0;0;0;0;
