12-27;DEN-NOP;89-105;
25-34;20-24;21-23;23-24;
DEN
Wilson Chandler;F;37:27;7;20;3;9;5;6;2;7;9;1;1;0;0;2;22;
JJ Hickson;F;36:29;7;9;0;0;2;6;3;7;10;1;1;0;2;4;16;
Timofey Mozgov;C;27:37;4;8;0;0;0;0;4;5;9;0;1;1;0;2;8;
Jordan Hamilton;G;32:10;5;13;2;6;0;2;0;7;7;1;0;1;0;2;12;
Ty Lawson;G;35:39;3;12;0;4;8;8;0;1;1;12;3;0;8;0;14;
Nate Robinson;;15:44;0;3;0;2;0;0;0;0;0;1;1;0;3;1;0;
Anthony Randolph;;19:30;3;7;0;0;2;2;0;4;4;1;1;2;2;2;8;
Andre Miller;;15:10;0;3;0;1;0;0;0;0;0;1;1;0;1;1;0;
Randy Foye;;7:11;0;1;0;0;0;0;0;0;0;1;1;0;0;1;0;
Quincy Miller;;13:03;4;6;1;1;0;0;2;0;2;0;0;0;1;0;9;
NOP
Al-Farouq Aminu;F;30:45;5;8;0;0;1;2;2;6;8;4;1;0;1;2;11;
Ryan Anderson;F;39:30;6;19;4;11;0;0;5;5;10;1;0;0;1;1;16;
Anthony Davis;C;27:50;7;12;0;0;3;6;3;4;7;1;1;4;2;4;17;
Anthony Morrow;G;16:46;3;8;2;5;0;0;0;0;0;1;1;1;2;0;8;
Jrue Holiday;G;29:17;8;13;1;1;0;0;1;3;4;8;4;0;2;5;17;
Alexis Ajinca;;20:10;2;3;0;0;0;0;2;6;8;2;0;1;2;2;4;
Tyreke Evans;;32:17;7;17;1;2;4;4;1;6;7;10;2;0;2;1;19;
Brian Roberts;;19:24;0;4;0;1;0;0;0;4;4;0;1;0;3;1;0;
Darius Miller;;19:09;3;4;3;4;2;3;0;4;4;1;0;1;1;4;11;
Lou Amundson;;4:52;1;1;0;0;0;0;1;0;1;0;0;1;0;1;2;
