04-04;DET-BKN;104-116;
22-22;23-35;24-34;35-25;
DET
Josh Smith;F;30:02;7;13;3;6;0;0;0;4;4;3;0;0;2;1;17;
Greg Monroe;F;25:29;3;11;0;1;0;2;3;6;9;2;0;0;1;2;6;
Andre Drummond;C;42:15;10;14;0;0;3;7;9;9;18;2;1;0;0;3;23;
Kyle Singler;G;38:55;5;9;2;5;4;4;1;0;1;1;2;2;0;1;16;
Brandon Jennings;G;26:39;3;11;2;6;1;2;1;4;5;5;1;0;4;2;9;
Rodney Stuckey;;24:39;5;13;1;3;2;2;0;2;2;3;1;0;2;1;13;
Peyton Siva;;21:21;1;5;0;2;0;0;1;0;1;3;0;0;0;1;2;
Jonas Jerebko;;24:05;6;9;1;3;3;4;3;2;5;4;1;0;0;2;16;
Kentavious Caldwell-Pope;;6:35;1;3;0;1;0;0;1;0;1;0;0;0;0;1;2;
BKN
Joe Johnson;F;24:38;4;7;2;4;0;0;0;4;4;2;0;0;0;0;10;
Paul Pierce;F;25:12;6;9;3;6;2;2;0;3;3;0;0;0;3;4;17;
Mason Plumlee;C;11:53;1;1;0;0;1;2;0;0;0;0;0;0;1;3;3;
Shaun Livingston;G;32:13;11;14;0;0;1;2;1;3;4;6;0;0;2;2;23;
Deron Williams;G;27:14;3;10;1;4;1;1;0;0;0;10;2;0;1;2;8;
Andray Blatche;;19:29;5;7;0;0;4;4;0;3;3;2;0;0;0;1;14;
Andrei Kirilenko;;19:21;0;1;0;0;0;0;0;3;3;4;2;1;0;0;0;
Marcus Thornton;;26:07;6;12;3;6;0;0;0;2;2;3;1;2;0;1;15;
Mirza Teletovic;;22:48;7;11;6;10;0;0;0;1;1;0;1;0;1;2;20;
Jason Collins;;16:38;3;3;0;0;0;0;1;4;5;0;0;0;1;3;6;
Alan Anderson;;9:23;0;0;0;0;0;0;0;1;1;0;0;0;1;1;0;
Jorge Gutierrez;;5:04;0;1;0;1;0;0;0;0;0;1;0;0;0;0;0;
