03-04;PHI-OKC;92-125;
23-37;22-24;31-37;16-27;
PHI
Thaddeus Young;F;22:53;3;13;0;1;0;0;2;2;4;3;0;0;3;5;6;
Hollis Thompson;F;26:00;3;6;0;3;0;0;0;1;1;4;1;0;1;4;6;
Henry Sims;C;26:12;2;5;0;0;6;6;2;3;5;1;0;0;2;3;10;
James Anderson;G;26:52;7;16;6;12;0;1;1;1;2;1;2;0;2;5;20;
Michael Carter-Williams;G;32:37;4;12;1;3;5;8;0;4;4;5;2;0;3;1;14;
Jarvis Varnado;;17:47;3;7;0;0;0;1;4;2;6;0;1;0;1;1;6;
Tony Wroten;;22:05;3;12;0;2;2;5;2;1;3;2;3;0;2;3;8;
Eric Maynor;;12:30;0;4;0;1;0;0;1;0;1;1;1;0;1;1;0;
Elliot Williams;;17:22;2;6;0;3;3;3;0;3;3;1;3;0;1;3;7;
Lorenzo Brown;;7:54;0;2;0;1;0;0;0;3;3;0;0;0;1;0;0;
Byron Mullens;;20:15;5;9;3;4;2;2;1;5;6;2;0;0;0;2;15;
Arnett Moultrie;;7:33;0;2;0;0;0;0;0;0;0;0;0;0;0;0;0;
OKC
Kevin Durant;F;32:49;14;20;2;6;12;18;0;9;9;3;2;1;3;1;42;
Serge Ibaka;F;27:12;5;10;0;0;4;4;1;3;4;1;0;3;2;1;14;
Steven Adams;C;14:58;1;1;0;0;0;4;1;2;3;0;0;0;1;2;2;
Perry Jones;G;28:32;4;6;1;1;3;3;2;4;6;3;0;2;0;1;12;
Russell Westbrook;G;20:17;4;9;1;3;4;4;1;9;10;14;3;0;6;2;13;
Reggie Jackson;;25:26;5;9;0;1;4;4;1;5;6;2;2;0;4;1;14;
Caron Butler;;25:42;1;4;0;2;0;0;0;5;5;1;1;1;1;4;2;
Jeremy Lamb;;14:20;3;8;1;3;0;0;1;1;2;0;3;1;0;0;7;
Nick Collison;;12:31;0;1;0;0;2;2;0;5;5;4;1;0;0;2;2;
Derek Fisher;;12:16;2;4;2;4;2;2;1;1;2;2;0;0;2;1;8;
Hasheem Thabeet;;17:55;3;3;0;0;1;2;1;2;3;0;0;2;2;4;7;
Andre Roberson;;8:02;1;1;0;0;0;0;0;2;2;1;0;0;1;3;2;
