04-06;NYK-MIA;91-102;
26-25;24-23;14-25;27-29;
NYK
Carmelo Anthony;F;44:03;4;17;1;4;4;5;3;2;5;6;2;1;1;2;13;
Amar'e Stoudemire;F;29:41;5;9;0;0;2;2;2;3;5;1;1;1;2;3;12;
Tyson Chandler;C;34:13;4;7;0;0;2;2;3;8;11;0;0;0;1;1;10;
J.R. Smith;G;42:40;11;28;10;22;0;0;0;5;5;3;2;0;2;5;32;
Raymond Felton;G;30:44;6;12;2;5;1;2;1;1;2;5;4;0;3;4;15;
Pablo Prigioni;;16:56;0;1;0;1;0;0;0;1;1;1;0;0;1;2;0;
Iman Shumpert;;28:18;3;7;2;6;1;2;6;2;8;2;1;0;0;4;9;
Tim Hardaway Jr.;;12:04;0;7;0;4;0;0;0;1;1;0;0;0;0;3;0;
Shannon Brown;;0:21;0;0;0;0;0;0;0;0;0;0;0;0;0;0;0;
Toure Murry;;0:20;0;0;0;0;0;0;0;0;0;0;0;0;0;0;0;
Jeremy Tyler;;0:20;0;0;0;0;0;0;0;0;0;0;0;0;0;0;0;
Cole Aldrich;;0:20;0;0;0;0;0;0;0;0;0;0;0;0;0;0;0;
MIA
LeBron James;F;42:47;13;22;3;7;9;12;0;5;5;6;1;0;5;0;38;
Udonis Haslem;F;28:15;2;4;0;0;2;2;3;8;11;2;0;0;2;3;6;
Chris Bosh;C;31:45;5;7;1;3;3;4;2;5;7;0;0;0;3;2;14;
Toney Douglas;G;24:45;2;5;0;2;1;2;1;2;3;3;0;0;1;3;5;
Mario Chalmers;G;30:02;4;7;2;3;5;6;0;4;4;4;1;0;1;2;15;
Shane Battier;;31:17;2;2;2;2;0;2;1;2;3;1;3;0;3;3;6;
Ray Allen;;28:56;4;10;4;9;0;0;0;1;1;1;1;0;1;1;12;
Norris Cole;;16:30;1;2;0;0;0;0;0;1;1;5;0;0;0;1;2;
Rashard Lewis;;5:42;1;2;0;1;2;2;0;0;0;0;0;0;0;2;4;
