11-24;DET-BKN;109-97;
23-19;21-32;34-15;31-31;
DET
Josh Smith;F;32:43;4;9;1;3;4;8;0;8;8;3;3;0;1;3;13;
Greg Monroe;F;33:57;8;12;0;0;2;4;2;9;11;1;1;0;1;3;18;
Andre Drummond;C;27:07;4;6;0;0;1;4;5;5;10;0;1;0;2;1;9;
Kentavious Caldwell-Pope;G;23:59;2;10;1;3;0;0;0;0;0;0;1;0;0;3;5;
Brandon Jennings;G;40:43;2;10;0;2;10;10;0;2;2;10;1;0;3;0;14;
Kyle Singler;;26:17;3;7;1;2;4;6;3;3;6;0;0;1;1;4;11;
Rodney Stuckey;;30:44;10;16;0;1;7;8;2;2;4;6;2;0;1;1;27;
Josh Harrellson;;11:15;2;4;0;2;0;0;0;0;0;0;0;0;0;2;4;
Charlie Villanueva;;12:16;3;6;2;4;0;0;1;2;3;0;0;2;0;2;8;
Peyton Siva;;0:35;0;0;0;0;0;0;0;0;0;0;0;0;0;0;0;
Tony Mitchell;;0:25;0;0;0;0;0;0;0;0;0;0;0;0;0;0;0;
BKN
Paul Pierce;F;27:39;5;13;2;4;7;7;0;4;4;3;0;0;4;4;19;
Kevin Garnett;F;22:35;2;9;0;1;0;0;3;6;9;3;1;0;2;3;4;
Andray Blatche;C;25:41;5;12;0;1;0;0;1;3;4;2;1;0;1;1;10;
Joe Johnson;G;43:47;12;18;8;10;2;3;0;2;2;4;0;1;0;1;34;
Shaun Livingston;G;34:40;2;6;0;0;0;0;0;2;2;7;1;0;2;5;4;
Mason Plumlee;;13:07;1;1;0;0;3;6;1;2;3;1;0;1;2;3;5;
Alan Anderson;;26:32;3;8;1;4;0;0;2;2;4;2;1;0;1;3;7;
Tyshawn Taylor;;11:53;2;5;0;2;0;0;0;0;0;1;1;0;1;1;4;
Reggie Evans;;15:35;0;0;0;0;1;2;1;4;5;0;1;0;2;2;1;
Tornike Shengelia;;4:13;0;0;0;0;0;0;0;1;1;0;0;0;0;2;0;
Mirza Teletovic;;14:18;3;5;3;4;0;0;0;1;1;0;0;0;2;3;9;
