02-03;DET-MIA;96-102;
29-32;28-31;23-21;16-18;
DET
Josh Smith;F;37:36;5;20;1;4;1;1;2;4;6;6;3;0;6;2;12;
Greg Monroe;F;34:36;6;13;0;0;5;7;2;9;11;1;0;0;2;2;17;
Andre Drummond;C;24:07;5;6;0;0;2;4;6;6;12;1;2;2;2;3;12;
Kentavious Caldwell-Pope;G;7:57;0;1;0;0;0;0;1;0;1;0;0;0;0;3;0;
Brandon Jennings;G;40:44;7;15;2;7;10;12;3;1;4;7;3;2;3;1;26;
Kyle Singler;;33:17;1;5;0;2;0;0;3;0;3;1;2;0;1;3;2;
Rodney Stuckey;;36:08;8;17;2;3;2;3;1;6;7;1;1;0;4;5;20;
Jonas Jerebko;;10:51;1;4;0;0;0;0;1;4;5;0;0;0;1;0;2;
Will Bynum;;14:45;1;2;1;2;2;2;0;2;2;2;0;0;2;1;5;
MIA
LeBron James;F;38:19;9;19;0;3;6;8;1;7;8;11;2;2;1;1;24;
Shane Battier;F;21:18;1;5;1;4;0;0;1;2;3;0;1;0;0;2;3;
Chris Bosh;C;34:38;5;8;1;2;6;7;3;4;7;1;1;0;3;3;17;
Dwyane Wade;G;37:09;13;19;1;1;3;4;2;8;10;5;0;0;6;2;30;
Mario Chalmers;G;23:14;3;11;0;4;2;2;0;2;2;4;3;1;2;5;8;
Chris Andersen;;21:39;1;2;0;0;0;0;2;1;3;0;2;2;1;1;2;
Ray Allen;;24:50;3;8;3;4;0;0;0;4;4;1;1;0;2;0;9;
Norris Cole;;24:25;1;8;1;2;0;0;0;2;2;2;1;0;3;5;3;
Michael Beasley;;3:28;1;2;0;0;0;0;1;1;2;0;0;1;0;1;2;
Greg Oden;;10:60;2;3;0;0;0;0;3;0;3;0;2;0;2;2;4;
