04-12;PHI-CHA;105-111;
24-26;35-30;19-31;27-24;
PHI
Thaddeus Young;F;37:46;8;22;0;5;0;1;0;4;4;1;0;0;1;5;16;
Hollis Thompson;F;27:11;1;4;1;3;0;0;1;4;5;2;0;1;0;5;3;
Henry Sims;C;25:42;5;8;0;0;5;7;3;3;6;0;0;0;0;2;15;
Michael Carter-Williams;G;36:35;7;11;0;0;9;10;1;6;7;8;1;0;3;4;23;
James Anderson;G;30:30;3;11;1;5;1;2;0;1;1;1;3;0;1;1;8;
Byron Mullens;;20:19;6;12;1;5;0;0;4;3;7;0;1;0;1;1;13;
Elliot Williams;;20:17;4;9;1;4;1;2;1;1;2;1;1;0;1;3;10;
Tony Wroten;;18:02;4;8;0;0;2;4;0;5;5;1;0;0;1;3;10;
Brandon Davies;;12:13;0;4;0;1;0;0;1;2;3;2;1;0;1;6;0;
Casper Ware;;11:25;3;4;1;2;0;0;0;0;0;2;1;0;0;0;7;
CHA
Michael Kidd-Gilchrist;F;22:07;4;6;0;0;2;4;2;6;8;0;1;1;1;2;10;
Josh McRoberts;F;26:37;1;4;1;3;1;2;0;3;3;4;1;0;3;3;4;
Al Jefferson;C;36:02;13;19;0;0;3;5;2;10;12;3;0;2;3;3;29;
Gerald Henderson;G;28:33;5;8;0;1;4;7;1;3;4;3;0;2;2;1;14;
Luke Ridnour;G;30:43;4;8;2;4;2;4;0;2;2;8;0;1;1;3;12;
Cody Zeller;;21:23;2;4;0;0;8;10;1;2;3;0;1;1;1;4;12;
Gary Neal;;19:27;4;10;0;3;2;3;0;0;0;1;0;0;1;0;10;
Jannero Pargo;;17:17;2;5;2;3;0;0;0;4;4;2;0;0;1;2;6;
Chris Douglas-Roberts;;25:53;4;8;2;5;2;2;2;2;4;1;0;1;1;3;12;
Bismack Biyombo;;11:58;0;0;0;0;2;4;1;0;1;1;0;1;0;1;2;
