04-04;MIN-MIA;122-121;
24-29;28-23;25-23;20-22;12-12;13-12;
MIN
Corey Brewer;F;29:42;5;9;0;2;1;1;1;5;6;2;1;0;1;2;11;
Kevin Love;F;39:44;10;23;1;7;3;3;3;7;10;2;0;0;4;1;24;
Gorgui Dieng;C;24:55;6;15;0;0;3;6;2;2;4;0;1;3;2;2;15;
Jose Juan Barea;G;33:51;4;11;3;7;0;0;0;6;6;3;1;0;1;2;11;
Ricky Rubio;G;41:24;4;8;1;3;2;3;0;5;5;13;2;0;4;1;11;
Chase Budinger;;32:44;6;8;5;7;3;5;2;1;3;4;1;0;2;3;20;
Ronny Turiaf;;25:53;3;5;0;0;0;0;0;8;8;0;1;1;2;2;6;
Robbie Hummel;;13:16;1;4;1;3;0;0;1;1;2;1;1;0;1;1;3;
Shabazz Muhammad;;3:10;0;1;0;0;1;2;0;0;0;0;0;0;0;0;1;
Luc Mbah a Moute;;20:21;1;2;0;1;5;6;0;0;0;1;0;0;0;4;7;
MIA
LeBron James;F;42:57;11;22;2;4;5;6;1;4;5;5;4;1;3;3;29;
Udonis Haslem;F;26:48;4;5;0;0;2;2;2;6;8;0;0;2;2;3;10;
Chris Bosh;C;39:40;7;17;2;5;5;6;3;4;7;1;2;2;4;3;21;
Toney Douglas;G;17:22;1;4;0;2;0;0;0;5;5;2;0;0;0;2;2;
Mario Chalmers;G;34:01;7;13;2;6;6;8;1;5;6;4;1;1;3;1;22;
Ray Allen;;23:11;3;8;2;6;0;0;1;2;3;1;2;0;1;3;8;
Rashard Lewis;;16:40;2;8;1;4;1;2;0;1;1;1;2;0;0;2;6;
Norris Cole;;32:33;0;4;0;3;0;0;0;2;2;3;0;0;0;3;0;
Chris Andersen;;21:50;4;8;0;0;0;0;5;3;8;0;0;0;1;2;8;
James Jones;;9:58;1;2;1;2;0;0;0;2;2;0;0;0;0;0;3;
