02-18;PHX-DEN;112-107;
31-25;21-26;24-26;23-22;13-8;
PHX
PJ Tucker;F;37:00;2;8;0;1;9;9;3;8;11;1;1;0;1;2;13;
Channing Frye;F;30:34;4;9;3;6;0;0;0;8;8;1;0;1;2;5;11;
Miles Plumlee;C;21:51;1;5;0;0;0;0;1;7;8;1;1;0;0;6;2;
Gerald Green;G;29:45;11;22;6;14;8;8;2;3;5;0;0;0;1;4;36;
Goran Dragic;G;42:20;6;15;1;5;8;12;2;3;5;14;3;0;4;2;21;
Markieff Morris;;41:31;4;11;0;0;5;8;4;8;12;2;3;1;3;6;13;
Alex Len;;9:27;0;3;0;0;0;0;2;1;3;0;0;2;1;3;0;
Leandro Barbosa;;17:40;1;7;0;1;0;0;0;2;2;1;1;0;1;2;2;
Ish Smith;;9:52;2;4;0;0;0;0;0;0;0;0;0;0;1;0;4;
Marcus Morris;;25:01;4;9;1;2;1;2;1;1;2;1;2;0;1;1;10;
DEN
Wilson Chandler;F;36:32;4;15;2;9;5;8;1;3;4;3;0;0;1;3;15;
Kenneth Faried;F;35:11;7;15;0;0;7;9;4;6;10;2;3;0;2;5;21;
JJ Hickson;C;32:36;4;12;0;1;3;6;4;5;9;1;0;1;3;2;11;
Jordan Hamilton;G;25:45;3;7;0;3;1;1;2;2;4;0;1;1;0;1;7;
Randy Foye;G;39:52;3;11;0;4;2;2;0;1;1;5;3;1;2;6;8;
Timofey Mozgov;;19:08;4;6;0;0;0;0;2;9;11;0;0;1;2;1;8;
Evan Fournier;;32:56;8;19;3;8;6;7;3;5;8;4;2;0;1;4;25;
Anthony Randolph;;24:07;2;7;0;3;0;0;0;6;6;0;1;0;0;2;4;
Darrell Arthur;;18:54;3;7;0;0;2;4;1;2;3;2;0;2;1;2;8;
