12-18;POR-MIN;109-120;
22-31;21-38;35-29;31-22;
POR
Nicolas Batum;F;39:06;7;15;3;8;3;3;2;4;6;3;0;2;5;4;20;
LaMarcus Aldridge;F;42:20;7;22;0;1;1;1;4;10;14;3;1;0;0;3;15;
Robin Lopez;C;25:11;0;0;0;0;2;2;1;4;5;0;0;1;0;1;2;
Wesley Matthews;G;39:25;4;13;2;9;6;6;1;4;5;1;0;0;2;3;16;
Damian Lillard;G;41:25;13;24;7;14;3;7;1;5;6;6;3;1;3;5;36;
Mo Williams;;17:42;4;11;1;5;0;0;1;1;2;6;0;0;1;6;9;
Joel Freeland;;15:17;2;2;0;0;0;0;0;3;3;0;0;0;2;2;4;
Dorell Wright;;9:58;2;5;1;3;0;0;0;3;3;0;1;0;0;0;5;
Thomas Robinson;;4:15;1;2;0;0;0;0;0;1;1;0;0;0;0;2;2;
Meyers Leonard;;5:21;0;0;0;0;0;0;0;0;0;0;0;0;0;1;0;
MIN
Corey Brewer;F;32:48;2;6;0;2;2;2;0;2;2;1;1;0;0;2;6;
Kevin Love;F;40:51;10;18;4;7;5;6;2;13;15;9;1;0;4;0;29;
Nikola Pekovic;C;29:00;14;19;0;0;2;3;5;4;9;1;0;0;1;4;30;
Kevin Martin;G;36:41;8;15;1;4;5;5;1;4;5;0;1;0;3;2;22;
Ricky Rubio;G;32:25;2;11;0;2;5;6;0;5;5;7;2;0;2;4;9;
Luc Mbah a Moute;;14:07;2;2;0;0;2;2;1;4;5;0;0;0;0;0;6;
Dante Cunningham;;26:09;2;8;0;0;0;0;2;5;7;1;2;1;0;3;4;
Jose Juan Barea;;21:49;4;11;2;4;0;2;0;3;3;5;0;0;0;3;10;
Alexey Shved;;6:10;2;3;0;0;0;0;1;1;2;3;1;0;0;1;4;
