11-09;PHI-CLE;125-127;
27-30;21-23;37-22;22-32;9-9;9-11;
PHI
Thaddeus Young;F;37:46;10;16;2;3;5;6;0;2;2;1;3;0;1;4;27;
Evan Turner;F;41:38;9;21;2;7;11;13;1;7;8;1;0;0;4;2;31;
Spencer Hawes;C;37:17;6;13;1;4;0;0;2;9;11;2;0;0;3;3;13;
Michael Carter-Williams;G;44:04;6;13;2;2;0;0;1;5;6;12;2;2;2;3;14;
James Anderson;G;39:25;2;5;1;4;0;0;0;1;1;3;2;0;3;2;5;
Lavoy Allen;;20:01;3;6;0;0;0;0;2;2;4;0;1;1;0;0;6;
Tony Wroten;;16:21;1;7;0;2;2;2;0;0;0;2;1;0;2;1;4;
Darius Morris;;17:32;5;7;2;3;0;0;0;3;3;1;0;0;0;1;12;
Brandon Davies;;10:56;1;3;0;0;2;2;2;1;3;0;1;0;1;2;4;
CLE
Alonzo Gee;F;20:23;1;3;0;2;0;0;0;3;3;0;0;0;3;3;2;
Tristan Thompson;F;43:39;6;10;0;0;7;8;6;4;10;0;1;2;0;3;19;
Anderson Varejao;C;37:46;5;10;0;0;3;4;4;5;9;2;2;3;3;3;13;
Dion Waiters;G;39:00;9;16;3;5;1;2;0;5;5;5;3;0;3;4;22;
Kyrie Irving;G;43:15;13;29;4;11;2;3;1;4;5;12;0;0;3;1;32;
Tyler Zeller;;2:08;0;0;0;0;0;0;0;0;0;0;0;0;0;1;0;
Jarrett Jack;;31:36;6;12;3;5;3;4;1;3;4;5;3;3;3;1;18;
CJ Miles;;18:49;2;8;2;5;0;0;0;3;3;0;0;0;1;0;6;
Matthew Dellavedova;;6:07;0;1;0;1;0;0;0;1;1;2;0;0;0;1;0;
Anthony Bennett;;9:12;0;1;0;0;0;0;0;1;1;0;0;0;0;1;0;
Henry Sims;;13:06;1;3;0;0;2;2;1;4;5;1;0;2;2;2;4;
