11-10;SAS-NYK;120-89;
35-17;26-28;29-15;30-29;
SAS
Marco Belinelli;F;25:47;3;4;1;2;2;2;0;4;4;4;1;0;1;0;9;
Tim Duncan;F;23:47;1;4;0;0;9;11;2;8;10;2;0;1;2;1;11;
Boris Diaw;C;25:00;1;1;0;0;2;2;0;1;1;1;0;0;0;1;4;
Danny Green;G;22:52;8;11;6;9;2;2;0;10;10;0;1;1;1;3;24;
Tony Parker;G;25:30;8;12;0;0;1;2;0;2;2;6;0;0;4;0;17;
Manu Ginobili;;22:57;4;10;1;6;0;0;0;5;5;5;0;0;3;3;9;
Tiago Splitter;;12:12;2;4;0;0;0;0;3;2;5;1;0;0;0;3;4;
Kawhi Leonard;;23:19;7;10;1;3;3;4;0;4;4;0;1;1;0;3;18;
Patty Mills;;22:30;4;11;2;7;5;5;0;1;1;0;0;0;2;1;15;
Jeff Ayres;;13:35;0;3;0;0;0;0;2;2;4;1;1;1;0;2;0;
Nando De Colo;;8:33;2;2;1;1;0;0;0;2;2;0;1;0;0;0;5;
Cory Joseph;;6:59;1;1;0;0;2;2;1;0;1;0;0;0;0;0;4;
Aron Baynes;;6:59;0;3;0;0;0;0;1;1;2;2;0;0;0;2;0;
NYK
Carmelo Anthony;F;34:43;5;10;0;0;6;8;1;7;8;1;1;0;1;3;16;
Iman Shumpert;F;22:04;1;5;0;1;1;2;0;3;3;0;1;0;0;2;3;
Andrea Bargnani;C;26:01;5;10;1;2;5;6;0;1;1;0;0;0;1;2;16;
Raymond Felton;G;24:50;3;10;1;5;0;0;0;0;0;2;1;1;0;1;7;
Pablo Prigioni;G;15:10;1;1;1;1;0;0;1;0;1;2;0;0;0;2;3;
J.R. Smith;;20:33;1;9;1;5;2;2;0;2;2;3;1;0;4;1;5;
Metta World Peace;;31:46;5;11;1;3;2;2;2;3;5;3;1;0;2;5;13;
Beno Udrih;;19:43;3;9;0;1;0;0;1;0;1;1;1;0;1;3;6;
Amar'e Stoudemire;;13:26;1;5;0;0;0;2;1;1;2;0;0;0;0;2;2;
Tim Hardaway Jr.;;18:55;3;7;1;4;4;5;1;1;2;1;0;0;1;1;11;
Cole Aldrich;;8:33;1;2;0;0;0;0;1;6;7;3;0;0;0;0;2;
Toure Murry;;4:16;2;3;0;0;1;2;1;0;1;0;0;0;0;0;5;
