12-07;IND-SAS;111-100;
20-28;32-20;35-17;24-35;
IND
Paul George;F;36:30;9;14;4;4;6;6;1;3;4;6;0;0;2;2;28;
David West;F;34:00;9;12;0;0;2;3;1;7;8;4;3;2;0;3;20;
Roy Hibbert;C;27:02;3;4;0;0;6;6;3;7;10;3;0;1;1;2;12;
Lance Stephenson;G;36:08;5;11;2;4;3;3;0;3;3;4;0;0;3;2;15;
George Hill;G;26:37;5;8;2;4;0;0;1;3;4;1;0;0;0;1;12;
Luis Scola;;28:28;5;9;0;0;2;2;1;9;10;0;1;0;4;2;12;
Orlando Johnson;;16:05;0;5;0;3;0;0;0;1;1;0;2;0;1;1;0;
Ian Mahinmi;;6:30;0;0;0;0;0;0;0;0;0;0;0;0;1;3;0;
CJ Watson;;24:23;2;6;1;3;7;8;1;0;1;4;2;0;1;0;12;
Solomon Hill;;2:39;0;1;0;0;0;0;0;0;0;0;0;0;1;0;0;
Donald Sloan;;1:38;0;1;0;1;0;0;0;0;0;0;0;0;0;0;0;
SAS
Kawhi Leonard;F;36:30;8;13;2;4;0;0;1;2;3;3;0;0;1;2;18;
Tim Duncan;F;26:29;3;10;0;0;4;4;2;4;6;4;0;1;2;3;10;
Tiago Splitter;C;8:14;1;3;0;0;0;0;1;1;2;1;0;0;1;0;2;
Danny Green;G;16:40;1;4;0;2;0;0;0;3;3;0;0;0;0;0;2;
Tony Parker;G;26:29;6;14;1;1;0;0;0;4;4;2;0;0;1;1;13;
Boris Diaw;;25:30;3;9;0;1;0;0;1;3;4;2;1;0;3;3;6;
Manu Ginobili;;18:34;6;9;4;6;0;0;1;1;2;3;0;0;0;3;16;
Marco Belinelli;;19:17;4;7;1;2;0;0;0;0;0;1;0;0;1;2;9;
Patty Mills;;20:44;3;9;3;7;1;2;2;3;5;6;3;0;0;2;10;
Jeff Ayres;;9:18;0;2;0;0;0;0;1;1;2;0;0;0;2;3;0;
Matt Bonner;;20:23;3;5;2;3;0;0;0;0;0;2;2;0;0;2;8;
Aron Baynes;;6:06;1;3;0;0;0;0;0;2;2;0;0;0;0;0;2;
Cory Joseph;;5:46;2;3;0;0;0;0;1;0;1;0;0;0;0;0;4;
