01-11;ORL-DEN;94-120;
25-34;22-35;19-23;28-28;
ORL
Maurice Harkless;F;17:13;1;4;1;2;0;0;0;0;0;0;1;0;0;1;3;
Tobias Harris;F;37:15;8;17;0;1;6;8;4;5;9;4;0;0;1;3;22;
Glen Davis;C;27:36;8;14;0;0;4;6;0;6;6;1;1;1;0;2;20;
Victor Oladipo;G;32:17;6;11;0;3;3;5;2;1;3;5;1;0;3;1;15;
Jameer Nelson;G;26:00;4;9;2;6;0;0;0;4;4;7;1;0;4;2;10;
Jason Maxiell;;5:01;0;0;0;0;0;0;0;2;2;1;0;0;0;0;0;
E'Twaun Moore;;24:52;5;10;0;1;0;0;0;3;3;2;0;1;2;1;10;
Doron Lamb;;31:38;3;12;1;5;1;2;0;4;4;2;0;0;0;3;8;
Andrew Nicholson;;16:43;1;5;0;2;0;0;1;3;4;0;0;1;0;4;2;
Kyle O'Quinn;;21:25;1;2;0;0;2;2;1;4;5;1;0;1;1;2;4;
DEN
Quincy Miller;F;35:35;5;13;0;6;6;6;2;9;11;1;1;2;1;1;16;
Kenneth Faried;F;29:27;8;14;0;0;1;3;3;6;9;4;2;1;3;4;17;
JJ Hickson;C;26:33;6;12;0;1;1;1;2;8;10;2;1;0;1;1;13;
Randy Foye;G;30:25;5;10;3;8;5;5;1;3;4;4;1;1;0;2;18;
Ty Lawson;G;30:26;6;11;4;5;0;2;0;0;0;8;0;0;2;1;16;
Evan Fournier;;21:33;7;8;3;3;1;3;0;5;5;2;0;0;1;3;18;
Timofey Mozgov;;23:50;4;8;0;0;6;6;4;5;9;1;0;0;1;3;14;
Darrell Arthur;;10:35;0;3;0;0;0;0;0;1;1;1;0;1;1;2;0;
Nate Robinson;;19:36;2;4;1;2;0;0;0;1;1;6;0;0;0;4;5;
Jordan Hamilton;;12:00;1;4;1;3;0;0;0;0;0;1;0;2;0;0;3;
