11-05;LAL-DAL;104-123;
22-35;26-32;29-27;27-29;
LAL
Xavier Henry;F;21:00;2;8;0;4;1;2;0;0;0;1;3;2;0;1;5;
Shawne Williams;F;5:24;1;2;1;2;0;0;0;0;0;0;0;0;0;1;3;
Pau Gasol;C;31:06;4;9;0;1;2;2;0;8;8;4;0;0;0;0;10;
Steve Blake;G;27:09;3;7;3;7;0;0;0;0;0;1;0;0;2;1;9;
Steve Nash;G;20:22;2;8;1;2;0;0;1;1;2;4;0;0;1;0;5;
Chris Kaman;;17:12;5;7;0;0;0;0;2;5;7;0;0;1;3;2;10;
Jordan Farmar;;24:14;3;8;2;4;3;3;0;3;3;7;0;0;3;1;11;
Nick Young;;27:00;8;12;1;2;4;7;0;1;1;1;3;0;3;2;21;
Wesley Johnson;;21:22;3;8;1;3;0;0;2;5;7;2;2;1;1;4;7;
Jodie Meeks;;21:58;4;10;2;5;1;2;0;2;2;0;1;0;1;0;11;
Jordan Hill;;15:27;3;5;0;0;2;2;2;1;3;0;0;0;0;0;8;
Robert Sacre;;4:44;0;3;0;0;1;2;1;0;1;1;0;0;0;0;1;
Ryan Kelly;;3:02;1;1;1;1;0;0;1;0;1;0;0;0;0;0;3;
DAL
Shawn Marion;F;27:26;5;15;1;2;0;0;3;4;7;1;1;0;1;1;11;
Dirk Nowitzki;F;28:06;4;9;1;3;2;2;1;7;8;4;2;0;1;1;11;
Samuel Dalembert;C;23:02;5;7;0;0;0;0;2;4;6;1;1;1;1;0;10;
Monta Ellis;G;31:15;11;14;0;1;8;8;0;3;3;9;1;0;1;3;30;
Jose Calderon;G;21:45;4;6;4;6;0;0;0;4;4;5;0;0;1;1;12;
Vince Carter;;18:01;3;10;2;5;0;0;0;1;1;3;0;0;0;3;8;
DeJuan Blair;;18:34;5;10;0;0;0;2;4;4;8;4;5;1;1;0;10;
Gal Mekel;;26:15;4;8;1;3;0;0;0;4;4;6;0;0;3;1;9;
Jae Crowder;;23:46;7;9;4;6;0;0;0;4;4;1;0;0;0;3;18;
Bernard James;;6:26;0;1;0;0;0;0;0;4;4;0;0;1;1;1;0;
Wayne Ellington;;8:50;1;3;0;0;0;0;0;1;1;0;0;0;1;0;2;
Ricky Ledo;;6:33;0;2;0;1;2;2;0;0;0;0;0;0;1;0;2;
