03-09;DET-BOS;111-118;
22-26;27-31;35-38;27-23;
DET
Josh Smith;F;39:08;12;24;3;6;1;5;4;7;11;1;0;1;4;3;28;
Greg Monroe;F;39:09;8;15;0;0;6;7;3;11;14;4;1;1;1;0;22;
Andre Drummond;C;38:14;8;13;0;0;2;3;10;12;22;0;1;0;2;2;18;
Kyle Singler;G;38:23;2;7;0;3;4;5;2;1;3;2;0;2;3;4;8;
Brandon Jennings;G;38:33;5;13;1;4;3;4;0;1;1;7;0;0;1;5;14;
Rodney Stuckey;;16:47;1;4;0;1;1;3;0;1;1;1;0;0;1;2;3;
Jonas Jerebko;;5:18;0;1;0;1;0;0;0;0;0;0;0;1;1;3;0;
Kentavious Caldwell-Pope;;2:38;0;0;0;0;0;0;0;0;0;0;0;0;0;0;0;
Will Bynum;;21:50;4;9;0;0;10;12;0;2;2;2;1;0;3;1;18;
BOS
Jeff Green;F;35:27;11;19;5;12;0;0;1;2;3;1;1;2;2;1;27;
Brandon Bass;F;23:37;2;8;0;0;1;2;1;2;3;1;0;1;0;1;5;
Kris Humphries;C;27:11;9;13;0;0;2;2;4;7;11;2;2;2;1;3;20;
Jerryd Bayless;G;36:47;5;12;1;4;4;6;0;4;4;4;1;0;0;3;15;
Rajon Rondo;G;33:11;5;15;1;6;0;0;0;2;2;18;2;0;0;2;11;
Chris Johnson;;11:13;2;5;2;3;0;0;0;0;0;2;0;0;1;2;6;
Jared Sullinger;;27:23;5;10;0;1;4;5;3;5;8;1;0;0;0;3;14;
Chris Babb;;12:33;1;3;0;2;0;0;0;1;1;1;0;0;0;2;2;
Kelly Olynyk;;17:49;7;10;1;1;3;6;3;3;6;2;0;0;1;5;18;
Phil Pressey;;14:49;0;2;0;2;0;0;0;1;1;6;2;1;0;5;0;
