03-18;MIL-POR;115-120;
29-26;18-26;25-23;26-23;17-22;
MIL
Khris Middleton;F;39:34;7;17;4;7;0;0;0;6;6;5;0;0;0;6;18;
Ersan Ilyasova;F;23:07;6;10;0;0;0;0;5;4;9;2;2;0;1;6;12;
Zaza Pachulia;C;36:53;7;14;0;0;3;3;6;7;13;3;4;0;3;1;17;
Nate Wolters;G;38:09;1;5;0;0;2;4;0;4;4;6;0;0;5;3;4;
Brandon Knight;G;37:00;8;20;3;7;5;7;0;8;8;4;2;1;4;5;24;
John Henson;;16:07;3;5;0;0;0;2;0;1;1;2;0;1;2;3;6;
Giannis Antetokounmpo;;19:36;2;6;0;1;0;0;0;2;2;0;0;0;1;2;4;
Ramon Sessions;;34:45;8;16;1;2;6;9;0;5;5;5;1;0;2;2;23;
Jeff Adrien;;19:49;3;5;0;0;1;1;1;4;5;1;1;1;1;3;7;
POR
Nicolas Batum;F;43:48;7;15;3;7;4;4;1;8;9;9;0;0;1;0;21;
Dorell Wright;F;19:24;0;8;0;7;1;2;0;5;5;1;1;1;1;0;1;
Robin Lopez;C;37:21;7;12;0;0;1;1;7;7;14;2;0;3;1;3;15;
Wesley Matthews;G;41:16;8;15;5;7;5;5;1;1;2;2;2;0;3;4;26;
Damian Lillard;G;39:01;7;21;1;11;5;5;0;1;1;4;1;0;5;5;20;
Mo Williams;;34:19;7;12;3;5;6;6;0;2;2;3;0;0;1;4;23;
Meyers Leonard;;15:32;1;3;0;0;0;0;0;4;4;1;0;0;1;3;2;
Thomas Robinson;;15:55;4;8;0;0;1;3;2;7;9;2;1;1;2;3;9;
CJ McCollum;;7:09;0;2;0;2;0;0;0;0;0;0;1;0;1;0;0;
Will Barton;;11:15;1;1;0;0;1;1;0;1;1;1;0;0;0;0;3;
