12-20;HOU-IND;81-114;
20-25;25-31;20-31;16-27;
HOU
Chandler Parsons;F;33:29;6;8;0;1;2;6;2;1;3;2;2;1;1;3;14;
Terrence Jones;F;24:55;4;8;1;3;1;3;2;3;5;0;0;0;2;2;10;
Dwight Howard;C;31:26;9;16;0;0;1;3;3;9;12;2;1;5;3;2;19;
James Harden;G;32:32;3;14;1;5;5;6;0;3;3;2;3;0;5;3;12;
Patrick Beverley;G;30:01;3;5;0;1;2;2;2;1;3;1;0;0;0;1;8;
Omri Casspi;;20:39;1;10;1;7;0;0;1;1;2;1;2;0;1;1;3;
Aaron Brooks;;17:59;0;7;0;1;1;2;1;1;2;1;1;0;2;2;1;
Francisco Garcia;;24:09;2;6;1;4;0;0;0;3;3;1;1;0;0;1;5;
Greg Smith;;12:05;3;6;0;0;0;0;1;1;2;0;1;0;0;3;6;
Donatas Motiejunas;;7:59;1;3;0;0;1;2;0;1;1;0;0;0;0;0;3;
Ronnie Brewer;;4:46;0;1;0;0;0;0;0;0;0;0;0;0;0;0;0;
IND
Paul George;F;30:20;7;16;3;7;7;8;1;8;9;4;3;1;1;2;24;
David West;F;26:09;6;8;0;0;0;0;1;6;7;4;3;1;2;3;12;
Roy Hibbert;C;28:20;3;8;0;0;3;6;2;4;6;2;1;1;0;2;9;
Lance Stephenson;G;35:28;7;16;2;5;0;0;3;3;6;6;0;0;4;3;16;
George Hill;G;25:43;5;8;2;4;0;0;0;2;2;5;0;0;1;2;12;
Danny Granger;;22:05;1;7;1;4;2;2;0;2;2;2;1;1;5;1;5;
Luis Scola;;16:12;5;7;1;1;2;2;0;6;6;1;1;1;1;1;13;
CJ Watson;;18:21;3;3;2;2;0;2;1;4;5;3;2;0;1;1;8;
Ian Mahinmi;;19:40;4;4;0;0;2;2;1;3;4;0;0;2;0;4;10;
Rasual Butler;;5:39;0;1;0;1;0;0;0;0;0;0;0;0;0;1;0;
Chris Copeland;;5:39;1;1;1;1;0;0;0;1;1;1;0;0;2;0;3;
Donald Sloan;;3:56;1;1;0;0;0;0;0;2;2;1;0;0;0;1;2;
Orlando Johnson;;2:28;0;1;0;1;0;0;0;0;0;0;0;0;0;0;0;
