01-02;GSW-MIA;123-114;
38-33;27-28;31-26;27-27;
GSW
Andre Iguodala;F;33:51;3;6;2;2;0;0;0;6;6;6;2;0;3;2;8;
David Lee;F;35:45;13;17;0;0;6;7;3;11;14;3;0;0;3;4;32;
Andrew Bogut;C;17:45;3;5;0;0;0;0;0;3;3;1;0;0;0;1;6;
Klay Thompson;G;37:41;6;15;4;9;0;0;0;2;2;4;1;0;4;2;16;
Stephen Curry;G;43:43;13;22;8;15;2;3;0;2;2;12;2;0;4;4;36;
Harrison Barnes;;27:25;4;6;1;2;6;7;0;3;3;0;0;0;0;3;15;
Draymond Green;;25:29;2;5;0;0;0;0;2;5;7;3;4;1;2;4;4;
Marreese Speights;;10:38;1;4;0;0;2;2;1;1;2;0;0;0;0;3;4;
Kent Bazemore;;4:22;1;1;0;0;0;0;0;1;1;0;0;0;2;1;2;
Toney Douglas;;3:21;0;1;0;1;0;0;0;0;0;0;0;0;0;0;0;
MIA
LeBron James;F;39:34;10;16;1;4;5;8;0;5;5;5;0;1;8;0;26;
Shane Battier;F;22:32;4;5;3;4;0;0;2;0;2;1;0;0;0;2;11;
Chris Bosh;C;33:45;6;16;1;2;6;7;0;4;4;0;1;0;1;1;19;
Dwyane Wade;G;35:45;9;18;2;2;2;2;1;3;4;5;3;0;2;4;22;
Mario Chalmers;G;31:54;6;10;1;3;4;5;1;6;7;3;3;0;0;3;17;
Ray Allen;;20:29;1;4;0;1;3;3;0;0;0;2;0;0;0;3;5;
Chris Andersen;;17:29;0;1;0;0;2;2;0;2;2;1;0;0;0;1;2;
Norris Cole;;25:23;2;4;0;2;3;3;0;2;2;3;2;0;0;1;7;
Michael Beasley;;13:09;2;4;0;0;1;1;1;4;5;0;1;1;4;4;5;
