02-09;DAL-BOS;102-91;
17-16;27-22;28-18;30-35;
DAL
Shawn Marion;F;35:28;5;11;1;1;0;0;1;9;10;1;0;0;0;2;11;
Dirk Nowitzki;F;31:54;7;16;2;6;4;4;1;4;5;4;0;0;1;0;20;
Samuel Dalembert;C;22:51;3;6;0;0;0;0;4;7;11;0;0;1;0;3;6;
Monta Ellis;G;28:12;3;9;1;2;4;4;0;5;5;2;2;0;2;1;11;
Jose Calderon;G;31:33;7;13;3;6;1;2;2;3;5;5;0;0;1;0;18;
Vince Carter;;20:31;4;11;3;6;3;4;1;1;2;1;2;1;2;2;14;
DeJuan Blair;;4:36;0;1;0;0;0;0;0;1;1;1;0;0;0;0;0;
Devin Harris;;23:05;4;9;0;1;4;4;0;2;2;7;0;0;2;2;12;
Jae Crowder;;21:17;1;2;0;1;0;0;0;1;1;0;1;0;0;1;2;
Brandan Wright;;20:33;3;4;0;0;2;2;1;5;6;0;1;2;1;1;8;
BOS
Jeff Green;F;35:55;6;15;3;8;3;4;2;3;5;3;3;1;1;2;18;
Brandon Bass;F;14:45;2;4;0;0;2;2;0;2;2;0;0;0;0;3;6;
Jared Sullinger;C;35:45;4;13;0;4;3;3;3;9;12;2;0;0;2;2;11;
Avery Bradley;G;18:58;2;13;1;3;0;0;0;0;0;0;0;0;1;2;5;
Rajon Rondo;G;36:33;6;12;3;6;0;0;0;8;8;12;1;0;0;0;15;
Kelly Olynyk;;22:08;2;7;0;2;2;2;2;4;6;0;0;0;1;5;6;
Gerald Wallace;;15:12;2;4;0;0;0;0;1;2;3;1;0;0;3;0;4;
Jerryd Bayless;;17:09;0;4;0;0;2;2;0;1;1;8;0;0;2;0;2;
Kris Humphries;;23:22;5;12;0;0;0;0;0;3;3;0;0;1;0;2;10;
Chris Johnson;;14:57;4;7;4;4;2;2;3;0;3;1;1;1;0;2;14;
Phil Pressey;;5:16;0;1;0;0;0;0;0;0;0;0;0;0;0;1;0;
