02-07;TOR-LAC;105-118;
22-29;29-38;32-25;22-26;
TOR
Terrence Ross;F;27:58;3;10;2;6;1;2;0;0;0;0;1;0;1;5;9;
Amir Johnson;F;24:31;4;6;0;1;0;0;3;2;5;2;0;0;1;6;8;
Jonas Valanciunas;C;23:24;4;7;0;0;3;9;3;10;13;2;0;0;3;4;11;
DeMar DeRozan;G;40:58;9;21;1;4;17;19;1;4;5;8;2;1;0;2;36;
Kyle Lowry;G;40:48;6;18;2;7;5;6;3;3;6;3;0;0;3;5;19;
Patrick Patterson;;19:37;4;8;0;2;2;2;2;4;6;1;2;1;0;2;10;
John Salmons;;17:14;1;4;0;1;0;0;0;1;1;0;2;0;0;2;2;
Charles Hayes;;2:54;0;0;0;0;0;0;0;1;1;0;0;0;0;2;0;
Greivis Vasquez;;17:02;0;3;0;1;0;0;0;0;0;4;0;0;0;2;0;
Steve Novak;;15:19;2;5;2;4;0;0;0;3;3;1;0;0;0;2;6;
Julyan Stone;;0:05;0;0;0;0;0;0;0;0;0;0;0;0;0;0;0;
Tyler Hansbrough;;10:10;1;3;0;0;2;2;4;0;4;1;0;0;1;3;4;
LAC
Matt Barnes;F;35:32;4;6;3;5;0;0;1;4;5;4;1;0;3;4;11;
Blake Griffin;F;28:19;13;18;0;1;10;13;1;7;8;2;2;1;2;5;36;
DeAndre Jordan;C;41:29;4;6;0;0;10;22;3;10;13;4;2;2;0;4;18;
Jamal Crawford;G;45:06;4;13;1;5;12;12;3;3;6;6;1;0;3;2;21;
Darren Collison;G;37:51;4;15;2;8;1;1;0;3;3;7;0;0;2;4;11;
Willie Green;;18:48;4;7;2;3;2;2;0;3;3;0;0;0;0;2;12;
Jared Dudley;;20:53;2;5;0;1;1;2;2;3;5;1;0;0;1;3;5;
Ryan Hollins;;6:25;0;0;0;0;1;2;0;1;1;0;0;1;0;3;1;
Reggie Bullock;;5:36;1;1;1;1;0;0;0;1;1;1;0;0;1;1;3;
