12-31;GSW-ORL;94-81;
26-15;32-20;16-24;20-22;
GSW
Andre Iguodala;F;21:33;3;6;2;5;0;0;0;2;2;2;0;0;1;0;8;
David Lee;F;27:49;11;15;0;0;0;0;4;5;9;2;0;2;3;0;22;
Andrew Bogut;C;21:40;4;5;0;0;0;2;2;9;11;0;0;0;0;0;8;
Klay Thompson;G;30:17;7;12;1;5;0;0;0;2;2;2;1;2;4;3;15;
Stephen Curry;G;29:35;4;10;1;5;0;0;0;5;5;8;0;0;6;1;9;
Harrison Barnes;;27:16;1;7;0;2;0;0;1;6;7;1;0;0;1;1;2;
Draymond Green;;21:56;3;5;0;2;0;0;1;8;9;2;2;4;0;2;6;
Marreese Speights;;20:11;3;10;0;1;4;4;3;3;6;0;0;2;0;2;10;
Toney Douglas;;18:25;0;3;0;3;0;0;0;1;1;1;0;1;0;1;0;
Kent Bazemore;;16:54;4;9;2;4;2;4;1;2;3;3;0;0;2;3;12;
Ognjen Kuzmic;;4:24;1;3;0;0;0;0;0;1;1;0;0;0;0;0;2;
ORL
Tobias Harris;F;31:22;2;11;0;3;1;2;1;8;9;0;0;1;1;0;5;
Glen Davis;F;27:32;4;10;0;0;2;3;3;0;3;2;0;0;0;1;10;
Nikola Vucevic;C;8:31;2;5;0;0;0;0;0;1;1;0;1;1;0;0;4;
Arron Afflalo;G;34:26;7;18;0;4;1;3;1;0;1;4;0;0;1;0;15;
Jameer Nelson;G;32:10;4;11;3;7;0;0;0;2;2;6;2;0;2;4;11;
Victor Oladipo;;17:23;3;7;0;0;2;2;0;2;2;2;0;0;3;2;8;
E'Twaun Moore;;9:59;1;4;1;1;0;0;0;1;1;0;1;0;0;0;3;
Kyle O'Quinn;;12:16;2;4;0;0;0;0;1;5;6;1;0;0;1;1;4;
Andrew Nicholson;;13:44;2;6;1;3;0;0;0;3;3;0;0;0;0;0;5;
Maurice Harkless;;21:54;2;4;0;1;1;1;1;3;4;0;1;1;1;1;5;
Jason Maxiell;;18:35;4;5;0;0;0;0;2;1;3;1;1;0;0;3;8;
Ronnie Price;;6:04;0;1;0;0;0;0;0;1;1;2;1;0;0;1;0;
Doron Lamb;;6:04;1;3;0;0;1;2;0;1;1;1;0;0;0;0;3;
