04-09;DET-CLE;100-122;
18-31;19-38;33-29;30-24;
DET
Kyle Singler;F;28:16;3;6;2;5;0;0;3;2;5;1;1;0;0;3;8;
Greg Monroe;F;32:44;7;18;0;0;1;1;6;1;7;1;3;0;3;1;15;
Andre Drummond;C;29:18;5;10;0;0;1;7;7;7;14;0;1;0;3;2;11;
Rodney Stuckey;G;28:05;4;14;0;2;7;7;0;2;2;3;1;0;1;0;15;
Brandon Jennings;G;31:13;5;17;1;6;6;8;0;1;1;7;0;0;4;2;17;
Jonas Jerebko;;25:35;5;11;4;7;3;3;2;2;4;0;0;0;2;2;17;
Kentavious Caldwell-Pope;;22:36;1;7;0;3;0;0;1;1;2;2;1;1;0;2;2;
Peyton Siva;;21:50;2;8;1;3;0;0;0;1;1;4;1;0;1;0;5;
Gigi Datome;;12:00;2;3;1;2;4;4;0;4;4;1;1;0;1;0;9;
Tony Mitchell;;8:23;0;2;0;0;1;2;2;4;6;0;1;1;0;0;1;
CLE
Luol Deng;F;24:36;6;12;0;4;1;1;0;2;2;7;0;0;2;2;13;
Tristan Thompson;F;24:04;5;6;0;0;0;1;1;3;4;0;0;2;1;0;10;
Spencer Hawes;C;18:43;6;8;3;3;0;0;2;6;8;3;1;0;2;4;15;
Dion Waiters;G;30:33;9;18;4;8;0;1;0;3;3;8;1;0;1;4;22;
Kyrie Irving;G;23:07;3;6;0;1;2;2;2;3;5;5;3;0;2;2;8;
Jarrett Jack;;22:24;3;6;0;1;1;2;0;2;2;3;0;0;4;2;7;
Anderson Varejao;;21:02;5;8;0;0;1;2;5;7;12;2;1;0;0;2;11;
Tyler Zeller;;23:48;9;11;0;0;0;0;3;3;6;0;1;2;0;2;18;
Matthew Dellavedova;;31:12;5;8;4;6;0;0;0;4;4;12;1;0;2;3;14;
Alonzo Gee;;8:23;2;5;0;0;0;0;0;0;0;0;0;2;0;0;4;
Sergey Karasev;;7:11;0;1;0;1;0;0;0;1;1;0;0;0;1;3;0;
Scotty Hopson;;4:57;0;4;0;2;0;0;0;0;0;1;0;0;0;0;0;
