01-24;MEM-HOU;88-87;
21-20;23-15;20-29;24-23;
MEM
Tayshaun Prince;F;32:35;3;10;1;1;0;0;0;5;5;3;0;0;1;0;7;
Zach Randolph;F;34:23;6;17;0;0;3;5;3;5;8;3;0;0;3;2;15;
Marc Gasol;C;31:22;3;7;0;1;3;4;1;6;7;2;0;1;2;3;9;
Courtney Lee;G;28:29;6;9;1;1;6;6;1;0;1;2;1;0;1;2;19;
Mike Conley;G;33:17;6;11;2;2;0;0;1;3;4;3;1;0;0;1;14;
Nick Calathes;;14:43;1;3;0;1;0;0;0;1;1;2;1;0;2;0;2;
Ed Davis;;17:27;5;8;0;0;0;0;2;3;5;0;1;0;0;3;10;
James Johnson;;25:29;5;9;0;1;0;1;2;5;7;5;1;2;3;2;10;
Kosta Koufos;;4:26;0;2;0;0;0;0;1;1;2;0;0;0;1;1;0;
Mike Miller;;17:49;1;2;0;0;0;0;0;2;2;1;0;0;2;2;2;
HOU
Chandler Parsons;F;43:01;11;17;10;14;2;2;2;2;4;1;0;0;2;3;34;
Terrence Jones;F;27:33;4;10;1;2;0;0;0;3;3;2;1;0;2;2;9;
Dwight Howard;C;30:20;5;10;0;0;1;2;1;11;12;0;0;2;3;5;11;
James Harden;G;39:46;2;11;1;4;5;6;0;2;2;13;1;0;1;2;10;
Patrick Beverley;G;34:14;1;11;1;8;0;0;2;1;3;2;0;1;0;5;3;
Donatas Motiejunas;;20:06;3;7;0;2;0;2;2;2;4;0;2;0;2;1;6;
Jeremy Lin;;27:03;4;6;0;1;1;2;0;1;1;3;2;1;2;1;9;
Omri Casspi;;17:57;2;7;1;3;0;0;0;2;2;0;1;0;1;0;5;
