12-06;MIL-WAS;109-105;
34-30;22-13;22-31;24-28;7-3;
MIL
Khris Middleton;F;47:14;11;22;4;7;3;3;2;5;7;2;2;1;1;4;29;
Ersan Ilyasova;F;27:49;2;8;0;3;3;4;0;5;5;2;0;0;1;5;7;
John Henson;C;45:22;8;10;0;0;3;5;5;12;17;4;0;1;1;0;19;
O.J. Mayo;G;39:11;7;16;1;4;2;4;0;0;0;3;1;0;4;5;17;
Brandon Knight;G;32:52;6;16;1;4;7;8;1;5;6;6;3;0;4;4;20;
Nate Wolters;;17:02;2;8;0;0;0;0;0;3;3;5;0;0;1;2;4;
Ekpe Udoh;;32:38;3;5;0;0;1;1;2;4;6;1;0;0;2;3;7;
Giannis Antetokounmpo;;19:35;3;6;0;2;0;1;2;2;4;1;0;1;1;2;6;
Luke Ridnour;;3:17;0;1;0;0;0;0;0;0;0;0;0;0;0;0;0;
WAS
Martell Webster;F;12:00;3;7;2;5;0;0;0;0;0;0;0;0;0;0;8;
Nene;F;24:54;5;8;0;0;0;4;0;2;2;2;2;1;0;1;10;
Marcin Gortat;C;39:10;4;7;0;0;6;7;2;6;8;0;1;2;2;3;14;
Trevor Ariza;G;46:10;6;12;5;10;5;6;0;12;12;4;4;2;3;3;22;
John Wall;G;47:30;9;23;0;5;12;13;0;3;3;8;2;3;5;5;30;
Jan Vesely;;16:13;1;2;0;0;0;0;0;2;2;1;0;1;1;5;2;
Trevor Booker;;25:43;3;6;0;0;3;6;4;5;9;2;0;1;0;2;9;
Chris Singleton;;33:18;1;10;1;4;4;4;6;2;8;2;3;0;2;3;7;
Eric Maynor;;4:28;1;4;0;1;1;1;0;0;0;1;0;0;0;0;3;
Otto Porter;;14:12;0;3;0;1;0;0;1;1;2;1;0;0;1;2;0;
Garrett Temple;;1:02;0;0;0;0;0;0;0;0;0;1;0;0;0;1;0;
Glen Rice Jr.;;0:20;0;1;0;1;0;0;0;0;0;0;0;0;0;1;0;
