04-02;BOS-WAS;92-118;
21-29;25-28;16-32;30-29;
BOS
Jeff Green;F;32:28;3;13;0;6;7;7;0;1;1;3;0;1;1;2;13;
Brandon Bass;F;15:05;2;2;0;0;4;4;0;1;1;0;0;0;1;1;8;
Kris Humphries;C;10:44;3;5;0;0;0;0;1;0;1;0;0;0;0;0;6;
Jerryd Bayless;G;21:04;1;6;0;2;0;0;0;0;0;1;3;0;0;3;2;
Rajon Rondo;G;31:55;6;13;0;3;1;1;1;6;7;6;1;1;7;2;13;
Jared Sullinger;;36:23;8;15;1;2;8;10;1;3;4;1;1;0;1;5;25;
Chris Johnson;;32:51;3;10;2;6;0;0;3;5;8;1;1;0;1;1;8;
Kelly Olynyk;;20:52;5;10;0;3;4;6;3;1;4;1;1;0;2;5;14;
Phil Pressey;;19:16;0;3;0;1;0;0;0;0;0;6;2;0;0;1;0;
Joel Anthony;;12:56;1;3;0;0;1;2;1;1;2;0;1;0;1;1;3;
Chris Babb;;6:26;0;1;0;1;0;0;0;1;1;1;0;0;0;1;0;
WAS
Trevor Ariza;F;28:38;7;13;3;6;1;1;1;6;7;0;1;0;0;2;18;
Trevor Booker;F;24:39;3;5;0;0;4;6;1;4;5;1;0;1;1;1;10;
Marcin Gortat;C;27:58;10;13;0;0;2;2;1;7;8;4;3;1;1;2;22;
Bradley Beal;G;31:17;7;8;1;1;4;4;0;2;2;2;1;0;3;3;19;
John Wall;G;27:48;5;10;0;1;3;3;0;3;3;10;2;0;4;3;13;
Martell Webster;;28:07;3;6;2;4;0;0;1;1;2;2;0;0;0;1;8;
Drew Gooden;;18:06;1;5;0;1;0;0;0;2;2;1;0;1;2;3;2;
Andre Miller;;19:49;1;1;0;0;0;0;1;3;4;8;0;0;2;1;2;
Al Harrington;;15:40;4;6;2;4;2;2;0;2;2;1;1;0;3;5;12;
Otto Porter;;5:55;3;3;1;1;2;3;1;0;1;0;0;0;1;0;9;
Kevin Seraphin;;5:55;0;1;0;0;0;0;0;4;4;0;0;1;2;2;0;
Chris Singleton;;3:42;0;0;0;0;0;0;0;0;0;0;0;0;2;1;0;
Garrett Temple;;2:26;1;1;1;1;0;0;0;1;1;0;0;0;0;0;3;
