01-03;LAC-DAL;119-112;
33-39;34-31;22-17;30-25;
LAC
Jared Dudley;F;36:26;3;9;1;3;0;2;1;3;4;3;0;0;0;1;7;
Blake Griffin;F;41:08;7;18;0;1;11;13;5;10;15;5;0;1;0;3;25;
DeAndre Jordan;C;41:12;11;14;0;0;3;7;6;12;18;1;1;3;2;2;25;
Jamal Crawford;G;34:43;6;17;1;6;4;4;0;1;1;2;1;0;3;2;17;
Chris Paul;G;21:49;5;8;5;6;4;4;0;3;3;6;1;0;1;1;19;
Matt Barnes;;19:49;2;4;2;4;0;0;0;1;1;0;1;0;0;2;6;
Darren Collison;;35:27;6;10;0;3;8;8;1;2;3;4;1;0;4;4;20;
Willie Green;;9:26;0;2;0;0;0;0;0;1;1;0;0;0;0;1;0;
DAL
Shawn Marion;F;30:48;8;16;2;4;2;2;2;4;6;2;2;0;2;1;20;
Dirk Nowitzki;F;32:55;10;17;4;5;0;0;0;4;4;4;2;0;1;0;24;
Samuel Dalembert;C;20:47;2;5;0;0;5;6;2;3;5;0;0;1;1;3;9;
Monta Ellis;G;37:36;6;12;0;2;1;2;0;2;2;9;2;0;2;4;13;
Jose Calderon;G;33:02;4;10;3;8;0;0;0;6;6;5;0;0;0;3;11;
DeJuan Blair;;7:11;3;5;0;0;0;0;1;2;3;0;0;0;1;1;6;
Vince Carter;;24:54;3;10;2;7;0;0;0;3;3;5;0;0;2;5;8;
Brandan Wright;;22:50;6;8;0;0;0;0;3;2;5;1;0;0;1;4;12;
Jae Crowder;;16:22;0;1;0;1;1;2;0;1;1;0;1;0;0;2;1;
Shane Larkin;;13:35;3;4;1;1;1;2;3;1;4;3;1;0;1;2;8;
