04-08;BKN-MIA;88-87;
26-14;18-29;18-22;26-22;
BKN
Joe Johnson;F;33:03;9;17;1;4;0;0;0;2;2;0;0;0;1;1;19;
Paul Pierce;F;32:19;5;8;1;3;3;3;0;4;4;1;2;2;3;5;14;
Mason Plumlee;C;30:19;4;6;0;0;0;0;3;5;8;2;1;3;0;2;8;
Shaun Livingston;G;28:04;2;6;0;0;0;0;0;2;2;1;0;0;3;2;4;
Deron Williams;G;34:23;3;9;1;4;1;4;1;5;6;6;2;1;3;2;8;
Marcus Thornton;;28:16;6;8;4;5;0;0;0;6;6;1;4;1;3;0;16;
Andrei Kirilenko;;10:47;0;0;0;0;1;2;0;3;3;0;0;0;0;1;1;
Mirza Teletovic;;22:35;4;8;2;6;1;1;0;2;2;1;0;0;0;1;11;
Alan Anderson;;20:14;3;6;0;1;1;4;0;2;2;1;0;0;2;0;7;
MIA
LeBron James;F;37:08;9;16;0;3;11;14;1;9;10;6;2;0;3;0;29;
Shane Battier;F;19:47;1;2;1;2;0;0;0;1;1;0;1;0;0;1;3;
Chris Bosh;C;35:43;5;13;0;4;2;3;2;4;6;1;0;2;2;3;12;
Toney Douglas;G;23:20;2;5;2;5;0;0;0;2;2;1;0;0;1;2;6;
Mario Chalmers;G;28:18;3;8;1;2;0;0;0;2;2;5;1;0;2;3;7;
Chris Andersen;;19:21;2;4;0;0;1;2;1;4;5;0;0;0;1;0;5;
Ray Allen;;23:07;2;5;2;4;0;0;1;3;4;0;0;1;1;4;6;
Rashard Lewis;;28:13;4;7;1;2;0;0;1;2;3;0;2;0;2;2;9;
Norris Cole;;25:03;5;9;0;2;0;0;0;1;1;4;3;0;1;0;10;
