12-13;UTA-DEN;103-93;
33-28;20-16;20-31;30-18;
UTA
Richard Jefferson;F;26:41;5;6;3;3;1;1;0;2;2;1;0;1;2;3;14;
Marvin Williams;F;26:27;4;9;3;6;0;0;1;2;3;2;4;0;0;2;11;
Derrick Favors;C;36:29;9;13;0;0;1;2;1;5;6;3;1;4;3;3;19;
Gordon Hayward;G;38:03;11;18;1;5;7;7;2;11;13;5;1;0;0;4;30;
Trey Burke;G;36:43;3;12;1;5;3;3;0;2;2;10;0;0;1;0;10;
Alec Burks;;22:27;3;9;0;1;1;1;2;1;3;2;0;0;1;1;7;
Enes Kanter;;11:31;0;5;0;0;0;0;0;1;1;0;0;0;1;3;0;
Brandon Rush;;9:57;0;1;0;0;0;0;1;1;2;1;0;1;1;3;0;
Jeremy Evans;;21:33;3;9;0;0;4;4;4;7;11;0;0;0;0;2;10;
Diante Garrett;;10:09;0;2;0;1;2;2;0;1;1;0;0;0;1;0;2;
DEN
Wilson Chandler;F;32:47;7;16;2;7;1;2;3;4;7;3;2;2;1;4;17;
Kenneth Faried;F;17:51;3;7;0;1;1;4;4;5;9;0;0;2;0;2;7;
JJ Hickson;C;21:07;4;9;0;0;4;7;1;3;4;2;1;1;0;3;12;
Randy Foye;G;14:36;0;3;0;2;0;0;0;1;1;1;0;1;1;2;0;
Ty Lawson;G;26:44;0;6;0;1;0;0;0;2;2;4;0;0;2;1;0;
Nate Robinson;;26:47;3;11;1;4;0;0;2;2;4;3;1;0;1;3;7;
Darrell Arthur;;22:33;4;9;0;0;1;2;2;2;4;1;0;2;0;3;9;
Andre Miller;;27:53;3;5;0;0;5;6;0;3;3;7;2;1;3;2;11;
Jordan Hamilton;;24:46;6;8;4;6;1;1;0;5;5;1;1;0;0;0;17;
Timofey Mozgov;;24:56;6;11;0;0;1;2;0;7;7;0;0;2;0;3;13;
