11-09;IND-BKN;96-91;
23-21;21-25;28-21;24-24;
IND
Paul George;F;36:05;8;14;3;5;5;5;0;6;6;2;1;0;3;3;24;
David West;F;32:43;7;15;1;1;3;4;2;6;8;4;2;0;2;2;18;
Roy Hibbert;C;31:54;7;17;0;1;1;2;4;7;11;1;1;2;2;3;15;
Lance Stephenson;G;39:26;7;12;1;2;0;1;2;1;3;7;0;0;2;2;15;
George Hill;G;31:09;1;6;0;2;4;5;0;1;1;7;0;0;1;1;6;
CJ Watson;;16:51;2;5;2;3;0;0;1;0;1;0;2;0;2;0;6;
Solomon Hill;;6:39;0;0;0;0;0;0;1;0;1;1;0;0;0;1;0;
Luis Scola;;15:17;2;6;0;0;2;3;1;4;5;2;0;1;1;2;6;
Ian Mahinmi;;16:06;1;1;0;0;0;0;0;2;2;0;2;0;0;2;2;
Orlando Johnson;;13:50;2;4;0;0;0;0;0;4;4;0;1;0;0;2;4;
BKN
Paul Pierce;F;32:44;5;12;3;6;2;2;1;7;8;4;2;0;5;4;15;
Kevin Garnett;F;27:11;3;7;0;0;0;0;1;7;8;2;3;0;3;4;6;
Brook Lopez;C;32:06;6;13;0;0;4;4;2;5;7;0;1;1;2;4;16;
Joe Johnson;G;32:15;6;10;3;5;2;2;0;3;3;0;0;0;0;1;17;
Deron Williams;G;32:44;7;14;1;3;2;2;0;0;0;10;1;0;2;2;17;
Andray Blatche;;19:26;3;7;0;1;1;2;1;4;5;2;1;0;2;1;7;
Alan Anderson;;16:39;1;1;1;1;1;3;0;1;1;0;0;1;0;2;4;
Shaun Livingston;;15:16;1;3;0;0;1;1;0;1;1;2;1;0;0;0;3;
Jason Terry;;16:02;0;4;0;3;0;0;0;2;2;0;0;0;1;1;0;
Mason Plumlee;;15:38;3;5;0;0;0;0;2;1;3;0;0;0;0;2;6;
