12-18;CHI-HOU;94-109;
16-24;30-33;20-26;28-26;
CHI
Luol Deng;F;35:08;7;15;1;3;3;5;0;5;5;4;1;0;2;2;18;
Carlos Boozer;F;29:27;7;15;0;0;3;4;3;3;6;2;2;0;5;3;17;
Joakim Noah;C;31:48;3;8;0;0;0;2;3;7;10;3;0;1;2;4;6;
Jimmy Butler;G;35:11;8;15;1;1;3;5;1;0;1;0;2;0;1;1;20;
D.J. Augustin;G;30:57;2;6;2;4;2;2;0;2;2;9;2;0;1;3;8;
Taj Gibson;;30:16;6;9;0;0;2;4;2;2;4;1;0;0;3;2;14;
Mike Dunleavy;;19:33;4;8;1;3;0;1;0;3;3;1;1;0;2;1;9;
Marquis Teague;;17:03;1;3;0;1;0;0;0;2;2;4;0;1;0;2;2;
Tony Snell;;5:44;0;0;0;0;0;0;0;0;0;1;0;0;0;0;0;
Nazr Mohammed;;4:29;0;0;0;0;0;0;0;0;0;1;0;0;1;1;0;
Erik Murphy;;0:25;0;0;0;0;0;0;0;0;0;0;0;0;0;0;0;
HOU
Chandler Parsons;F;35:41;8;14;3;4;0;1;2;7;9;3;0;1;2;2;19;
Terrence Jones;F;26:45;2;8;0;3;1;1;1;4;5;6;1;1;0;2;5;
Dwight Howard;C;34:29;11;14;0;0;1;1;1;8;9;0;1;1;2;2;23;
James Harden;G;35:39;7;13;1;4;4;4;0;4;4;6;3;0;7;3;19;
Patrick Beverley;G;33:38;5;9;2;4;3;5;0;1;1;3;0;0;0;1;15;
Omri Casspi;;21:15;3;7;1;4;4;4;2;1;3;0;1;0;1;2;11;
Aaron Brooks;;17:38;1;6;0;1;0;0;1;2;3;4;1;0;0;3;2;
Francisco Garcia;;18:49;4;6;1;2;0;0;1;0;1;0;0;2;0;4;9;
Greg Smith;;13:31;2;3;0;0;0;0;1;1;2;0;0;0;1;3;4;
Ronnie Brewer;;2:35;1;2;0;0;0;0;0;0;0;1;1;0;0;0;2;
