02-11;MIA-PHX;103-97;
22-25;21-21;28-28;32-23;
MIA
LeBron James;F;40:59;12;22;2;5;11;14;1;8;9;3;5;0;4;2;37;
Shane Battier;F;25:55;1;5;1;5;0;0;1;4;5;1;1;0;0;0;3;
Chris Bosh;C;38:22;8;11;2;2;3;4;2;6;8;1;0;0;2;2;21;
Toney Douglas;G;15:12;2;9;1;4;0;0;1;2;3;2;0;1;0;2;5;
Mario Chalmers;G;32:34;4;7;1;2;4;6;0;0;0;1;2;0;0;3;13;
Ray Allen;;28:34;3;6;1;4;0;0;0;7;7;3;1;0;2;1;7;
Norris Cole;;29:46;3;9;1;4;3;4;0;1;1;3;2;0;4;2;10;
Chris Andersen;;17:56;3;5;0;0;0;0;4;2;6;0;1;0;0;4;6;
Rashard Lewis;;10:42;0;2;0;1;1;2;0;2;2;0;0;0;0;1;1;
PHX
PJ Tucker;F;37:26;5;11;2;3;2;2;3;5;8;5;0;1;2;3;14;
Channing Frye;F;37:39;6;13;3;8;0;0;0;6;6;2;0;0;2;3;15;
Miles Plumlee;C;14:08;1;3;0;0;0;0;1;5;6;0;0;0;0;2;2;
Gerald Green;G;34:22;9;14;5;8;3;3;0;5;5;2;1;1;2;5;26;
Goran Dragic;G;38:47;4;12;2;5;5;5;1;2;3;9;4;1;3;3;15;
Markieff Morris;;33:20;5;14;0;2;2;2;1;2;3;0;1;2;3;3;12;
Leandro Barbosa;;14:49;2;3;0;0;1;1;0;1;1;1;0;0;2;0;5;
Marcus Morris;;7:30;0;3;0;2;0;0;0;0;0;0;0;0;1;1;0;
Alex Len;;6:03;0;0;0;0;0;0;0;2;2;0;0;1;0;1;0;
Ish Smith;;15:56;3;3;0;0;2;4;0;2;2;1;0;0;1;2;8;
