02-01;OKC-WAS;81-96;
13-25;25-17;26-36;17-18;
OKC
Kevin Durant;F;37:48;8;21;0;6;10;10;1;3;4;7;0;0;5;2;26;
Serge Ibaka;F;31:19;6;12;0;2;2;2;1;7;8;1;1;4;0;1;14;
Kendrick Perkins;C;20:23;0;3;0;0;0;0;3;3;6;1;0;0;3;2;0;
Thabo Sefolosha;G;27:58;3;5;2;2;0;0;2;6;8;3;1;0;1;0;8;
Reggie Jackson;G;34:46;6;17;0;4;0;0;0;8;8;4;2;0;8;4;12;
Nick Collison;;18:07;1;1;0;0;0;0;2;1;3;0;0;0;2;2;2;
Perry Jones;;21:02;1;5;0;2;3;4;0;3;3;1;0;0;0;2;5;
Derek Fisher;;13:14;2;5;2;5;0;1;0;2;2;1;0;0;0;2;6;
Steven Adams;;13:36;1;2;0;0;0;0;2;1;3;0;0;1;2;3;2;
Jeremy Lamb;;21:47;3;7;0;3;0;0;0;1;1;1;0;0;0;0;6;
WAS
Trevor Ariza;F;39:15;7;15;3;7;1;1;1;5;6;2;2;1;1;4;18;
Nene;F;27:05;8;12;1;1;0;2;2;3;5;1;1;0;3;5;17;
Marcin Gortat;C;35:59;7;13;0;0;0;0;1;13;14;2;0;1;0;3;14;
Bradley Beal;G;34:08;3;12;1;6;0;0;0;1;1;4;0;0;2;1;7;
John Wall;G;34:55;7;18;0;2;3;4;0;4;4;15;6;0;2;2;17;
Martell Webster;;21:37;3;9;2;7;2;2;0;3;3;1;0;0;0;0;10;
Kevin Seraphin;;9:28;2;2;0;0;0;0;1;1;2;0;0;0;0;1;4;
Trevor Booker;;23:28;1;4;0;0;0;0;2;4;6;1;0;0;2;1;2;
Garrett Temple;;14:06;3;4;1;1;0;0;1;1;2;2;0;0;0;1;7;
