01-24;MIN-GSW;121-120;
36-36;27-27;28-35;30-22;
MIN
Corey Brewer;F;33:20;6;11;3;5;0;0;0;0;0;4;2;0;0;2;15;
Kevin Love;F;36:42;7;18;1;5;11;14;5;9;14;8;1;0;2;1;26;
Nikola Pekovic;C;32:56;11;18;0;0;0;0;5;9;14;1;0;0;1;1;22;
Kevin Martin;G;34:21;10;17;3;3;3;5;1;3;4;2;1;0;2;4;26;
Ricky Rubio;G;33:26;4;7;0;1;1;2;1;0;1;12;4;0;4;5;9;
Jose Juan Barea;;9:41;2;4;1;3;0;1;0;2;2;2;0;0;2;1;5;
Alexey Shved;;14:06;2;5;0;0;3;5;0;3;3;0;1;0;0;1;7;
Ronny Turiaf;;14:56;1;3;0;0;0;0;0;1;1;0;0;2;0;1;2;
Chase Budinger;;14:48;2;5;1;4;0;0;0;2;2;0;0;0;0;1;5;
Dante Cunningham;;11:18;1;3;0;0;0;0;1;1;2;0;0;1;0;1;2;
A.J. Price;;4:17;1;3;0;1;0;1;1;0;1;0;0;0;1;0;2;
Luc Mbah a Moute;;0:08;0;0;0;0;0;0;0;0;0;0;0;0;0;0;0;
GSW
Andre Iguodala;F;32:49;6;9;1;3;3;5;0;5;5;2;1;0;2;2;16;
David Lee;F;34:06;10;15;0;0;3;3;1;6;7;2;0;0;2;5;23;
Andrew Bogut;C;32:01;4;5;0;0;0;0;3;8;11;1;0;7;0;5;8;
Klay Thompson;G;36:40;8;14;2;4;0;0;1;0;1;2;0;0;0;2;18;
Stephen Curry;G;36:53;12;21;6;10;3;3;1;2;3;15;1;0;5;3;33;
Harrison Barnes;;22:51;1;7;0;2;0;0;0;3;3;0;0;1;3;1;2;
Draymond Green;;13:38;1;4;0;1;2;2;1;4;5;5;2;0;0;2;4;
Jordan Crawford;;15:11;2;6;0;2;2;2;0;2;2;2;0;0;1;3;6;
Marreese Speights;;15:51;5;8;0;0;0;0;2;2;4;2;0;0;1;3;10;
