12-08;ORL-HOU;88-98;
18-28;20-24;23-31;27-15;
ORL
Arron Afflalo;F;39:04;6;17;1;6;3;4;1;8;9;1;0;0;1;4;16;
Andrew Nicholson;F;21:30;4;11;1;5;2;2;2;2;4;0;0;1;0;2;11;
Glen Davis;C;28:16;8;18;0;0;2;4;5;1;6;3;2;0;1;3;18;
Victor Oladipo;G;32:31;2;11;0;3;4;6;1;2;3;0;1;0;2;4;8;
Jameer Nelson;G;39:27;5;12;4;6;1;3;1;1;2;4;3;1;2;4;15;
E'Twaun Moore;;22:07;4;10;2;5;2;3;2;3;5;3;2;0;0;0;12;
Jason Maxiell;;18:29;1;4;0;0;0;2;1;4;5;0;1;3;0;5;2;
Ronnie Price;;9:37;0;3;0;2;0;0;0;3;3;2;2;0;0;2;0;
Maurice Harkless;;26:31;2;7;0;2;2;4;2;4;6;1;2;2;0;4;6;
Doron Lamb;;1:15;0;0;0;0;0;0;0;0;0;0;0;0;0;0;0;
Kyle O'Quinn;;1:15;0;0;0;0;0;0;0;0;0;0;0;0;1;1;0;
HOU
Chandler Parsons;F;38:31;7;12;3;6;1;5;0;4;4;4;0;0;3;3;18;
Terrence Jones;F;34:51;6;13;2;4;2;7;2;11;13;0;2;5;1;3;16;
Dwight Howard;C;34:05;6;12;0;0;8;14;8;14;22;3;2;3;4;4;20;
James Harden;G;39:41;7;17;3;7;10;11;4;4;8;10;0;0;3;1;27;
Patrick Beverley;G;38:52;3;9;2;8;1;3;1;3;4;3;0;1;1;2;9;
Aaron Brooks;;13:17;1;4;0;2;0;0;0;1;1;1;0;0;3;1;2;
Omri Casspi;;22:59;2;5;0;2;2;2;0;6;6;1;0;1;0;2;6;
Francisco Garcia;;12:53;0;3;0;3;0;0;0;0;0;0;1;0;2;2;0;
Donatas Motiejunas;;4:06;0;1;0;1;0;0;0;2;2;0;0;0;1;2;0;
Ronnie Brewer;;0:48;0;0;0;0;0;0;0;0;0;0;0;0;0;0;0;
