11-05;SAS-DEN;102-94;
24-27;19-25;29-26;30-16;
SAS
Kawhi Leonard;F;33:51;7;14;0;2;0;0;0;3;3;2;2;0;2;3;14;
Tim Duncan;F;33:57;7;15;0;0;3;3;2;6;8;8;0;4;4;4;17;
Tiago Splitter;C;21:26;4;7;0;0;4;5;4;4;8;1;0;1;0;1;12;
Danny Green;G;24:26;2;7;0;3;0;0;0;3;3;1;1;1;1;2;4;
Tony Parker;G;33:38;9;13;0;1;6;6;0;4;4;6;2;1;5;2;24;
Marco Belinelli;;10:51;2;5;0;0;0;0;0;0;0;1;1;0;1;1;4;
Boris Diaw;;26:17;4;10;1;3;0;0;2;6;8;1;1;1;0;1;9;
Manu Ginobili;;26:57;1;9;0;4;4;4;0;3;3;5;3;0;1;1;6;
Patty Mills;;14:22;3;5;2;2;0;0;0;0;0;2;3;0;1;4;8;
Matt Bonner;;8:28;1;1;1;1;0;0;0;0;0;0;0;1;1;3;3;
Jeff Ayres;;5:47;0;0;0;0;1;2;0;2;2;0;1;0;0;0;1;
DEN
Jordan Hamilton;F;23:06;4;6;3;3;0;0;0;4;4;1;0;0;2;1;11;
Kenneth Faried;F;28:17;7;14;0;0;1;2;2;6;8;2;1;0;0;1;15;
JaVale McGee;C;20:31;4;10;0;0;1;1;4;3;7;0;0;2;5;5;9;
Randy Foye;G;27:38;4;9;3;6;0;0;0;1;1;3;2;0;1;4;11;
Ty Lawson;G;37:23;6;18;1;5;7;9;0;2;2;8;1;0;2;1;20;
Nate Robinson;;18:36;2;9;0;3;1;2;0;2;2;4;0;0;3;1;5;
JJ Hickson;;16:40;2;5;0;0;0;0;2;5;7;0;0;1;4;1;4;
Timofey Mozgov;;21:11;4;6;0;0;3;4;1;4;5;2;0;1;4;6;11;
Evan Fournier;;9:01;0;0;0;0;0;0;1;1;2;1;0;0;1;3;0;
Andre Miller;;29:16;2;6;2;2;0;0;0;5;5;1;0;0;0;0;6;
Darrell Arthur;;8:21;0;0;0;0;2;2;0;2;2;0;0;0;0;0;2;
