11-16;DAL-ORL;108-100;
31-24;28-22;28-34;21-20;
DAL
Shawn Marion;F;33:34;3;9;2;4;3;4;2;6;8;0;2;0;0;1;11;
Dirk Nowitzki;F;33:18;6;12;4;6;2;2;0;4;4;3;0;0;0;3;18;
Samuel Dalembert;C;23:05;3;5;0;0;0;2;1;3;4;1;1;2;4;5;6;
Monta Ellis;G;39:58;9;19;0;2;1;2;0;2;2;8;3;0;3;4;19;
Jose Calderon;G;30:47;5;10;1;4;0;0;0;1;1;9;0;0;0;1;11;
Vince Carter;;23:54;4;10;2;7;2;2;0;3;3;1;1;0;0;0;12;
Jae Crowder;;17:29;3;5;1;3;0;0;1;2;3;1;2;0;0;1;7;
DeJuan Blair;;24:55;7;9;0;0;4;6;1;4;5;2;2;1;0;5;18;
Gal Mekel;;13:00;3;5;0;1;0;0;0;0;0;2;1;0;1;2;6;
ORL
Maurice Harkless;F;34:46;4;10;0;3;4;6;0;6;6;3;0;0;0;1;12;
Jason Maxiell;F;22:05;3;5;0;0;1;2;2;2;4;0;0;0;0;1;7;
Nikola Vucevic;C;34:19;8;12;0;0;0;0;0;8;8;4;2;1;2;4;16;
Arron Afflalo;G;37:24;6;12;0;2;13;14;0;2;2;4;0;0;1;0;25;
Jameer Nelson;G;22:55;6;11;3;6;0;0;0;4;4;2;0;0;1;1;15;
Andrew Nicholson;;15:09;4;5;0;0;0;1;1;5;6;0;0;0;3;2;8;
Victor Oladipo;;28:05;3;8;1;2;3;4;0;4;4;6;1;0;9;4;10;
E'Twaun Moore;;29:00;2;4;0;1;1;1;2;2;4;2;1;0;1;5;5;
Solomon Jones;;8:18;1;1;0;0;0;0;0;2;2;0;0;0;0;2;2;
Doron Lamb;;7:59;0;2;0;1;0;0;0;0;0;1;0;0;0;1;0;
