01-07;WAS-CHA;97-83;
24-21;19-18;23-16;31-28;
WAS
Trevor Ariza;F;23:47;2;6;0;3;0;0;0;3;3;2;1;0;1;2;4;
Trevor Booker;F;22:19;5;8;0;0;2;2;1;7;8;1;1;1;0;0;12;
Marcin Gortat;C;37:51;7;13;0;0;4;5;3;10;13;1;1;3;0;3;18;
Bradley Beal;G;30:59;10;18;1;3;0;0;0;2;2;3;0;0;0;4;21;
John Wall;G;31:47;5;16;2;7;5;5;1;1;2;8;0;0;0;2;17;
Nene;;15:01;3;9;0;0;1;2;1;5;6;1;0;0;2;3;7;
Martell Webster;;30:32;4;7;2;3;0;0;0;3;3;1;0;1;2;2;10;
Garrett Temple;;16:13;0;1;0;0;0;0;0;2;2;2;1;0;2;1;0;
Jan Vesely;;20:49;3;4;0;0;0;1;2;4;6;0;3;3;0;2;6;
Otto Porter;;10:42;1;3;0;1;0;0;0;1;1;1;0;0;0;1;2;
CHA
Chris Douglas-Roberts;F;29:35;2;4;2;3;0;0;0;6;6;1;1;0;1;0;6;
Josh McRoberts;F;26:14;1;4;0;1;0;0;0;3;3;1;0;0;0;1;2;
Al Jefferson;C;34:32;3;9;0;0;0;0;1;9;10;4;0;0;1;2;6;
Gerald Henderson;G;35:16;10;19;1;2;6;8;1;6;7;1;0;0;2;1;27;
Kemba Walker;G;38:34;7;17;2;7;3;6;0;3;3;8;0;0;5;2;19;
Cody Zeller;;11:11;2;5;0;0;1;2;0;1;1;0;0;0;0;2;5;
Ramon Sessions;;30:10;4;8;0;0;2;2;0;0;0;3;1;0;4;2;10;
Anthony Tolliver;;21:00;2;5;1;3;3;4;1;4;5;1;1;0;0;1;8;
Bismack Biyombo;;13:28;0;1;0;0;0;2;0;3;3;0;0;1;0;2;0;
