04-13;TOR-DET;116-107;
42-26;21-23;24-37;29-21;
TOR
Terrence Ross;F;22:32;2;4;1;3;1;1;0;4;4;4;2;1;2;6;6;
Amir Johnson;F;16:50;3;3;0;0;2;3;0;2;2;1;2;2;0;5;8;
Jonas Valanciunas;C;29:50;5;12;0;0;8;9;2;6;8;1;1;0;0;2;18;
DeMar DeRozan;G;37:34;10;19;2;4;8;10;0;1;1;3;0;0;0;3;30;
Kyle Lowry;G;33:32;9;18;4;7;6;8;1;1;2;7;2;0;2;6;28;
Patrick Patterson;;24:39;2;5;0;3;0;0;2;6;8;1;0;3;1;1;4;
John Salmons;;16:05;0;3;0;0;0;0;0;1;1;1;0;0;0;2;0;
Tyler Hansbrough;;10:36;0;0;0;0;2;2;0;3;3;0;1;0;0;2;2;
Greivis Vasquez;;19:21;5;9;2;4;2;2;0;0;0;2;0;0;3;3;14;
Nando De Colo;;14:56;2;5;0;2;0;0;1;0;1;2;0;0;1;3;4;
Charles Hayes;;14:05;1;3;0;0;0;0;2;8;10;0;0;0;0;2;2;
DET
Kyle Singler;F;40:32;4;9;2;4;4;6;2;4;6;3;0;0;0;3;14;
Greg Monroe;F;33:43;8;13;0;0;7;11;4;6;10;1;0;1;2;3;23;
Andre Drummond;C;31:16;5;9;0;0;4;8;6;11;17;2;2;3;3;5;14;
Rodney Stuckey;G;28:07;5;11;0;1;8;10;3;3;6;4;0;0;4;4;18;
Brandon Jennings;G;28:32;6;18;2;9;3;4;0;3;3;7;1;0;2;0;17;
Jonas Jerebko;;22:56;2;5;1;1;1;1;2;2;4;2;1;0;1;4;6;
Tony Mitchell;;6:41;1;2;0;0;0;1;3;0;3;0;2;0;1;4;2;
Gigi Datome;;13:24;0;2;0;1;0;0;0;4;4;2;0;0;0;1;0;
Peyton Siva;;19:53;2;9;0;3;5;7;0;0;0;4;0;0;1;3;9;
Kentavious Caldwell-Pope;;14:56;2;6;0;1;0;0;1;1;2;0;0;0;0;2;4;
