11-27;ATL-HOU;84-113;
19-30;26-26;22-21;17-36;
ATL
DeMarre Carroll;F;25:50;2;8;0;2;0;0;1;1;2;1;1;0;0;2;4;
Paul Millsap;F;25:43;6;10;1;1;3;5;0;5;5;2;2;1;3;4;16;
Al Horford;C;32:33;7;14;0;1;0;0;1;7;8;2;2;2;2;2;14;
Cartier Martin;G;33:16;5;10;4;7;0;0;0;0;0;0;0;0;1;2;14;
Jeff Teague;G;24:37;0;5;0;1;4;4;0;2;2;6;1;1;3;2;4;
John Jenkins;;33:14;5;12;3;6;0;0;0;3;3;3;0;0;4;2;13;
Gustavo Ayon;;9:22;2;3;0;0;0;0;2;2;4;0;0;0;0;5;4;
Mike Scott;;22:17;3;8;0;2;3;4;1;3;4;1;0;0;1;1;9;
Dennis Schroder;;27:03;2;5;0;2;2;2;0;1;1;5;2;0;4;2;6;
Elton Brand;;6:05;0;0;0;0;0;0;1;2;3;1;0;0;0;2;0;
HOU
Chandler Parsons;F;37:25;6;11;2;6;0;0;0;5;5;4;0;0;2;2;14;
Terrence Jones;F;23:51;6;10;2;3;0;0;1;5;6;1;0;1;1;4;14;
Dwight Howard;C;26:03;4;6;0;0;3;8;3;5;8;4;2;1;2;3;11;
Jeremy Lin;G;4:09;0;1;0;1;0;0;0;1;1;1;0;0;0;0;0;
Patrick Beverley;G;33:05;2;8;1;3;2;3;0;2;2;2;2;0;1;1;7;
Francisco Garcia;;33:12;9;14;3;6;0;0;0;2;2;3;1;0;1;0;21;
Omri Casspi;;25:42;3;5;1;1;2;2;1;4;5;2;1;0;2;3;9;
Omer Asik;;20:24;4;7;0;0;2;3;2;7;9;2;0;1;1;0;10;
Aaron Brooks;;27:29;7;12;4;6;3;3;0;2;2;4;2;0;3;4;21;
Ronnie Brewer;;4:20;1;1;1;1;0;0;1;0;1;2;0;0;0;0;3;
Donatas Motiejunas;;4:20;1;3;0;0;1;2;0;1;1;0;0;0;0;0;3;
