12-16;LAL-ATL;100-114;
28-20;26-27;19-35;27-32;
LAL
Wesley Johnson;F;27:42;3;9;0;2;0;0;1;3;4;1;0;1;1;1;6;
Jordan Hill;F;28:13;8;8;0;0;5;6;4;5;9;0;0;1;0;1;21;
Pau Gasol;C;32:10;7;9;0;0;2;4;2;8;10;2;0;0;3;4;16;
Jodie Meeks;G;24:39;1;8;0;3;0;0;1;2;3;2;1;0;2;0;2;
Kobe Bryant;G;32:10;4;14;0;5;0;1;0;3;3;6;2;0;5;1;8;
Xavier Henry;;26:46;6;14;0;2;6;6;2;4;6;3;3;0;2;1;18;
Shawne Williams;;13:02;0;2;0;2;0;0;0;3;3;0;0;0;0;1;0;
Nick Young;;32:43;7;14;5;7;4;4;1;3;4;1;0;1;1;3;23;
Robert Sacre;;15:50;3;4;0;0;0;0;0;0;0;1;0;1;0;2;6;
Ryan Kelly;;6:45;0;0;0;0;0;0;1;0;1;2;0;0;0;2;0;
ATL
DeMarre Carroll;F;28:08;5;11;1;5;2;2;3;3;6;3;1;0;0;3;13;
Paul Millsap;F;33:03;6;13;2;4;4;5;3;6;9;2;4;1;2;3;18;
Al Horford;C;32:40;9;17;0;1;1;1;5;6;11;5;0;1;2;2;19;
Kyle Korver;G;38:24;4;10;3;8;0;0;1;2;3;2;1;0;0;2;11;
Jeff Teague;G;38:42;6;16;2;3;3;4;0;4;4;10;1;1;2;1;17;
Elton Brand;;17:25;4;5;0;0;0;0;2;5;7;1;1;3;0;2;8;
Lou Williams;;21:58;2;8;1;2;0;0;0;2;2;8;1;0;2;1;5;
Shelvin Mack;;16:48;4;6;1;2;0;0;1;0;1;2;1;0;0;2;9;
Mike Scott;;12:52;5;6;1;2;3;3;0;1;1;1;0;0;2;2;14;
