01-08;PHX-MIN;104-103;
27-23;26-24;19-30;32-26;
PHX
PJ Tucker;F;28:60;1;5;0;0;2;2;3;7;10;1;1;0;2;5;4;
Channing Frye;F;36:09;8;17;5;10;1;1;0;5;5;1;0;1;0;3;22;
Miles Plumlee;C;31:56;4;8;0;0;3;4;0;9;9;2;1;0;1;6;11;
Gerald Green;G;24:50;5;12;2;6;2;2;0;1;1;0;0;1;0;4;14;
Goran Dragic;G;40:50;9;20;2;6;6;8;2;4;6;9;1;0;3;1;26;
Leandro Barbosa;;13:24;1;6;0;0;1;2;1;2;3;3;0;1;2;2;3;
Ish Smith;;11:38;2;5;0;2;0;0;1;0;1;1;0;0;0;2;4;
Alex Len;;11:55;1;3;0;0;0;0;4;1;5;0;0;0;0;1;2;
Marcus Morris;;24:23;4;6;2;4;0;0;2;3;5;0;1;0;2;2;10;
Markieff Morris;;15:56;3;10;0;1;2;4;2;3;5;2;2;0;0;4;8;
MIN
Corey Brewer;F;37:09;6;10;1;2;2;4;1;3;4;0;1;1;1;1;15;
Kevin Love;F;36:57;4;20;1;5;6;6;2;10;12;1;0;0;0;5;15;
Nikola Pekovic;C;33:23;6;16;0;0;5;5;8;4;12;2;1;2;2;1;17;
Kevin Martin;G;34:03;6;16;2;5;6;6;0;5;5;2;0;0;3;2;20;
Ricky Rubio;G;34:55;2;6;0;0;3;4;0;8;8;8;0;0;2;5;7;
Alexey Shved;;13:57;2;6;1;1;2;2;1;3;4;1;0;1;0;0;7;
Jose Juan Barea;;13:05;3;6;0;1;2;2;0;0;0;2;0;0;2;0;8;
Chase Budinger;;10:51;2;3;1;2;1;2;0;1;1;0;1;0;1;1;6;
Ronny Turiaf;;14:37;2;2;0;0;1;2;0;4;4;2;0;0;0;1;5;
Dante Cunningham;;11:03;1;1;0;0;1;2;0;1;1;1;0;1;0;2;3;
