03-05;SAC-MIL;116-102;
28-26;33-22;34-26;21-28;
SAC
Rudy Gay;F;34:57;8;16;0;5;6;6;1;6;7;6;2;0;5;3;22;
Jason Thompson;F;24:18;4;9;0;0;0;0;6;7;13;0;0;1;0;2;8;
DeMarcus Cousins;C;31:21;7;14;0;0;7;9;2;8;10;5;1;0;2;5;21;
Ben McLemore;G;26:03;2;5;0;0;0;0;0;2;2;1;0;1;0;1;4;
Isaiah Thomas;G;32:52;9;16;3;6;4;4;0;3;3;6;4;0;2;3;25;
Ray McCallum;;30:46;7;10;1;2;0;0;1;3;4;1;0;0;0;1;15;
Quincy Acy;;13:13;2;5;0;1;2;2;1;0;1;0;0;0;0;2;6;
Derrick Williams;;12:39;1;3;0;0;0;1;0;1;1;1;0;0;0;0;2;
Reggie Evans;;27:07;3;4;0;0;7;10;1;4;5;1;0;0;0;5;13;
Orlando Johnson;;6:44;0;1;0;0;0;0;0;0;0;0;0;1;0;1;0;
MIL
Khris Middleton;F;29:25;4;14;2;4;1;2;0;4;4;1;2;1;0;3;11;
Ersan Ilyasova;F;29:43;3;8;0;2;3;4;2;3;5;2;0;0;0;4;9;
Zaza Pachulia;C;16:23;2;5;0;0;0;0;0;1;1;3;0;0;3;4;4;
Nate Wolters;G;23:33;4;6;0;0;0;0;0;2;2;2;0;0;1;0;8;
Brandon Knight;G;32:49;7;13;2;4;9;10;1;4;5;6;0;0;1;0;25;
Giannis Antetokounmpo;;17:43;2;5;1;3;0;0;0;1;1;3;0;1;0;4;5;
John Henson;;24:15;2;6;0;0;2;4;5;2;7;1;0;0;0;3;6;
O.J. Mayo;;19:37;3;9;0;2;2;2;0;3;3;1;0;0;1;1;8;
Ramon Sessions;;17:26;2;5;1;2;4;4;1;2;3;3;0;0;2;1;9;
Jeff Adrien;;22:09;6;9;0;0;3;3;1;4;5;1;1;0;0;4;15;
Miroslav Raduljica;;3:30;0;0;0;0;0;0;0;0;0;2;0;0;0;0;0;
Tony Mitchell;;3:27;1;2;0;0;0;0;1;0;1;0;0;0;0;0;2;
