02-26;HOU-LAC;93-101;
22-26;26-20;25-28;20-27;
HOU
Chandler Parsons;F;31:30;3;13;1;5;0;0;1;4;5;3;1;0;2;1;7;
Terrence Jones;F;19:12;2;4;0;0;0;0;2;2;4;1;1;0;1;3;4;
Dwight Howard;C;34:57;9;12;0;0;5;9;3;8;11;2;0;1;3;2;23;
James Harden;G;42:42;6;16;1;6;5;7;2;4;6;3;0;0;6;2;18;
Patrick Beverley;G;29:24;1;2;1;1;2;2;1;4;5;2;0;1;4;6;5;
Jordan Hamilton;;24:15;6;12;4;8;0;0;0;3;3;2;2;0;1;2;16;
Donatas Motiejunas;;22:19;2;6;0;2;4;4;0;4;4;2;0;0;0;1;8;
Omer Asik;;17:05;3;4;0;0;0;0;2;3;5;1;0;2;1;1;6;
Jeremy Lin;;18:37;2;8;1;3;1;2;1;2;3;3;2;0;2;2;6;
LAC
Matt Barnes;F;32:38;5;9;1;4;0;0;2;0;2;2;1;1;1;4;11;
Blake Griffin;F;40:20;11;25;0;2;1;1;6;10;16;3;2;1;2;2;23;
DeAndre Jordan;C;38:36;6;7;0;0;1;2;1;9;10;2;3;4;1;3;13;
Jamal Crawford;G;15:37;2;10;1;6;3;3;1;0;1;1;0;0;2;1;8;
Chris Paul;G;39:00;5;13;0;1;4;5;0;3;3;9;2;0;1;4;14;
Darren Collison;;30:28;8;14;3;5;0;0;0;1;1;5;2;0;1;2;19;
Jared Dudley;;17:51;3;6;3;5;0;0;1;3;4;2;1;0;1;0;9;
Hedo Turkoglu;;4:44;0;1;0;0;0;0;1;0;1;0;1;0;1;1;0;
Reggie Bullock;;5:06;0;2;0;1;0;0;0;0;0;0;0;0;0;0;0;
Ryan Hollins;;2:39;1;2;0;0;0;0;1;0;1;0;0;0;0;0;2;
Willie Green;;7:47;0;3;0;0;0;0;0;1;1;1;0;0;0;3;0;
Glen Davis;;5:14;0;1;0;0;2;2;1;1;2;0;0;2;1;3;2;
