12-23;NYK-ORL;103-98;
29-27;36-14;19-35;19-22;
NYK
Carmelo Anthony;F;24:26;7;14;3;4;2;2;0;3;3;2;0;0;0;1;19;
Andrea Bargnani;F;28:10;5;12;0;1;3;3;1;4;5;0;0;1;0;2;13;
Tyson Chandler;C;39:50;5;9;0;0;0;2;2;11;13;2;2;1;0;4;10;
Iman Shumpert;G;27:14;4;7;1;2;0;0;3;3;6;0;1;0;2;2;9;
Raymond Felton;G;25:27;4;11;2;4;3;4;0;2;2;4;0;0;3;4;13;
J.R. Smith;;36:56;7;17;3;6;1;2;1;9;10;4;0;2;1;3;18;
Beno Udrih;;22:33;2;3;0;1;6;6;0;1;1;6;0;0;1;1;10;
Amar'e Stoudemire;;17:41;3;9;0;0;0;0;2;4;6;0;0;0;2;4;6;
Tim Hardaway Jr.;;17:43;2;4;1;3;0;0;0;1;1;1;0;0;0;0;5;
ORL
Tobias Harris;F;43:52;4;13;0;4;6;7;2;5;7;4;0;0;1;5;14;
Glen Davis;F;39:00;9;21;0;1;2;5;3;4;7;3;2;0;2;2;20;
Nikola Vucevic;C;36:13;6;12;0;0;2;2;4;8;12;1;0;3;2;5;14;
Arron Afflalo;G;42:39;9;17;5;7;3;5;0;5;5;5;0;0;1;3;26;
Jameer Nelson;G;41:53;6;14;3;10;2;2;1;7;8;10;1;0;2;5;17;
Victor Oladipo;;16:18;1;4;0;1;1;1;0;1;1;1;0;0;1;1;3;
Maurice Harkless;;7:46;1;3;0;1;0;0;0;1;1;0;0;1;0;0;2;
Andrew Nicholson;;4:08;0;1;0;0;0;0;0;0;0;0;1;0;0;0;0;
Doron Lamb;;1:49;0;1;0;1;0;0;0;0;0;0;0;0;0;0;0;
Jason Maxiell;;6:22;1;3;0;0;0;0;2;1;3;0;0;0;0;0;2;
