11-20;TOR-PHI;108-98;
25-25;30-23;38-29;15-21;
TOR
Rudy Gay;F;35:30;6;16;2;5;4;5;0;8;8;8;0;2;4;2;18;
Amir Johnson;F;25:15;3;8;0;1;1;2;1;4;5;0;1;2;2;3;7;
Jonas Valanciunas;C;21:41;1;4;0;0;2;2;1;3;4;2;1;1;1;2;4;
DeMar DeRozan;G;38:17;10;19;3;5;10;12;0;3;3;0;0;1;1;3;33;
Kyle Lowry;G;37:31;4;12;3;5;2;2;0;3;3;10;3;1;2;4;13;
Tyler Hansbrough;;22:03;1;5;0;0;3;5;4;4;8;0;1;1;0;3;5;
Terrence Ross;;32:09;7;11;3;4;0;0;3;4;7;2;1;1;0;1;17;
Steve Novak;;15:37;3;7;2;6;0;0;0;1;1;0;0;0;0;3;8;
Dwight Buycks;;10:29;1;4;1;3;0;0;0;2;2;2;0;0;0;2;3;
Austin Daye;;0:44;0;0;0;0;0;0;0;0;0;0;0;0;0;0;0;
Julyan Stone;;0:44;0;0;0;0;0;0;0;0;0;0;0;0;0;0;0;
PHI
Evan Turner;F;38:16;4;13;0;2;5;6;0;10;10;5;3;0;3;4;13;
Spencer Hawes;F;37:01;10;13;3;4;5;6;2;8;10;3;0;1;2;5;28;
Daniel Orton;C;17:05;2;4;0;0;2;2;1;5;6;0;0;1;3;0;6;
James Anderson;G;32:49;5;11;3;6;0;0;1;4;5;1;1;0;2;3;13;
Michael Carter-Williams;G;33:33;2;10;0;2;6;7;1;5;6;6;0;2;6;3;10;
Tony Wroten;;28:02;3;11;0;3;3;4;1;1;2;4;0;0;2;2;9;
Hollis Thompson;;13:30;3;5;0;1;0;0;1;1;2;0;0;0;0;0;6;
Lavoy Allen;;24:27;3;5;0;0;1;4;2;4;6;1;1;0;1;3;7;
Brandon Davies;;10:48;0;2;0;1;1;2;0;3;3;0;0;0;1;3;1;
Elliot Williams;;3:31;0;0;0;0;0;0;0;0;0;0;0;0;0;0;0;
Lorenzo Brown;;0:58;2;2;1;1;0;0;0;0;0;0;0;0;0;0;5;
