11-03;ATL-LAL;103-105;
22-33;27-29;27-26;27-17;
ATL
DeMarre Carroll;F;18:38;2;5;0;3;1;2;0;3;3;3;0;0;1;4;5;
Paul Millsap;F;28:53;4;9;0;0;6;10;3;4;7;4;1;1;1;4;14;
Al Horford;C;33:37;5;12;0;0;2;4;3;13;16;2;2;1;4;4;12;
Kyle Korver;G;37:19;8;10;6;6;0;0;0;2;2;4;2;1;0;3;22;
Jeff Teague;G;32:40;7;18;0;3;0;0;1;5;6;4;2;0;2;1;14;
Dennis Schroder;;21:34;4;11;0;2;2;4;0;3;3;4;0;0;1;1;10;
Mike Scott;;21:36;5;13;0;1;3;4;1;4;5;1;1;0;1;1;13;
Cartier Martin;;27:49;3;7;3;6;0;0;0;4;4;3;0;0;1;4;9;
Elton Brand;;4:20;0;0;0;0;0;2;1;0;1;1;0;0;0;0;0;
John Jenkins;;5:54;1;2;0;0;0;0;0;1;1;0;0;0;0;0;2;
Pero Antic;;7:40;1;3;0;1;0;0;1;3;4;0;1;0;0;0;2;
LAL
Xavier Henry;F;25:56;5;11;2;4;6;8;0;0;0;1;0;0;1;1;18;
Shawne Williams;F;17:44;3;5;1;2;0;0;1;3;4;0;1;1;1;6;7;
Pau Gasol;C;27:41;5;18;1;2;5;7;0;13;13;2;0;1;3;1;16;
Steve Blake;G;32:24;1;5;1;4;0;0;1;4;5;7;0;0;0;1;3;
Steve Nash;G;29:04;5;13;1;2;2;2;0;3;3;6;1;0;0;2;13;
Chris Kaman;;16:03;5;7;0;0;0;0;0;5;5;1;0;1;3;5;10;
Nick Young;;20:48;5;9;1;4;2;2;0;4;4;4;0;0;0;0;13;
Jordan Farmar;;18:50;2;8;1;4;0;0;0;5;5;3;2;0;4;1;5;
Jodie Meeks;;16:58;2;5;1;2;0;0;0;2;2;2;1;0;0;0;5;
Wesley Johnson;;20:56;3;6;0;1;3;3;3;4;7;0;0;3;0;5;9;
Jordan Hill;;13:36;2;2;0;0;2;2;1;4;5;1;0;1;1;2;6;
