03-08;NYK-CLE;107-97;
23-19;35-31;19-26;30-21;
NYK
Carmelo Anthony;F;39:21;10;23;4;7;2;2;1;6;7;4;3;2;3;3;26;
Amar'e Stoudemire;F;27:31;7;16;0;0;3;4;6;6;12;4;0;3;2;2;17;
Tyson Chandler;C;36:39;5;9;0;0;5;7;5;6;11;2;0;1;1;2;15;
Raymond Felton;G;29:33;2;6;0;1;4;4;0;5;5;6;2;2;2;3;8;
J.R. Smith;G;33:32;6;13;5;9;0;0;0;3;3;3;0;0;2;1;17;
Iman Shumpert;;31:07;3;8;1;4;0;0;1;4;5;3;1;1;1;3;7;
Tim Hardaway Jr.;;13:57;2;6;1;5;0;0;0;1;1;0;1;0;0;0;5;
Pablo Prigioni;;17:44;3;6;3;5;2;2;0;1;1;4;0;0;1;1;11;
Jeremy Tyler;;7:34;0;1;0;0;0;2;0;4;4;0;0;0;0;0;0;
Shannon Brown;;0:53;0;0;0;0;0;0;0;0;0;0;0;0;0;1;0;
Earl Clark;;0:43;0;0;0;0;0;0;0;0;0;0;0;0;0;0;0;
Toure Murry;;0:43;0;0;0;0;1;2;0;0;0;0;0;0;1;0;1;
Cole Aldrich;;0:43;0;0;0;0;0;0;0;0;0;0;0;0;0;0;0;
CLE
Luol Deng;F;39:08;3;12;2;3;2;2;3;4;7;4;1;1;2;1;10;
Tristan Thompson;F;36:52;3;8;0;0;2;2;1;3;4;1;2;1;0;2;8;
Spencer Hawes;C;36:15;7;15;4;7;3;3;1;9;10;3;1;3;2;5;21;
Jarrett Jack;G;39:29;5;13;0;4;2;2;0;2;2;3;2;0;3;2;12;
Kyrie Irving;G;42:55;11;25;3;9;5;6;2;6;8;8;2;0;3;3;30;
Dion Waiters;;13:36;3;8;0;0;2;3;0;2;2;1;0;0;0;1;8;
Anderson Varejao;;9:20;2;2;0;0;0;0;1;2;3;0;0;0;0;1;4;
Anthony Bennett;;7:34;1;1;0;0;0;0;0;0;0;1;0;0;0;1;2;
Alonzo Gee;;11:02;1;3;0;0;0;0;1;0;1;0;0;0;0;1;2;
Matthew Dellavedova;;0:03;0;0;0;0;0;0;0;0;0;0;0;0;0;0;0;
Tyler Zeller;;3:46;0;0;0;0;0;0;0;0;0;0;0;0;0;0;0;
