02-19;GSW-SAC;101-92;
30-26;29-24;16-26;26-16;
GSW
Andre Iguodala;F;36:27;6;11;0;4;1;1;0;3;3;2;2;0;0;3;13;
David Lee;F;40:15;10;20;0;0;3;4;3;8;11;2;2;1;1;3;23;
Jermaine O'Neal;C;16:21;0;2;0;0;3;4;1;3;4;1;0;0;0;2;3;
Klay Thompson;G;38:21;6;14;1;3;5;5;0;4;4;5;3;1;2;3;18;
Stephen Curry;G;35:51;5;14;1;4;2;3;0;1;1;8;1;0;0;2;13;
Draymond Green;;27:48;5;8;0;2;2;2;2;6;8;2;2;0;1;4;12;
Harrison Barnes;;26:49;2;5;1;2;2;2;0;4;4;3;3;0;3;3;7;
Jordan Crawford;;13:08;4;10;0;3;2;2;0;0;0;3;1;0;0;1;10;
Marreese Speights;;5:00;1;2;0;1;0;1;0;0;0;0;0;1;0;2;2;
SAC
Rudy Gay;F;36:52;6;21;0;3;4;6;4;4;8;4;1;3;4;2;16;
Carl Landry;F;21:24;4;7;0;0;1;1;1;4;5;0;0;0;0;2;9;
Jason Thompson;C;27:22;2;7;0;0;2;4;3;3;6;1;0;0;2;4;6;
Ben McLemore;G;18:58;1;4;1;2;1;2;2;2;4;0;0;0;0;5;4;
Isaiah Thomas;G;42:27;9;17;2;6;6;7;0;4;4;7;1;0;7;2;26;
Travis Outlaw;;33:08;6;11;3;4;3;4;2;3;5;1;2;0;2;1;18;
Quincy Acy;;26:16;2;2;0;0;0;0;3;9;12;0;0;0;2;2;4;
Derrick Williams;;17:38;1;4;0;1;2;2;0;3;3;0;0;0;1;0;4;
Jimmer Fredette;;4:15;1;3;0;0;1;2;0;0;0;0;0;0;2;0;3;
Ray McCallum;;11:40;1;3;0;1;0;0;0;2;2;0;0;0;1;1;2;
