02-05;POR-NYK;94-90;
26-23;21-23;30-22;17-22;
POR
LaMarcus Aldridge;F;38:38;5;17;0;0;5;7;1;11;12;5;0;1;0;1;15;
Nicolas Batum;F;37:31;9;14;2;5;0;0;3;7;10;3;1;0;4;3;20;
Robin Lopez;C;33:50;1;5;0;0;7;8;5;2;7;0;1;3;3;4;9;
Damian Lillard;G;38:05;4;12;1;6;3;5;1;4;5;4;1;0;4;0;12;
Wesley Matthews;G;35:51;6;15;3;6;3;4;0;7;7;1;0;0;0;1;18;
Dorell Wright;;13:17;1;4;1;3;3;3;0;1;1;2;1;0;0;2;6;
Joel Freeland;;13:35;1;3;0;0;0;0;1;2;3;0;0;1;0;2;2;
Mo Williams;;20:19;2;7;1;1;5;6;1;2;3;2;1;0;2;0;10;
Meyers Leonard;;8:54;1;2;0;0;0;0;0;1;1;0;0;0;1;3;2;
NYK
Carmelo Anthony;F;40:09;11;28;1;6;3;3;2;6;8;0;1;2;1;3;26;
Iman Shumpert;F;23:51;0;5;0;0;0;0;1;2;3;1;2;0;0;3;0;
Tyson Chandler;C;30:45;1;3;0;0;0;0;2;7;9;1;2;0;0;5;2;
Raymond Felton;G;23:25;2;6;0;1;3;6;1;3;4;3;0;0;1;1;7;
Pablo Prigioni;G;31:04;2;6;1;3;0;0;4;3;7;7;2;0;0;3;5;
J.R. Smith;;30:30;7;14;1;4;3;3;1;2;3;6;1;0;5;5;18;
Amar'e Stoudemire;;21:42;6;10;0;0;3;4;2;5;7;0;0;1;1;0;15;
Tim Hardaway Jr.;;27:14;5;13;1;7;1;2;0;5;5;0;0;0;1;1;12;
Jeremy Tyler;;11:19;2;5;0;0;1;2;2;0;2;0;0;2;0;3;5;
