02-28;GSW-NYK;126-103;
38-27;35-25;26-28;27-23;
GSW
Andre Iguodala;F;26:06;2;8;0;2;3;5;0;5;5;3;3;0;0;1;7;
David Lee;F;23:48;4;6;0;0;2;2;4;2;6;0;2;1;2;2;10;
Andrew Bogut;C;12:27;3;3;0;0;0;1;1;6;7;1;0;0;1;5;6;
Stephen Curry;G;30:18;9;19;5;11;4;4;2;9;11;11;0;1;4;2;27;
Klay Thompson;G;29:03;9;17;5;10;2;3;0;3;3;1;1;0;0;1;25;
Jermaine O'Neal;;20:17;6;8;0;0;3;5;2;4;6;0;0;1;2;4;15;
Harrison Barnes;;26:59;3;7;1;3;2;2;0;4;4;2;0;0;2;2;9;
Steve Blake;;19:50;3;6;2;4;1;1;1;2;3;4;1;0;0;1;9;
Jordan Crawford;;18:14;0;5;0;4;1;1;0;1;1;2;1;0;4;1;1;
Draymond Green;;22:39;2;6;1;1;0;0;1;1;2;1;3;1;0;1;5;
Marreese Speights;;10:19;3;7;0;0;6;7;1;0;1;0;0;1;0;1;12;
NYK
Carmelo Anthony;F;37:29;7;26;1;6;8;8;7;9;16;2;1;0;2;3;23;
J.R. Smith;F;31:15;7;19;3;7;0;0;1;3;4;1;0;0;2;2;17;
Tyson Chandler;C;29:38;2;10;0;0;2;3;3;9;12;3;2;0;2;5;6;
Raymond Felton;G;21:34;3;6;1;2;1;2;0;2;2;3;1;0;6;2;8;
Pablo Prigioni;G;10:21;2;3;1;1;0;0;0;0;0;0;0;0;0;3;5;
Tim Hardaway Jr.;;40:29;6;11;4;7;6;6;0;2;2;0;2;0;1;3;22;
Jeremy Tyler;;19:27;3;6;0;0;0;0;2;3;5;1;0;1;1;5;6;
Shannon Brown;;15:12;0;2;0;0;0;0;0;3;3;1;2;0;0;1;0;
Earl Clark;;10:59;2;5;0;2;4;4;0;4;4;1;0;2;0;0;8;
Toure Murry;;23:36;4;7;0;0;0;0;0;2;2;2;0;1;3;0;8;
