03-11;HOU-OKC;98-106;
24-26;17-30;26-21;31-29;
HOU
Chandler Parsons;F;45:54;6;17;3;7;4;4;1;5;6;4;2;0;2;2;19;
Terrence Jones;F;20:32;4;7;0;1;0;1;1;2;3;0;1;2;1;3;8;
Dwight Howard;C;32:54;4;12;0;0;1;6;2;8;10;0;0;1;2;4;9;
James Harden;G;43:42;9;21;3;7;7;7;0;8;8;9;1;1;3;1;28;
Patrick Beverley;G;24:42;1;4;0;1;0;0;1;1;2;3;2;0;0;5;2;
Donatas Motiejunas;;7:43;0;1;0;0;3;6;1;0;1;0;0;0;0;1;3;
Jeremy Lin;;23:41;3;6;0;3;2;2;0;4;4;2;1;0;3;2;8;
Omer Asik;;15:06;2;4;0;0;3;4;1;4;5;0;0;0;1;0;7;
Jordan Hamilton;;9:14;0;2;0;2;3;4;0;3;3;0;0;0;0;1;3;
Francisco Garcia;;16:32;4;5;3;4;0;0;1;2;3;0;0;1;1;3;11;
OKC
Kevin Durant;F;42:08;12;22;5;8;13;16;0;5;5;4;0;1;3;3;42;
Serge Ibaka;F;36:36;6;14;0;1;0;0;7;9;16;1;0;4;3;3;12;
Steven Adams;C;23:48;1;2;0;0;0;0;1;7;8;0;0;2;0;4;2;
Perry Jones;G;22:03;0;4;0;3;0;0;0;6;6;0;0;0;0;2;0;
Russell Westbrook;G;30:08;6;14;1;4;11;14;0;4;4;7;4;0;5;2;24;
Hasheem Thabeet;;7:50;0;0;0;0;0;0;0;1;1;0;0;0;0;2;0;
Caron Butler;;28:30;4;10;3;7;0;0;0;5;5;0;0;0;1;3;11;
Reggie Jackson;;20:46;4;8;1;3;0;0;0;1;1;1;1;0;1;1;9;
Derek Fisher;;23:09;1;4;1;3;3;4;0;2;2;5;0;0;0;1;6;
Nick Collison;;1:43;0;0;0;0;0;0;0;0;0;0;0;0;0;3;0;
Jeremy Lamb;;3:19;0;2;0;0;0;0;0;1;1;0;0;0;0;1;0;
