01-08;ORL-POR;94-110;
24-24;27-21;24-26;19-39;
ORL
Arron Afflalo;F;39:16;7;14;2;3;6;8;1;4;5;4;0;0;2;2;22;
Tobias Harris;F;36:49;5;12;1;2;0;1;1;7;8;1;1;1;1;2;11;
Glen Davis;C;36:07;7;18;0;0;2;2;3;3;6;2;0;0;0;3;16;
Victor Oladipo;G;38:37;3;8;1;3;7;8;0;4;4;2;2;1;3;2;14;
Jameer Nelson;G;39:58;6;18;3;9;2;2;1;4;5;10;1;0;1;1;17;
Doron Lamb;;9:26;1;4;0;2;0;0;0;1;1;1;1;0;1;0;2;
Maurice Harkless;;15:30;2;4;0;0;2;2;1;2;3;0;0;0;0;0;6;
Andrew Nicholson;;11:11;2;4;0;1;1;2;1;4;5;1;0;0;0;1;5;
Jason Maxiell;;10:40;0;0;0;0;0;0;2;2;4;0;0;0;1;1;0;
E'Twaun Moore;;1:13;0;0;0;0;1;2;0;0;0;0;0;0;0;0;1;
Kyle O'Quinn;;1:13;0;1;0;0;0;0;0;1;1;0;0;0;0;0;0;
POR
Nicolas Batum;F;33:59;6;14;2;6;0;0;1;9;10;14;1;1;2;3;14;
LaMarcus Aldridge;F;34:54;16;25;0;0;4;4;0;9;9;1;1;3;0;1;36;
Robin Lopez;C;25:01;2;3;0;0;3;4;4;3;7;0;0;2;0;1;7;
Wesley Matthews;G;30:07;6;17;3;9;2;2;2;3;5;4;0;0;1;4;17;
Damian Lillard;G;33:38;4;12;3;8;0;0;0;7;7;2;0;1;1;0;11;
Mo Williams;;29:55;5;10;1;4;1;1;0;1;1;4;2;0;1;4;12;
Joel Freeland;;18:00;1;3;0;0;1;2;3;0;3;1;1;1;1;0;3;
CJ McCollum;;14:22;2;5;0;2;0;0;0;2;2;0;1;0;1;0;4;
Meyers Leonard;;6:51;0;2;0;0;0;0;0;0;0;0;0;0;0;1;0;
Thomas Robinson;;11:14;3;3;0;0;0;0;1;2;3;1;0;1;0;2;6;
Will Barton;;1:13;0;1;0;1;0;0;0;0;0;0;0;0;0;0;0;
Earl Watson;;0:46;0;0;0;0;0;0;0;0;0;0;0;0;0;0;0;
