03-26;DEN-SAS;103-108;
28-34;15-29;24-21;36-24;
DEN
Quincy Miller;F;22:08;4;12;0;2;3;4;0;4;4;2;2;0;2;1;11;
Kenneth Faried;F;33:50;8;15;0;0;8;10;3;7;10;1;4;1;3;5;24;
Timofey Mozgov;C;30:24;6;9;1;2;1;2;3;8;11;0;1;2;3;1;14;
Randy Foye;G;34:16;4;9;0;2;0;0;0;4;4;2;0;0;0;3;8;
Ty Lawson;G;34:36;2;8;0;1;3;4;1;3;4;7;1;0;5;2;7;
Darrell Arthur;;30:07;3;10;1;5;2;2;0;4;4;1;4;3;2;4;9;
Evan Fournier;;22:01;2;2;1;1;0;0;0;1;1;1;1;0;3;2;5;
Aaron Brooks;;30:59;9;18;4;6;3;3;2;3;5;8;0;0;0;4;25;
Anthony Randolph;;1:39;0;0;0;0;0;0;0;0;0;0;0;0;0;0;0;
SAS
Kawhi Leonard;F;35:05;3;8;1;2;1;1;2;4;6;1;3;3;1;2;8;
Tim Duncan;F;36:27;12;20;0;0;5;6;2;11;13;5;2;2;5;2;29;
Tiago Splitter;C;28:39;4;5;0;0;2;2;2;2;4;5;1;0;3;3;10;
Danny Green;G;17:16;5;9;5;9;1;2;1;1;2;1;1;0;0;1;16;
Tony Parker;G;36:40;4;10;0;0;2;2;0;4;4;6;1;0;5;2;10;
Manu Ginobili;;24:36;4;10;0;2;2;4;1;0;1;7;1;1;3;2;10;
Boris Diaw;;20:43;3;7;0;1;1;3;3;3;6;3;1;0;1;1;7;
Marco Belinelli;;16:18;3;8;1;3;0;0;0;0;0;1;0;0;2;2;7;
Aron Baynes;;7:47;2;3;0;0;0;0;1;4;5;0;0;0;0;1;4;
Patty Mills;;14:21;3;6;1;2;0;0;1;0;1;1;1;0;0;1;7;
Austin Daye;;2:09;0;2;0;1;0;0;0;1;1;0;0;0;1;1;0;
