04-13;CHI-NYK;89-100;
22-19;17-26;25-32;25-23;
CHI
Carlos Boozer;F;24:00;4;9;0;0;0;0;2;5;7;5;0;0;1;4;8;
Mike Dunleavy;F;32:43;4;9;1;4;4;4;0;3;3;0;1;0;0;1;13;
Joakim Noah;C;40:26;2;5;0;0;9;11;4;13;17;9;1;1;4;4;13;
Jimmy Butler;G;45:06;6;11;2;4;3;6;0;3;3;3;1;0;2;3;17;
Kirk Hinrich;G;32:56;4;13;1;6;2;2;1;3;4;3;0;0;1;1;11;
D.J. Augustin;;30:21;3;13;2;8;4;6;1;2;3;3;0;0;4;1;12;
Taj Gibson;;27:15;5;13;0;0;3;3;3;4;7;0;0;0;3;4;13;
Nazr Mohammed;;4:19;1;1;0;0;0;0;1;0;1;0;0;0;0;1;2;
Tony Snell;;2:54;0;0;0;0;0;0;0;0;0;0;1;0;1;0;0;
NYK
Carmelo Anthony;F;28:17;7;13;1;4;2;3;1;0;1;3;1;0;2;4;17;
Amar'e Stoudemire;F;34:26;5;8;0;0;2;3;2;1;3;2;1;1;0;2;12;
Tyson Chandler;C;29:39;0;2;0;0;1;2;1;11;12;1;1;1;2;2;1;
Raymond Felton;G;35:33;5;14;1;3;3;4;0;1;1;7;1;0;1;4;14;
J.R. Smith;G;22:10;6;13;5;9;0;0;0;3;3;1;1;0;1;0;17;
Iman Shumpert;;31:44;5;11;0;1;0;0;0;7;7;0;1;0;1;3;10;
Tim Hardaway Jr.;;26:33;5;12;2;7;8;8;0;1;1;0;3;0;0;2;20;
Pablo Prigioni;;11:37;1;3;0;1;1;1;0;0;0;0;0;0;0;4;3;
Cole Aldrich;;18:21;3;5;0;0;0;0;3;5;8;2;0;3;2;4;6;
Toure Murry;;0:50;0;0;0;0;0;0;0;0;0;0;0;0;0;0;0;
Jeremy Tyler;;0:50;0;0;0;0;0;0;0;0;0;0;0;0;0;0;0;
