11-02;SAS-POR;105-115;
19-21;20-29;35-32;31-33;
SAS
Kawhi Leonard;F;26:26;4;9;0;0;1;1;0;1;1;1;2;0;1;2;9;
Tim Duncan;F;31:03;12;23;0;1;0;0;3;4;7;1;0;1;0;3;24;
Tiago Splitter;C;18:15;0;2;0;0;0;0;2;2;4;0;0;0;1;2;0;
Danny Green;G;17:02;0;3;0;1;0;0;0;0;0;0;0;1;0;1;0;
Tony Parker;G;33:12;7;20;0;1;3;5;1;4;5;9;1;0;3;4;17;
Manu Ginobili;;26:02;5;12;1;4;0;0;1;2;3;3;1;0;2;2;11;
Boris Diaw;;30:49;6;7;1;1;1;1;1;4;5;4;0;0;2;3;14;
Marco Belinelli;;26:30;8;12;3;3;0;0;0;3;3;4;2;0;2;4;19;
Aron Baynes;;7:25;1;1;0;0;0;0;2;0;2;1;0;0;0;1;2;
Patty Mills;;14:48;2;3;1;1;0;0;0;2;2;1;0;0;1;1;5;
Jeff Ayres;;8:28;2;2;0;0;0;1;2;1;3;0;0;0;0;2;4;
POR
Nicolas Batum;F;35:54;4;11;1;4;2;3;4;8;12;11;0;1;4;2;11;
LaMarcus Aldridge;F;38:15;11;17;0;0;2;2;0;7;7;4;1;2;3;1;24;
Robin Lopez;C;39:45;6;10;0;0;0;0;3;3;6;1;0;2;0;1;12;
Wesley Matthews;G;33:29;8;13;3;6;1;2;0;3;3;2;1;1;1;1;20;
Damian Lillard;G;36:06;7;16;3;8;8;8;0;7;7;7;0;0;3;2;25;
Mo Williams;;23:15;6;9;1;2;0;0;0;0;0;2;0;1;2;3;13;
Joel Freeland;;8:15;1;2;0;0;2;2;0;1;1;0;0;0;2;2;4;
Dorell Wright;;15:28;0;0;0;0;2;2;0;2;2;1;1;0;1;0;2;
Thomas Robinson;;9:33;2;3;0;0;0;0;0;1;1;1;0;0;0;3;4;
