03-07;IND-HOU;86-112;
16-27;27-23;16-38;27-24;
IND
Paul George;F;33:45;5;12;1;4;2;2;0;5;5;4;2;1;4;2;13;
David West;F;23:06;5;11;0;0;5;8;4;6;10;1;0;1;3;2;15;
Roy Hibbert;C;28:57;4;6;0;0;1;2;1;2;3;1;0;3;0;3;9;
Lance Stephenson;G;29:19;2;8;0;0;0;0;0;2;2;6;1;0;1;2;4;
George Hill;G;27:47;2;5;0;1;0;0;0;0;0;3;0;0;1;2;4;
Luis Scola;;19:22;4;7;0;0;2;2;0;3;3;1;0;0;0;3;10;
Evan Turner;;15:23;2;3;1;1;0;0;0;1;1;0;2;0;2;1;5;
Rasual Butler;;21:52;3;5;2;3;0;0;0;1;1;2;1;1;1;2;8;
Ian Mahinmi;;13:31;1;4;0;0;0;0;0;4;4;0;0;0;2;2;2;
Solomon Hill;;7:57;3;3;2;2;0;0;0;3;3;0;1;0;2;0;8;
Donald Sloan;;7:57;1;5;0;2;1;1;0;0;0;3;0;0;1;0;3;
Lavoy Allen;;5:32;0;0;0;0;0;0;1;0;1;1;0;0;0;1;0;
Chris Copeland;;5:32;2;5;1;3;0;0;1;1;2;0;0;0;0;2;5;
HOU
Chandler Parsons;F;35:10;4;12;1;4;2;2;2;3;5;6;0;0;1;1;11;
Terrence Jones;F;24:12;3;4;1;1;0;0;1;3;4;1;1;0;0;2;7;
Dwight Howard;C;27:59;6;11;0;0;3;5;1;5;6;4;0;1;2;3;15;
James Harden;G;30:31;10;17;4;7;4;6;0;4;4;4;3;0;2;2;28;
Patrick Beverley;G;26:26;4;6;1;1;0;0;0;2;2;5;1;0;1;2;9;
Donatas Motiejunas;;23:22;3;5;2;3;2;2;1;1;2;1;0;0;0;1;10;
Jeremy Lin;;16:02;4;5;1;2;2;2;0;0;0;3;0;0;0;1;11;
Jordan Hamilton;;17:16;3;7;1;5;0;0;0;3;3;0;2;1;3;1;7;
Omer Asik;;20:01;0;2;0;0;4;6;1;5;6;1;0;2;2;0;4;
Omri Casspi;;7:57;0;2;0;1;0;0;0;2;2;1;0;0;0;0;0;
Troy Daniels;;5:32;2;4;1;3;0;0;0;0;0;0;0;0;0;1;5;
Isaiah Canaan;;5:32;1;1;1;1;2;2;0;0;0;0;1;0;1;1;5;
