01-22;IND-PHX;100-124;
29-30;20-32;30-34;21-28;
IND
Paul George;F;34:06;10;19;1;6;5;7;1;6;7;1;1;0;4;3;26;
David West;F;27:17;6;11;0;0;1;3;3;2;5;3;1;0;2;1;13;
Roy Hibbert;C;28:14;3;8;0;0;0;2;2;2;4;0;0;2;3;6;6;
Lance Stephenson;G;28:52;3;9;0;0;0;1;1;4;5;4;1;0;2;2;6;
George Hill;G;30:19;4;4;1;1;7;8;1;3;4;1;2;0;2;4;16;
Luis Scola;;14:37;2;5;0;0;1;2;1;4;5;0;0;0;2;3;5;
Danny Granger;;21:18;3;5;1;2;0;0;0;2;2;0;0;0;3;1;7;
CJ Watson;;11:35;1;3;0;1;2;2;1;0;1;3;1;0;0;1;4;
Ian Mahinmi;;19:18;0;1;0;0;2;2;0;2;2;0;0;2;0;5;2;
Rasual Butler;;6:06;1;3;0;2;0;0;0;2;2;1;0;0;0;0;2;
Solomon Hill;;6:06;1;1;0;0;0;0;0;0;0;0;0;0;1;0;2;
Donald Sloan;;6:06;2;3;1;1;0;0;0;1;1;0;0;0;1;0;5;
Chris Copeland;;6:06;2;3;1;2;1;1;0;1;1;1;0;0;0;2;6;
PHX
PJ Tucker;F;27:37;5;6;1;1;2;2;0;5;5;1;0;0;1;2;13;
Channing Frye;F;30:50;3;7;2;3;2;2;1;2;3;0;2;0;2;4;10;
Miles Plumlee;C;29:44;5;8;0;0;1;2;3;4;7;1;1;0;0;1;11;
Gerald Green;G;29:49;6;13;3;5;8;10;0;6;6;2;1;0;0;2;23;
Goran Dragic;G;22:18;8;10;2;2;3;7;1;1;2;3;1;0;3;4;21;
Markieff Morris;;27:01;8;14;2;3;2;2;1;2;3;1;2;0;0;4;20;
Leandro Barbosa;;22:35;2;8;0;0;0;0;0;2;2;2;0;0;1;3;4;
Marcus Morris;;19:19;2;6;0;1;1;2;0;3;3;2;2;0;1;1;5;
Ish Smith;;14:29;4;6;0;0;0;1;0;1;1;2;0;0;0;0;8;
Alex Len;;5:27;0;1;0;0;0;0;0;1;1;0;0;0;1;1;0;
Dionte Christmas;;5:27;1;1;1;1;2;2;1;1;2;1;0;0;0;1;5;
Archie Goodwin;;2:58;0;1;0;0;2;2;0;0;0;0;0;0;0;0;2;
Viacheslav Kravtsov;;2:26;1;2;0;0;0;0;0;0;0;0;0;0;0;0;2;
