01-15;CLE-POR;96-108;
27-26;23-28;25-23;21-31;
CLE
Luol Deng;F;39:18;10;20;2;7;3;4;1;5;6;2;3;0;3;2;25;
Tristan Thompson;F;38:17;4;8;0;0;2;2;3;7;10;0;0;0;1;3;10;
Anderson Varejao;C;38:09;4;7;0;0;0;0;4;10;14;4;3;2;2;3;8;
CJ Miles;G;11:53;2;6;1;3;0;0;0;2;2;0;0;0;0;2;5;
Kyrie Irving;G;39:37;7;20;1;7;6;6;0;2;2;4;1;0;3;3;21;
Dion Waiters;;29:40;8;19;1;3;1;4;1;1;2;3;1;0;1;1;18;
Tyler Zeller;;8:41;3;3;0;0;0;2;1;0;1;0;1;0;2;5;6;
Jarrett Jack;;12:21;1;3;1;1;0;0;0;2;2;3;0;0;0;0;3;
Earl Clark;;9:48;0;3;0;2;0;0;0;2;2;1;0;0;0;0;0;
Matthew Dellavedova;;11:37;0;0;0;0;0;0;0;1;1;0;0;0;0;2;0;
Henry Sims;;0:40;0;0;0;0;0;0;0;0;0;0;0;0;0;0;0;
POR
Nicolas Batum;F;35:44;3;5;0;2;1;1;4;5;9;6;1;1;2;1;7;
LaMarcus Aldridge;F;35:13;12;26;1;1;7;7;3;15;18;4;1;0;2;3;32;
Robin Lopez;C;33:06;4;5;0;0;0;0;2;2;4;0;0;1;2;0;8;
Wesley Matthews;G;31:42;5;12;3;7;2;2;0;1;1;4;1;0;2;1;15;
Damian Lillard;G;35:52;10;20;5;10;3;4;0;6;6;5;2;0;0;2;28;
Mo Williams;;28:52;3;11;2;6;0;0;0;1;1;7;1;0;3;3;8;
Joel Freeland;;14:37;2;3;0;0;0;1;0;1;1;0;0;0;2;1;4;
CJ McCollum;;12:08;1;3;0;1;0;0;0;2;2;0;0;0;2;1;2;
Thomas Robinson;;12:47;2;3;0;0;0;2;2;4;6;1;0;1;1;0;4;
