10-30;MIA-PHI;110-114;
14-33;35-18;45-34;16-29;
MIA
LeBron James;F;36:38;9;17;4;7;3;4;0;4;4;13;0;0;4;3;25;
Udonis Haslem;F;11:32;1;1;0;0;0;1;0;0;0;0;0;0;1;0;2;
Chris Bosh;C;34:15;8;13;2;3;4;4;3;7;10;1;1;0;4;4;22;
Roger Mason Jr.;G;14:38;1;3;1;2;0;0;0;0;0;2;0;0;2;1;3;
Mario Chalmers;G;30:35;6;13;4;6;0;0;2;3;5;4;3;0;2;4;16;
Shane Battier;;23:41;1;8;0;7;0;0;1;1;2;0;0;0;0;4;2;
Norris Cole;;26:57;5;8;0;2;0;0;0;3;3;3;0;0;2;4;10;
Ray Allen;;27:51;7;13;4;9;1;1;1;5;6;1;2;0;0;0;19;
Chris Andersen;;13:45;0;1;0;0;0;0;0;0;0;1;0;0;3;3;0;
Rashard Lewis;;20:08;4;8;1;4;2;3;0;1;1;5;1;0;1;2;11;
PHI
Evan Turner;F;37:13;10;19;0;4;6;6;0;4;4;5;1;0;3;3;26;
Thaddeus Young;F;34:20;5;15;0;1;0;0;4;2;6;2;2;0;5;2;10;
Spencer Hawes;C;29:23;10;14;1;2;3;4;3;6;9;2;0;0;2;4;24;
James Anderson;G;35:24;3;8;2;5;0;0;0;6;6;1;2;0;3;3;8;
Michael Carter-Williams;G;36:10;6;10;4;6;6;8;0;7;7;12;9;0;1;1;22;
Tony Wroten;;23:23;6;9;1;3;1;2;1;3;4;2;1;0;2;1;14;
Lavoy Allen;;17:25;1;3;0;0;2;2;0;3;3;0;0;0;0;2;4;
Daniel Orton;;14:52;1;1;0;0;2;2;0;1;1;0;1;1;1;4;4;
Darius Morris;;11:50;1;1;0;0;0;0;0;0;0;0;0;0;1;1;2;
