11-06;NOP-MEM;99-84;
33-18;18-23;28-16;20-27;
NOP
Al-Farouq Aminu;F;23:49;4;7;0;1;1;2;3;4;7;1;1;0;1;0;9;
Anthony Davis;F;36:48;5;14;0;0;8;9;2;7;9;2;3;3;0;1;18;
Jason Smith;C;28:47;4;8;0;0;2;2;2;2;4;0;0;0;1;5;10;
Eric Gordon;G;33:58;6;14;1;4;6;6;2;2;4;2;2;1;1;0;19;
Jrue Holiday;G;30:37;5;11;1;2;0;0;0;0;0;3;2;0;4;4;11;
Greg Stiemsma;;24:20;2;2;0;0;0;0;2;3;5;1;0;0;1;3;4;
Tyreke Evans;;30:03;7;12;0;1;2;2;2;5;7;4;0;1;3;3;16;
Anthony Morrow;;11:42;3;6;1;2;0;0;0;1;1;0;1;0;1;0;7;
Brian Roberts;;16:06;2;4;1;3;0;0;0;2;2;3;1;0;1;1;5;
Austin Rivers;;0:05;0;0;0;0;0;0;0;0;0;0;0;0;0;0;0;
Lance Thomas;;3:45;0;0;0;0;0;0;0;0;0;0;0;0;0;0;0;
MEM
Tayshaun Prince;F;16:46;2;4;0;0;0;0;0;2;2;1;0;1;2;1;4;
Zach Randolph;F;7:53;1;1;0;0;0;0;0;0;0;1;0;0;2;1;2;
Marc Gasol;C;30:41;4;11;0;0;3;4;0;1;1;4;1;1;3;3;11;
Tony Allen;G;21:52;3;6;0;1;0;0;2;3;5;1;1;1;2;1;6;
Mike Conley;G;33:41;10;16;0;4;6;6;0;1;1;1;1;0;1;1;26;
Quincy Pondexter;;16:46;0;4;0;3;0;0;1;0;1;1;0;0;1;1;0;
Mike Miller;;23:54;3;4;3;4;0;0;0;6;6;2;2;0;2;3;9;
Jon Leuer;;12:43;2;5;0;0;0;0;0;1;1;0;0;0;0;1;4;
Jerryd Bayless;;13:34;1;5;1;2;0;0;0;2;2;1;0;0;1;1;3;
Kosta Koufos;;17:12;2;4;0;0;2;2;1;2;3;1;0;1;0;0;6;
Ed Davis;;24:16;3;4;0;0;1;2;2;3;5;2;0;0;0;3;7;
Nick Calathes;;10:09;1;3;0;0;0;0;0;0;0;2;0;0;4;3;2;
Jamaal Franklin;;10:33;2;4;0;1;0;0;1;1;2;0;0;1;0;1;4;
