01-08;DET-TOR;91-112;
25-26;29-24;20-34;17-28;
DET
Josh Smith;F;31:11;5;12;0;2;3;9;2;4;6;2;1;2;1;4;13;
Greg Monroe;F;28:44;5;12;0;0;1;2;3;8;11;1;0;0;2;2;11;
Andre Drummond;C;35:23;2;6;0;0;2;6;5;11;16;0;1;2;2;5;6;
Kentavious Caldwell-Pope;G;30:16;6;8;1;1;0;0;0;3;3;2;4;0;1;3;13;
Brandon Jennings;G;33:49;6;19;3;8;7;9;0;3;3;9;0;0;3;3;22;
Kyle Singler;;25:32;2;3;0;1;0;0;1;2;3;0;0;0;1;2;4;
Rodney Stuckey;;20:05;4;13;0;1;6;8;0;1;1;2;0;1;2;1;14;
Will Bynum;;13:44;2;7;0;0;0;0;0;1;1;4;1;0;1;4;4;
Charlie Villanueva;;11:26;1;4;0;3;0;1;0;1;1;0;0;0;1;1;2;
Jonas Jerebko;;3:57;0;0;0;0;0;0;0;0;0;0;0;0;0;0;0;
Josh Harrellson;;3:32;0;0;0;0;0;0;0;2;2;0;0;0;0;1;0;
Gigi Datome;;2:21;1;2;0;0;0;0;0;0;0;0;0;0;1;0;2;
TOR
Terrence Ross;F;29:19;6;13;5;10;0;0;0;3;3;0;0;0;0;4;17;
Amir Johnson;F;33:26;4;13;0;2;2;2;5;6;11;1;1;4;3;4;10;
Jonas Valanciunas;C;26:27;7;9;0;0;2;2;2;9;11;2;0;2;2;5;16;
DeMar DeRozan;G;35:30;3;15;0;1;13;16;1;5;6;4;2;2;3;0;19;
Kyle Lowry;G;33:58;4;9;4;6;9;9;1;4;5;9;1;0;1;4;21;
Patrick Patterson;;18:07;3;5;0;2;2;2;0;3;3;4;0;1;0;5;8;
John Salmons;;22:32;2;8;1;5;2;2;0;2;2;1;0;1;2;0;7;
Charles Hayes;;16:33;2;4;0;0;1;1;3;4;7;1;0;0;1;5;5;
Greivis Vasquez;;19:31;3;8;1;4;0;0;0;6;6;3;0;0;0;3;7;
Julyan Stone;;2:21;0;0;0;0;0;0;0;0;0;0;1;0;0;0;0;
Landry Fields;;1:08;1;1;0;0;0;0;0;0;0;0;0;0;0;0;2;
Steve Novak;;1:08;0;1;0;1;0;0;0;1;1;0;0;0;0;0;0;
