11-02;TOR-MIL;97-90;
25-19;26-27;26-19;20-25;
TOR
Rudy Gay;F;35:21;4;14;2;5;8;10;2;13;15;0;3;0;5;2;18;
Amir Johnson;F;32:36;5;7;1;2;0;0;5;3;8;3;0;0;1;2;11;
Jonas Valanciunas;C;16:16;3;8;0;0;1;2;3;3;6;0;0;0;2;3;7;
DeMar DeRozan;G;34:56;5;14;1;3;6;8;1;5;6;5;2;0;2;1;17;
Kyle Lowry;G;34:08;5;14;2;4;2;4;1;5;6;4;0;0;0;3;14;
Tyler Hansbrough;;16:04;2;3;0;0;3;4;4;2;6;0;0;0;1;3;7;
Landry Fields;;28:25;3;7;0;2;5;6;1;4;5;4;0;0;1;2;11;
D.J. Augustin;;13:52;0;4;0;3;2;2;0;1;1;1;1;0;3;1;2;
Terrence Ross;;22:19;2;5;1;4;1;2;0;5;5;1;0;0;2;4;6;
Aaron Gray;;6:03;2;2;0;0;0;0;1;1;2;1;0;0;0;1;4;
MIL
Caron Butler;F;25:06;3;9;1;4;5;6;0;6;6;0;0;0;1;3;12;
Ersan Ilyasova;F;23:30;6;12;2;2;0;0;2;2;4;2;0;1;2;1;14;
Larry Sanders;C;21:37;2;8;0;0;0;0;1;3;4;1;0;1;0;2;4;
Nate Wolters;G;36:30;3;8;0;3;1;2;0;4;4;10;0;0;1;4;7;
Gary Neal;G;25:54;3;10;0;2;2;2;0;5;5;4;1;0;2;1;8;
O.J. Mayo;;32:35;6;13;3;5;1;2;1;5;6;8;1;1;4;2;16;
Zaza Pachulia;;14:23;3;4;0;0;0;0;1;2;3;0;0;0;1;3;6;
Khris Middleton;;18:58;4;9;0;1;0;2;0;1;1;0;2;1;0;4;8;
John Henson;;24:30;6;9;0;0;1;2;1;2;3;0;2;1;2;5;13;
Giannis Antetokounmpo;;16:57;1;2;0;0;0;2;0;2;2;0;1;0;0;1;2;
