11-01;CLE-CHA;84-90;
23-30;26-24;17-21;18-15;
CLE
Earl Clark;F;16:59;0;4;0;0;0;0;0;3;3;0;1;0;1;0;0;
Tristan Thompson;F;34:40;6;11;0;0;9;10;4;7;11;0;1;1;4;5;21;
Anderson Varejao;C;29:25;0;4;0;1;2;2;3;4;7;2;0;0;2;4;2;
Dion Waiters;G;14:23;1;5;0;1;0;0;0;0;0;0;0;0;2;2;2;
Kyrie Irving;G;30:53;7;17;0;3;2;5;2;2;4;7;0;0;3;3;16;
Jarrett Jack;;27:40;7;13;1;3;0;0;0;3;3;3;0;0;3;0;15;
Alonzo Gee;;24:41;0;2;0;1;1;2;0;3;3;1;2;0;1;4;1;
Andrew Bynum;;10:46;2;7;0;0;1;2;1;2;3;0;0;0;0;1;5;
CJ Miles;;29:25;9;16;3;7;1;1;0;5;5;1;3;0;1;3;22;
Anthony Bennett;;12:32;0;3;0;2;0;0;0;1;1;0;1;0;0;4;0;
Tyler Zeller;;8:36;0;2;0;0;0;0;1;1;2;0;1;0;0;3;0;
CHA
Michael Kidd-Gilchrist;F;37:06;6;12;0;0;3;4;2;4;6;0;1;1;0;3;15;
Josh McRoberts;F;29:08;0;3;0;1;0;0;2;2;4;8;2;1;2;5;0;
Bismack Biyombo;C;36:49;5;6;0;0;1;2;1;9;10;0;0;2;1;3;11;
Gerald Henderson;G;28:11;2;10;0;0;6;8;0;3;3;1;1;0;3;3;10;
Kemba Walker;G;37:31;8;14;3;6;4;8;0;4;4;7;3;2;4;2;23;
Cody Zeller;;18:52;4;9;0;0;1;2;0;5;5;0;0;0;0;2;9;
Jeff Taylor;;21:36;3;8;0;4;2;4;0;1;1;1;0;0;2;0;8;
Ramon Sessions;;19:36;4;10;0;1;1;3;0;1;1;4;0;0;3;1;9;
Jeff Adrien;;11:11;1;1;0;0;3;3;0;3;3;0;0;2;0;1;5;
