11-16;MIA-CHA;97-81;
26-16;19-25;23-19;29-21;
MIA
LeBron James;F;31:55;13;18;0;0;4;4;1;3;4;7;1;1;3;1;30;
Shane Battier;F;24:41;1;1;1;1;2;2;0;3;3;0;1;2;0;1;5;
Chris Bosh;C;15:34;3;4;1;2;0;0;0;3;3;0;0;0;2;5;7;
Dwyane Wade;G;22:58;1;7;0;0;2;4;0;2;2;3;0;1;4;3;4;
Norris Cole;G;35:46;3;10;0;0;2;2;1;6;7;5;1;0;1;3;8;
Chris Andersen;;23:52;2;2;0;0;6;6;0;7;7;1;1;2;1;2;10;
Rashard Lewis;;33:15;3;7;1;3;2;2;2;7;9;0;0;0;1;1;9;
Michael Beasley;;23:19;7;14;1;4;0;0;1;2;3;1;1;0;1;3;15;
Joel Anthony;;8:34;0;1;0;0;0;0;1;0;1;0;0;2;0;1;0;
Roger Mason Jr.;;20:06;2;5;2;5;3;3;0;4;4;1;0;0;2;2;9;
CHA
Michael Kidd-Gilchrist;F;25:36;3;8;0;0;2;2;3;2;5;0;1;0;1;3;8;
Josh McRoberts;F;36:40;3;10;0;6;0;0;3;4;7;8;1;0;2;1;6;
Bismack Biyombo;C;20:53;1;2;0;0;2;2;2;6;8;0;0;0;0;2;4;
Gerald Henderson;G;32:34;4;12;1;3;4;5;0;7;7;2;1;0;1;3;13;
Kemba Walker;G;33:47;7;18;3;5;5;6;0;3;3;2;1;1;1;1;22;
Jeff Taylor;;30:14;5;14;2;4;2;5;1;0;1;1;1;0;0;4;14;
Cody Zeller;;6:47;0;2;0;0;0;0;0;0;0;0;0;0;1;2;0;
Anthony Tolliver;;31:40;1;9;1;7;0;0;1;2;3;4;0;1;1;3;3;
Ramon Sessions;;21:49;5;8;1;2;0;0;0;2;2;3;0;1;1;1;11;
