01-28;SAS-HOU;90-97;
28-20;18-19;18-33;26-25;
SAS
Marco Belinelli;F;38:24;5;12;1;7;0;0;0;0;0;2;1;0;1;2;11;
Tim Duncan;F;30:14;6;10;0;0;0;2;6;8;14;2;1;4;3;5;12;
Boris Diaw;C;33:32;9;20;2;2;2;3;4;7;11;4;0;2;3;5;22;
Cory Joseph;G;22:44;3;5;0;1;2;2;0;2;2;5;0;0;0;3;8;
Tony Parker;G;32:57;6;16;1;2;4;6;0;1;1;4;0;0;2;1;17;
Manu Ginobili;;14:23;2;6;0;3;5;6;0;1;1;1;0;0;1;2;9;
Jeff Ayres;;7:57;0;0;0;0;0;0;1;1;2;2;0;0;0;1;0;
Patty Mills;;28:19;3;7;1;5;0;0;0;2;2;2;1;2;0;4;7;
Matt Bonner;;14:41;1;3;1;3;1;2;0;3;3;1;1;0;0;2;4;
Nando De Colo;;7:13;0;1;0;0;0;0;0;1;1;0;2;0;1;0;0;
Aron Baynes;;9:18;0;2;0;0;0;0;2;0;2;0;0;0;0;6;0;
Othyus Jeffers;;0:18;0;0;0;0;0;0;0;0;0;0;0;0;0;0;0;
HOU
Chandler Parsons;F;37:13;3;11;0;2;0;0;2;4;6;4;0;0;0;2;6;
Terrence Jones;F;38:16;9;12;0;0;3;8;3;6;9;0;1;1;1;2;21;
Dwight Howard;C;35:35;5;15;0;0;13;25;7;9;16;0;0;1;6;4;23;
Jeremy Lin;G;44:03;5;13;1;5;7;7;1;2;3;8;0;1;3;2;18;
Patrick Beverley;G;29:38;4;8;1;2;2;2;3;2;5;3;2;0;1;5;11;
Donatas Motiejunas;;17:54;2;3;1;2;0;0;0;6;6;1;1;0;0;2;5;
Omri Casspi;;15:02;2;4;0;2;1;5;2;6;8;1;1;0;2;2;5;
Aaron Brooks;;22:19;3;9;2;5;0;0;1;1;2;1;0;1;2;2;8;
