01-31;ATL-PHI;125-99;
27-21;37-31;38-23;23-24;
ATL
DeMarre Carroll;F;26:45;5;9;3;4;0;0;1;8;9;4;2;1;3;3;13;
Paul Millsap;F;26:55;4;11;0;0;4;7;0;4;4;4;6;2;3;2;12;
Gustavo Ayon;C;22:48;3;4;0;0;1;2;1;6;7;3;2;1;4;3;7;
Kyle Korver;G;26:48;3;4;3;4;2;2;0;3;3;1;1;0;3;1;11;
Jeff Teague;G;23:48;3;10;0;0;6;6;1;0;1;8;2;0;1;3;12;
Elton Brand;;22:38;8;12;0;1;2;3;3;5;8;1;0;0;0;3;18;
Lou Williams;;20:45;3;10;1;4;5;5;0;1;1;5;1;0;2;1;12;
Shelvin Mack;;12:02;4;6;0;1;0;0;0;1;1;4;1;0;0;0;8;
Dennis Schroder;;16:54;3;5;0;0;3;3;0;0;0;1;0;0;1;1;9;
Mike Scott;;23:39;8;14;0;0;2;2;3;6;9;4;0;0;1;2;18;
James Nunnally;;12:00;1;4;1;2;2;2;0;3;3;0;0;0;0;2;5;
Jared Cunningham;;4:58;0;0;0;0;0;2;0;0;0;1;0;0;0;1;0;
PHI
Evan Turner;F;26:00;2;10;0;1;2;2;1;4;5;4;0;1;4;3;6;
Thaddeus Young;F;30:23;11;19;3;6;4;7;2;6;8;1;5;0;6;2;29;
Spencer Hawes;C;17:43;3;5;0;1;0;0;1;3;4;2;0;0;1;3;6;
James Anderson;G;28:36;0;6;0;1;0;0;2;2;4;1;1;0;3;1;0;
Michael Carter-Williams;G;32:42;4;9;1;3;8;10;0;4;4;5;1;0;3;4;17;
Lavoy Allen;;21:18;5;10;0;0;1;2;5;5;10;2;1;1;0;1;11;
Hollis Thompson;;24:31;2;7;1;3;2;2;0;2;2;1;1;0;0;3;7;
Tony Wroten;;18:42;1;13;0;4;4;4;0;1;1;3;1;0;2;1;6;
Dewayne Dedmon;;15:48;1;2;0;0;0;0;2;2;4;0;0;2;0;6;2;
Elliot Williams;;24:17;3;6;1;3;8;10;0;4;4;0;0;0;0;1;15;
