04-11;POR-UTA;111-99;
23-31;30-20;23-25;35-23;
POR
Nicolas Batum;F;35:18;6;11;1;4;2;2;0;7;7;7;2;1;0;2;15;
LaMarcus Aldridge;F;33:34;8;19;0;0;2;2;3;11;14;2;0;0;1;2;18;
Robin Lopez;C;35:16;5;13;0;0;2;2;4;4;8;2;0;1;2;2;12;
Wesley Matthews;G;29:57;6;14;3;7;6;8;1;0;1;1;1;0;0;1;21;
Damian Lillard;G;37:10;4;10;4;6;4;4;0;1;1;6;1;0;1;1;16;
Thomas Robinson;;17:09;4;6;0;0;0;0;0;2;2;0;1;0;1;2;8;
Mo Williams;;23:43;1;7;1;3;1;2;0;0;0;4;0;0;3;0;4;
Will Barton;;10:44;3;4;0;0;2;2;0;3;3;1;1;1;0;0;8;
Dorell Wright;;14:03;2;2;1;1;0;0;1;3;4;0;1;0;0;1;5;
CJ McCollum;;1:04;1;1;1;1;1;2;0;1;1;0;0;0;0;1;4;
Victor Claver;;1:01;0;0;0;0;0;0;0;0;0;0;0;0;0;0;0;
Meyers Leonard;;1:01;0;0;0;0;0;0;0;0;0;0;0;0;0;0;0;
UTA
Gordon Hayward;F;32:43;4;9;1;3;5;6;0;5;5;6;0;0;2;3;14;
Derrick Favors;F;27:42;10;17;0;0;1;1;4;4;8;1;0;0;2;4;21;
Enes Kanter;C;33:27;6;16;0;0;3;3;6;7;13;4;0;1;2;3;15;
Alec Burks;G;41:56;7;11;1;2;1;2;0;6;6;2;0;0;4;5;16;
Trey Burke;G;40:13;5;16;4;6;0;0;1;2;3;11;0;0;0;1;14;
Jeremy Evans;;24:18;2;3;0;0;0;0;0;2;2;0;3;2;0;0;4;
Richard Jefferson;;21:21;3;4;0;1;2;2;0;4;4;2;0;0;1;1;8;
Rudy Gobert;;10:33;3;7;0;0;1;2;2;4;6;0;0;1;2;1;7;
Diante Garrett;;7:47;0;3;0;1;0;0;0;0;0;0;0;0;0;1;0;
