04-06;ATL-IND;107-88;
33-11;22-12;24-36;28-29;
ATL
DeMarre Carroll;F;25:53;2;3;1;2;0;0;0;4;4;0;2;1;2;4;5;
Paul Millsap;F;33:20;8;14;1;2;0;2;1;10;11;3;0;2;2;2;17;
Pero Antic;C;26:47;7;8;3;4;1;2;1;5;6;1;0;0;3;3;18;
Kyle Korver;G;35:59;5;7;1;3;0;0;0;6;6;5;0;0;1;2;11;
Jeff Teague;G;33:55;9;17;2;5;5;5;0;3;3;2;0;0;3;3;25;
Elton Brand;;22:27;1;3;0;0;0;0;1;2;3;2;1;0;1;5;2;
Shelvin Mack;;26:14;4;7;1;4;4;4;0;1;1;7;1;0;1;1;13;
Mike Scott;;13:26;3;6;1;3;0;0;0;1;1;1;0;0;1;4;7;
Cartier Martin;;21:59;2;8;2;4;3;4;2;3;5;1;0;0;1;2;9;
IND
Paul George;F;37:47;6;17;1;5;5;9;1;6;7;2;6;0;1;3;18;
David West;F;37:34;5;10;0;0;3;4;1;5;6;6;0;2;0;3;13;
Roy Hibbert;C;9:03;0;5;0;0;0;0;0;0;0;0;0;0;1;0;0;
Lance Stephenson;G;29:56;1;6;0;2;1;2;0;5;5;3;0;0;2;4;3;
George Hill;G;37:17;3;10;2;5;4;6;5;2;7;0;2;0;2;4;12;
Rasual Butler;;12:55;2;3;1;2;0;0;1;0;1;0;0;0;1;1;5;
Ian Mahinmi;;16:60;3;3;0;0;4;6;1;0;1;1;0;0;1;5;10;
Luis Scola;;15:39;4;7;0;1;2;2;0;0;0;1;1;0;0;2;10;
Donald Sloan;;10:38;2;5;0;2;0;0;0;1;1;0;0;0;2;0;4;
Evan Turner;;15:27;3;7;0;1;0;0;0;3;3;4;0;0;0;2;6;
Lavoy Allen;;10:22;1;2;0;0;0;0;1;3;4;0;0;1;1;1;2;
Chris Copeland;;6:22;2;3;1;2;0;1;0;0;0;1;0;0;0;1;5;
