01-27;SAC-UTA;99-106;
22-20;28-30;20-31;29-25;
SAC
Derrick Williams;F;38:08;5;13;1;2;6;8;2;13;15;2;0;1;2;2;17;
Travis Outlaw;F;23:51;3;9;2;3;2;2;2;0;2;0;1;0;0;1;10;
Jason Thompson;C;27:51;7;10;0;0;5;6;4;7;11;1;0;2;1;5;19;
Marcus Thornton;G;31:43;5;15;1;6;0;3;1;2;3;2;1;0;0;3;11;
Isaiah Thomas;G;25:28;4;13;0;2;2;2;1;1;2;6;0;0;0;2;10;
Ben McLemore;;25:29;6;12;1;5;1;1;3;6;9;2;0;0;3;4;14;
Quincy Acy;;19:37;0;0;0;0;2;2;3;0;3;0;0;2;0;1;2;
Aaron Gray;;6:23;0;3;0;0;0;0;2;1;3;0;0;0;1;3;0;
Jimmer Fredette;;19:04;4;8;0;3;0;0;1;1;2;2;1;0;2;5;8;
Carl Landry;;12:05;1;2;0;0;0;0;0;2;2;0;0;0;0;6;2;
Ray McCallum;;10:21;2;5;0;1;2;2;1;2;3;0;0;0;1;4;6;
UTA
Richard Jefferson;F;22:59;2;5;2;3;1;2;1;1;2;2;1;0;0;3;7;
Marvin Williams;F;25:02;5;10;2;5;4;4;3;8;11;1;1;0;0;2;16;
Derrick Favors;C;28:13;5;12;0;0;7;8;5;7;12;2;0;1;2;2;17;
Gordon Hayward;G;37:38;4;13;1;3;3;4;1;5;6;6;1;1;2;3;12;
Trey Burke;G;25:43;3;10;1;5;1;1;0;1;1;4;0;0;0;2;8;
Alec Burks;;21:22;2;10;1;2;5;6;1;3;4;3;1;0;1;0;10;
Enes Kanter;;21:55;6;8;0;0;4;6;1;2;3;0;0;0;2;2;16;
John Lucas III;;20:51;0;2;0;1;2;4;0;1;1;0;1;0;1;3;2;
Brandon Rush;;10:22;0;0;0;0;0;0;0;1;1;1;0;0;0;3;0;
Jeremy Evans;;19:47;4;8;0;0;6;12;7;3;10;1;1;1;0;1;14;
Diante Garrett;;5:05;1;2;0;1;1;2;0;3;3;0;0;0;0;2;3;
Rudy Gobert;;1:03;0;0;0;0;1;4;0;0;0;0;0;0;0;0;1;
