03-25;POR-ORL;85-95;
26-23;16-27;23-29;20-16;
POR
Nicolas Batum;F;34:54;3;9;0;3;0;0;1;8;9;3;1;1;6;2;6;
Dorell Wright;F;26:29;3;11;2;6;0;0;0;8;8;1;0;0;2;1;8;
Robin Lopez;C;39:41;9;13;0;0;2;3;9;4;13;1;0;2;0;3;20;
Wesley Matthews;G;35:01;5;13;4;8;4;4;0;1;1;3;0;0;1;2;18;
Damian Lillard;G;36:00;5;17;0;4;7;8;0;0;0;2;1;0;3;3;17;
Mo Williams;;20:09;1;6;1;4;0;0;2;1;3;3;1;0;1;1;3;
Will Barton;;15:42;3;8;0;0;1;2;1;8;9;4;1;1;0;0;7;
Thomas Robinson;;16:02;1;4;0;0;0;0;2;3;5;0;0;0;2;2;2;
Victor Claver;;13:48;1;4;0;1;0;0;1;1;2;0;0;0;0;0;2;
CJ McCollum;;1:07;0;0;0;0;0;0;0;0;0;0;0;0;0;0;0;
Meyers Leonard;;1:07;1;1;0;0;0;0;0;0;0;0;0;0;0;0;2;
ORL
Maurice Harkless;F;25:18;2;5;1;2;0;0;1;4;5;2;3;0;2;0;5;
Kyle O'Quinn;F;22:41;3;8;0;0;0;0;3;3;6;0;1;1;0;2;6;
Nikola Vucevic;C;33:04;10;18;0;0;2;3;3;7;10;1;2;1;1;1;22;
Arron Afflalo;G;33:56;3;9;0;0;4;5;0;3;3;5;0;0;5;2;10;
Victor Oladipo;G;37:48;5;16;0;3;3;3;1;4;5;6;3;0;3;2;13;
Tobias Harris;;33:17;10;15;2;3;3;4;6;5;11;0;0;1;0;1;25;
Doron Lamb;;22:42;3;4;3;4;2;5;1;1;2;1;0;0;1;3;11;
E'Twaun Moore;;14:04;0;3;0;1;1;2;1;3;4;1;1;0;0;4;1;
Andrew Nicholson;;6:58;1;3;0;1;0;0;0;2;2;1;0;0;0;0;2;
Ronnie Price;;10:12;0;4;0;3;0;0;0;2;2;2;0;0;1;1;0;
