01-29;MEM-SAC;99-89;
25-24;23-22;21-17;30-26;
MEM
Tayshaun Prince;F;29:35;4;5;1;2;0;0;0;2;2;0;2;1;0;1;9;
Zach Randolph;F;36:12;8;16;0;1;2;2;3;4;7;2;4;0;1;3;18;
Marc Gasol;C;32:41;6;10;0;0;0;2;3;2;5;5;0;2;1;0;12;
Courtney Lee;G;24:55;2;4;0;0;0;0;0;2;2;0;1;0;1;2;4;
Mike Conley;G;34:25;8;13;2;4;9;9;1;2;3;10;2;0;4;2;27;
James Johnson;;14:35;1;3;0;1;2;2;0;2;2;1;1;0;2;2;4;
Nick Calathes;;13:40;2;4;0;0;0;0;0;2;2;4;0;0;2;1;4;
Mike Miller;;26:50;5;11;1;6;0;1;1;2;3;2;1;0;1;2;11;
Ed Davis;;17:21;3;6;0;0;0;0;0;2;2;0;0;1;0;2;6;
Kosta Koufos;;9:46;2;3;0;0;0;0;1;2;3;0;0;0;0;0;4;
SAC
Rudy Gay;F;33:58;10;16;1;4;2;2;1;1;2;5;1;0;5;0;23;
Jason Thompson;F;31:20;3;8;0;0;0;0;1;6;7;1;0;0;2;3;6;
Aaron Gray;C;22:39;2;5;0;0;0;0;3;3;6;3;2;1;0;1;4;
Marcus Thornton;G;16:41;1;2;0;1;0;0;0;0;0;1;0;0;0;0;2;
Isaiah Thomas;G;38:51;10;21;4;10;0;0;1;0;1;5;0;0;2;2;24;
Derrick Williams;;19:13;2;7;0;1;4;4;0;1;1;0;1;0;1;2;8;
Ben McLemore;;26:08;2;6;0;3;2;2;1;1;2;1;1;0;3;0;6;
Jimmer Fredette;;9:09;2;4;0;2;0;0;1;0;1;4;0;0;1;0;4;
Quincy Acy;;18:51;2;5;0;0;0;0;4;1;5;0;0;1;1;2;4;
Carl Landry;;23:10;4;5;0;0;0;0;1;8;9;0;0;0;0;2;8;
