02-01;SAC-SAS;93-95;
24-27;29-25;25-19;15-24;
SAC
Rudy Gay;F;37:04;9;18;1;1;4;7;3;4;7;6;5;0;0;2;23;
Jason Thompson;F;33:54;3;6;0;0;4;4;0;7;7;0;0;2;1;4;10;
Aaron Gray;C;14:20;0;1;0;0;1;2;4;5;9;1;0;0;1;4;1;
Marcus Thornton;G;34:52;3;11;0;1;2;2;0;2;2;1;0;0;0;3;8;
Isaiah Thomas;G;37:40;11;26;2;9;2;2;0;2;2;5;1;0;2;4;26;
Quincy Acy;;14:03;1;4;0;0;0;0;1;9;10;0;0;1;0;1;2;
Derrick Williams;;24:53;3;5;1;1;7;8;0;1;1;0;1;1;5;5;14;
Carl Landry;;13:10;0;2;0;0;0;0;0;2;2;1;0;0;0;2;0;
Ben McLemore;;19:44;2;7;0;1;0;0;0;3;3;1;1;0;0;0;4;
Ray McCallum;;10:21;2;3;1;1;0;0;0;0;0;0;0;0;0;1;5;
SAS
Shannon Brown;F;13:48;0;2;0;1;2;2;0;2;2;1;0;0;1;3;2;
Tim Duncan;F;32:54;8;13;0;0;7;12;4;13;17;5;0;2;1;0;23;
Tiago Splitter;C;16:33;1;1;0;0;0;0;0;4;4;0;0;0;1;4;2;
Cory Joseph;G;22:49;1;4;0;1;0;0;0;0;0;0;0;2;2;3;2;
Tony Parker;G;34:56;8;19;1;4;1;3;0;3;3;10;1;0;2;1;18;
Boris Diaw;;29:28;5;6;0;0;4;6;1;2;3;1;1;1;1;1;14;
Marco Belinelli;;27:56;3;10;2;7;0;0;0;3;3;1;0;0;3;3;8;
Jeff Ayres;;13:39;1;2;0;0;0;0;1;4;5;1;0;0;2;3;2;
Patty Mills;;21:37;6;14;2;7;1;1;0;1;1;1;2;1;0;0;15;
Matt Bonner;;17:22;3;4;1;2;0;0;1;3;4;1;0;1;0;1;7;
Nando De Colo;;8:59;0;0;0;0;2;2;0;0;0;2;0;0;0;0;2;
