02-01;BKN-IND;96-97;
24-25;21-21;25-26;26-25;
BKN
Joe Johnson;F;38:45;6;14;2;5;2;2;0;1;1;2;1;0;3;3;16;
Paul Pierce;F;32:36;3;9;2;6;7;7;0;5;5;2;6;1;2;4;15;
Kevin Garnett;C;24:38;6;9;0;0;0;0;4;6;10;1;0;1;3;4;12;
Shaun Livingston;G;34:44;10;18;0;0;4;4;1;2;3;2;1;0;1;3;24;
Deron Williams;G;39:11;3;12;2;6;5;5;0;2;2;6;2;1;1;4;13;
Mason Plumlee;;18:59;2;4;0;0;2;3;1;1;2;0;3;4;0;5;6;
Alan Anderson;;18:40;3;5;1;3;0;0;0;0;0;0;0;0;2;2;7;
Mirza Teletovic;;15:24;1;2;0;1;0;0;0;3;3;0;2;0;1;1;2;
Jason Terry;;12:41;0;4;0;2;1;2;0;1;1;2;0;0;1;1;1;
Reggie Evans;;4:23;0;0;0;0;0;0;0;0;0;0;0;0;1;1;0;
IND
Paul George;F;39:23;7;19;2;6;4;4;0;8;8;1;2;0;4;2;20;
David West;F;32:12;5;7;0;0;7;8;3;4;7;7;0;1;1;1;17;
Roy Hibbert;C;34:27;7;13;0;0;6;6;3;2;5;1;1;3;5;4;20;
Lance Stephenson;G;34:40;5;8;0;0;4;4;1;6;7;4;1;0;4;4;14;
George Hill;G;33:30;3;8;1;5;3;4;1;3;4;2;0;0;1;5;10;
Danny Granger;;18:02;1;7;0;2;6;7;2;2;4;0;0;0;2;0;8;
Luis Scola;;15:49;1;3;0;0;0;0;1;6;7;2;1;0;5;2;2;
CJ Watson;;18:33;1;4;0;2;1;2;0;1;1;0;2;1;0;0;3;
Ian Mahinmi;;13:25;1;4;0;0;1;2;1;2;3;0;0;0;1;2;3;
