12-04;LAC-ATL;97-107;
21-29;23-26;26-24;27-28;
LAC
Jared Dudley;F;29:23;4;10;1;5;0;0;0;0;0;2;0;0;0;1;9;
Blake Griffin;F;36:34;10;17;0;0;4;4;1;6;7;4;0;1;0;2;24;
DeAndre Jordan;C;30:27;3;3;0;0;0;4;4;9;13;0;0;0;3;3;6;
Willie Green;G;17:44;3;9;1;2;2;2;0;0;0;0;1;0;0;1;9;
Chris Paul;G;36:52;7;17;0;3;5;6;0;3;3;11;3;0;1;1;19;
Jamal Crawford;;30:22;5;12;0;4;3;3;0;5;5;1;0;0;5;3;13;
Darren Collison;;23:04;5;10;2;3;1;1;2;1;3;3;0;1;2;2;13;
Antawn Jamison;;9:33;0;2;0;1;0;0;0;2;2;0;0;0;0;1;0;
Ryan Hollins;;13:37;1;1;0;0;0;0;0;1;1;0;0;0;1;2;2;
Reggie Bullock;;9:56;0;0;0;0;0;0;0;2;2;1;0;0;0;0;0;
Byron Mullens;;2:27;1;2;0;1;0;0;0;0;0;0;0;0;0;0;2;
ATL
DeMarre Carroll;F;32:23;4;6;2;2;2;2;1;6;7;1;0;0;1;2;12;
Paul Millsap;F;37:20;12;20;1;3;0;2;1;8;9;6;1;3;1;3;25;
Al Horford;C;33:45;8;17;0;1;5;8;3;6;9;2;0;0;1;2;21;
Kyle Korver;G;32:46;8;12;6;9;1;1;0;3;3;5;0;0;0;1;23;
Jeff Teague;G;28:32;2;5;1;1;1;1;0;0;0;6;0;0;4;5;6;
Elton Brand;;16:55;0;2;0;0;0;0;1;3;4;1;1;1;0;2;0;
Lou Williams;;17:17;1;5;1;3;0;0;1;3;4;2;1;0;2;1;3;
Shelvin Mack;;24:36;5;9;0;2;2;2;1;3;4;5;1;0;1;4;12;
Cartier Martin;;8:33;1;2;1;2;0;0;0;0;0;0;0;0;0;0;3;
Mike Scott;;7:54;1;4;0;0;0;0;0;0;0;0;0;0;1;2;2;
