12-20;BKN-PHI;120-121;
31-29;26-31;26-22;25-26;12-13;
BKN
Paul Pierce;F;43:30;7;9;4;6;6;6;0;10;10;5;3;0;6;2;24;
Mirza Teletovic;F;32:52;6;13;6;11;0;0;0;4;4;2;0;1;0;3;18;
Brook Lopez;C;44:02;9;19;0;0;4;7;2;5;7;0;2;1;2;5;22;
Alan Anderson;G;46:22;9;17;5;11;3;4;1;4;5;2;1;1;0;2;26;
Deron Williams;G;41:52;5;12;0;4;7;11;0;3;3;14;0;0;6;2;17;
Andray Blatche;;20:54;3;10;0;1;0;0;1;2;3;2;1;0;0;2;6;
Mason Plumlee;;8:58;1;2;0;0;1;2;0;0;0;0;2;1;1;1;3;
Shaun Livingston;;26:30;2;3;0;0;0;0;1;3;4;11;1;1;1;1;4;
PHI
Evan Turner;F;47:13;13;22;1;4;2;3;0;10;10;5;1;0;4;5;29;
Thaddeus Young;F;35:23;11;18;3;3;0;0;4;2;6;4;3;1;1;3;25;
Spencer Hawes;C;40:50;3;14;2;7;2;4;1;8;9;8;1;0;2;2;10;
Hollis Thompson;G;25:51;3;4;1;2;0;0;2;3;5;1;0;0;1;2;7;
Michael Carter-Williams;G;35:26;5;13;0;2;5;7;1;2;3;10;3;1;3;4;15;
Lavoy Allen;;23:30;5;7;0;1;0;0;2;5;7;4;0;0;0;1;10;
Tony Wroten;;23:32;8;17;2;8;1;1;0;3;3;3;0;0;4;2;19;
James Anderson;;26:58;1;3;0;2;0;0;2;4;6;1;0;0;2;1;2;
Brandon Davies;;6:17;2;2;0;0;0;0;0;0;0;0;0;0;0;1;4;
