03-01;CLE-MEM;96-110;
30-22;35-32;15-33;16-23;
CLE
Luol Deng;F;35:10;5;14;0;1;1;2;2;4;6;2;0;0;1;0;11;
Tristan Thompson;F;29:19;8;10;0;0;2;3;1;7;8;0;0;0;2;0;18;
Spencer Hawes;C;33:17;5;12;3;5;0;0;1;3;4;3;0;1;2;3;13;
Jarrett Jack;G;34:49;3;6;0;1;0;0;1;2;3;5;1;0;1;1;6;
Kyrie Irving;G;41:05;11;19;3;8;3;4;0;1;1;3;3;0;3;3;28;
Tyler Zeller;;24:38;3;6;0;0;3;4;2;3;5;1;1;2;2;4;9;
Matthew Dellavedova;;20:06;2;7;1;2;0;0;0;1;1;4;0;0;1;4;5;
Alonzo Gee;;12:50;0;1;0;0;2;2;1;2;3;2;0;0;0;1;2;
Anthony Bennett;;8:46;2;4;0;1;0;0;0;2;2;0;0;0;0;0;4;
MEM
Tayshaun Prince;F;32:32;1;8;0;2;0;0;1;4;5;3;0;1;0;1;2;
Zach Randolph;F;37:05;11;17;0;0;1;2;7;7;14;3;4;0;2;0;23;
Marc Gasol;C;39:56;8;14;1;1;5;6;0;8;8;6;0;1;2;2;22;
Courtney Lee;G;33:15;7;11;5;8;0;0;0;4;4;1;1;2;0;2;19;
Mike Conley;G;37:49;8;14;2;4;4;4;0;1;1;7;2;1;2;1;22;
James Johnson;;6:33;1;3;0;2;0;0;0;0;0;1;1;0;0;0;2;
Tony Allen;;24:19;7;10;1;1;1;4;2;0;2;2;0;1;1;3;16;
Nick Calathes;;10:11;0;1;0;1;0;0;0;0;0;1;0;1;2;0;0;
Mike Miller;;5:54;0;1;0;0;0;0;0;1;1;0;0;0;0;1;0;
Kosta Koufos;;12:26;1;2;0;0;2;2;1;0;1;0;0;0;0;1;4;
