01-18;MIL-HOU;104-114;
23-29;29-33;26-29;26-23;
MIL
Giannis Antetokounmpo;F;21:16;4;10;2;4;0;0;0;4;4;3;1;1;3;4;10;
Ersan Ilyasova;F;22:55;1;3;1;1;2;2;0;3;3;1;1;0;3;1;5;
Larry Sanders;C;30:45;5;8;0;0;2;6;3;2;5;1;2;5;0;4;12;
Luke Ridnour;G;30:13;5;8;4;4;0;0;0;1;1;5;0;0;3;3;14;
Brandon Knight;G;33:44;9;16;3;6;5;7;0;4;4;7;0;0;4;3;26;
John Henson;;29:20;8;12;0;0;4;6;4;11;15;1;0;1;1;2;20;
O.J. Mayo;;30:00;4;9;1;4;0;0;3;2;5;1;0;0;4;3;9;
Khris Middleton;;28:08;3;9;0;4;0;0;0;1;1;3;2;2;0;2;6;
Miroslav Raduljica;;8:20;0;1;0;0;0;0;1;0;1;0;0;0;1;1;0;
Caron Butler;;5:19;1;4;0;0;0;0;0;1;1;1;0;0;0;1;2;
HOU
Chandler Parsons;F;36:59;3;10;1;5;1;2;1;7;8;2;1;1;3;1;8;
Terrence Jones;F;38:16;14;20;1;2;7;10;6;5;11;1;1;2;0;1;36;
Dwight Howard;C;34:53;8;11;1;1;3;7;4;10;14;2;0;1;0;4;20;
James Harden;G;37:03;7;16;1;6;7;10;1;3;4;4;5;0;4;3;22;
Jeremy Lin;G;22:37;2;7;1;1;2;2;0;1;1;4;0;0;2;2;7;
Omri Casspi;;21:04;3;11;0;6;0;0;1;3;4;1;1;0;0;1;6;
Donatas Motiejunas;;21:10;1;4;0;2;1;2;0;3;3;2;2;0;1;5;3;
Aaron Brooks;;25:15;3;6;2;4;2;2;0;0;0;4;1;0;1;2;10;
Robert Covington;;0:54;0;0;0;0;0;0;0;0;0;0;0;0;0;0;0;
Ronnie Brewer;;0:54;0;0;0;0;0;0;0;0;0;0;0;0;0;0;0;
Isaiah Canaan;;0:54;0;0;0;0;2;2;0;1;1;0;0;0;0;0;2;
