03-01;BKN-MIL;107-98;
31-29;24-24;22-19;30-26;
BKN
Joe Johnson;F;26:31;2;9;1;4;2;2;0;0;0;3;2;0;1;0;7;
Paul Pierce;F;27:45;3;7;1;3;5;7;0;8;8;5;3;0;1;2;12;
Mason Plumlee;C;10:30;2;3;0;0;1;2;4;3;7;1;0;0;0;3;5;
Shaun Livingston;G;32:26;7;11;0;0;0;0;2;1;3;0;2;0;1;1;14;
Deron Williams;G;37:24;6;16;3;6;0;0;0;1;1;4;1;0;3;3;15;
Andray Blatche;;29:41;5;12;0;0;9;9;6;7;13;2;3;1;0;3;19;
Andrei Kirilenko;;26:10;3;5;0;0;1;5;1;1;2;5;1;1;2;1;7;
Mirza Teletovic;;10:33;1;4;1;4;0;0;0;3;3;0;0;0;1;3;3;
Marcus Thornton;;23:47;8;13;4;7;5;6;1;1;2;0;0;0;1;0;25;
Alan Anderson;;7:24;0;2;0;1;0;0;0;0;0;2;0;0;0;2;0;
Jason Collins;;7:49;0;1;0;0;0;0;1;1;2;1;2;0;1;1;0;
MIL
Khris Middleton;F;36:09;8;12;0;1;0;0;0;4;4;3;2;0;1;3;16;
Ersan Ilyasova;F;22:17;3;9;1;2;4;5;3;8;11;1;0;0;1;4;11;
Zaza Pachulia;C;14:53;1;5;0;0;0;0;3;2;5;0;0;1;3;1;2;
Nate Wolters;G;19:14;3;6;1;2;0;0;0;1;1;1;0;0;1;2;7;
Brandon Knight;G;31:33;6;13;1;3;1;1;0;1;1;5;0;0;4;1;14;
John Henson;;26:20;2;5;0;0;2;2;1;3;4;3;0;1;2;1;6;
Giannis Antetokounmpo;;27:30;3;7;1;2;5;9;1;2;3;3;3;1;2;1;12;
O.J. Mayo;;23:08;4;7;0;1;1;1;0;1;1;0;0;0;0;1;9;
Ramon Sessions;;22:47;2;5;1;1;11;11;1;2;3;1;0;0;2;3;16;
Jeff Adrien;;16:09;2;5;0;0;1;2;3;7;10;0;1;1;2;2;5;
