02-05;ATL-NOP;100-105;
24-28;27-19;24-24;25-34;
ATL
DeMarre Carroll;F;41:15;9;12;4;6;0;0;2;5;7;4;3;0;1;4;22;
Paul Millsap;F;34:17;10;20;3;7;3;4;2;8;10;3;1;2;3;4;26;
Gustavo Ayon;C;17:05;2;5;0;0;0;2;0;4;4;0;1;1;0;0;4;
Kyle Korver;G;33:28;2;6;2;5;0;0;0;2;2;1;1;0;0;1;6;
Jeff Teague;G;32:49;5;14;0;2;1;2;1;1;2;13;0;0;2;1;11;
Elton Brand;;19:54;2;6;0;0;0;0;2;4;6;0;0;3;0;3;4;
Lou Williams;;21:17;3;6;1;3;4;4;0;0;0;2;1;1;2;2;11;
Shelvin Mack;;15:11;0;3;0;0;0;0;0;2;2;5;0;0;0;1;0;
Mike Scott;;24:45;5;12;4;7;2;2;0;5;5;1;0;0;1;0;16;
NOP
Al-Farouq Aminu;F;33:42;3;11;0;0;0;0;1;7;8;2;1;0;2;1;6;
Anthony Davis;F;35:30;9;14;0;0;9;10;3;7;10;2;1;1;1;3;27;
Alexis Ajinca;C;14:48;2;3;0;0;0;0;1;3;4;0;0;1;0;3;4;
Eric Gordon;G;33:35;7;17;1;5;3;3;1;2;3;1;0;0;1;2;18;
Brian Roberts;G;36:37;7;14;1;3;4;4;0;3;3;6;2;0;3;2;19;
Greg Stiemsma;;31:47;3;3;0;0;0;0;6;2;8;4;1;2;0;2;6;
Anthony Morrow;;26:59;6;13;2;3;2;3;0;5;5;1;0;0;1;1;16;
Austin Rivers;;18:17;3;11;1;3;2;2;1;5;6;1;0;0;1;1;9;
Jeff Withey;;8:45;0;0;0;0;0;0;0;3;3;1;0;1;0;0;0;
