03-01;DET-HOU;110-118;
20-41;26-28;34-26;30-23;
DET
Josh Smith;F;41:49;8;24;0;3;5;6;3;3;6;3;1;2;0;5;21;
Greg Monroe;F;34:14;3;11;0;0;4;4;6;8;14;3;2;2;5;4;10;
Andre Drummond;C;32:22;8;11;0;0;0;1;4;13;17;0;1;2;0;5;16;
Kyle Singler;G;22:43;2;4;1;2;2;2;2;0;2;1;0;1;2;5;7;
Brandon Jennings;G;27:36;4;13;2;8;1;1;0;0;0;8;0;0;2;2;11;
Rodney Stuckey;;37:21;10;17;0;1;3;3;0;0;0;1;2;0;0;2;23;
Kentavious Caldwell-Pope;;10:28;2;2;1;1;0;0;0;0;0;0;1;0;0;0;5;
Will Bynum;;20:24;6;10;0;1;0;0;3;1;4;5;2;0;3;1;12;
Jonas Jerebko;;8:20;1;5;0;2;0;0;2;1;3;1;1;0;1;0;2;
Charlie Villanueva;;4:44;1;3;0;1;1;2;0;1;1;0;1;0;0;0;3;
HOU
Jordan Hamilton;F;33:20;6;12;1;6;0;0;0;4;4;1;0;1;1;3;13;
Terrence Jones;F;32:12;10;15;0;1;2;2;3;7;10;1;0;1;0;1;22;
Dwight Howard;C;35:15;5;7;0;1;7;9;4;4;8;4;0;0;3;4;17;
James Harden;G;39:43;7;16;1;6;5;8;1;4;5;12;3;0;4;0;20;
Patrick Beverley;G;38:48;6;15;5;9;2;4;1;4;5;3;1;1;0;4;19;
Jeremy Lin;;17:29;1;6;0;2;2;2;3;1;4;2;0;1;4;2;4;
Omri Casspi;;14:40;4;5;3;4;5;6;0;3;3;2;1;1;1;2;16;
Donatas Motiejunas;;15:48;3;7;1;4;0;0;0;2;2;1;0;0;0;1;7;
Omer Asik;;12:45;0;1;0;0;0;2;1;2;3;0;0;0;2;3;0;
