02-22;IND-MIL;110-100;
27-18;24-21;24-29;35-32;
IND
Paul George;F;36:12;10;18;5;7;7;9;0;5;5;3;1;1;1;2;32;
David West;F;33:09;11;16;0;0;8;10;0;7;7;5;1;0;1;3;30;
Roy Hibbert;C;34:02;1;9;0;0;2;3;1;5;6;0;0;3;2;5;4;
Lance Stephenson;G;37:17;7;13;3;4;7;10;2;7;9;8;0;0;0;3;24;
George Hill;G;30:51;0;3;0;1;0;0;0;0;0;1;2;0;2;2;0;
Ian Mahinmi;;13:42;1;2;0;0;3;4;4;0;4;0;0;2;1;3;5;
Rasual Butler;;22:31;3;10;1;6;1;2;1;3;4;1;0;0;0;3;8;
CJ Watson;;17:25;1;2;0;0;0;0;1;0;1;0;2;0;1;1;2;
Luis Scola;;14:51;2;7;0;0;1;2;1;3;4;1;0;0;1;1;5;
MIL
Khris Middleton;F;24:10;5;11;3;7;0;0;0;2;2;2;0;0;2;2;13;
Ersan Ilyasova;F;25:47;5;9;1;3;1;1;0;2;2;2;0;0;0;5;12;
Zaza Pachulia;C;27:00;1;5;0;0;8;10;4;5;9;2;2;0;2;3;10;
Nate Wolters;G;19:03;0;2;0;0;0;0;0;4;4;0;0;0;0;1;0;
Brandon Knight;G;38:38;12;23;3;9;3;6;1;4;5;8;1;1;0;3;30;
O.J. Mayo;;16:45;3;8;2;6;0;0;0;2;2;1;0;0;2;5;8;
Giannis Antetokounmpo;;24:17;2;6;0;2;4;4;2;4;6;1;1;0;1;3;8;
John Henson;;23:40;3;7;0;0;0;5;3;5;8;0;0;2;3;5;6;
Jeff Adrien;;18:03;3;7;0;0;0;0;5;6;11;3;0;0;1;5;6;
Ramon Sessions;;22:37;1;5;0;0;5;6;0;3;3;1;0;0;1;0;7;
