03-25;TOR-CLE;100-102;
17-26;28-33;36-29;19-14;
TOR
Terrence Ross;F;32:24;5;12;4;10;2;2;0;2;2;1;0;0;2;2;16;
Amir Johnson;F;33:43;6;9;0;0;0;0;6;3;9;2;1;2;0;5;12;
Jonas Valanciunas;C;17:52;2;6;0;0;0;0;2;1;3;0;0;0;0;2;4;
DeMar DeRozan;G;38:03;5;16;0;1;3;7;0;3;3;8;1;0;1;4;13;
Kyle Lowry;G;33:30;8;18;3;7;3;7;1;4;5;10;3;0;2;4;22;
Greivis Vasquez;;24:12;4;13;4;7;4;4;1;3;4;4;0;0;1;1;16;
John Salmons;;14:21;1;4;1;1;2;2;0;2;2;3;0;0;0;0;5;
Tyler Hansbrough;;8:51;0;0;0;0;0;2;1;1;2;1;0;0;0;2;0;
Nando De Colo;;5:04;1;1;1;1;0;0;1;1;2;1;0;0;1;1;3;
Charles Hayes;;15:23;2;4;0;0;2;2;1;3;4;0;1;0;0;2;6;
Steve Novak;;16:37;1;5;1;5;0;0;0;2;2;0;0;1;0;1;3;
CLE
Luol Deng;F;39:56;7;13;2;4;3;4;0;6;6;7;1;1;1;1;19;
Tristan Thompson;F;27:12;3;4;0;0;9;10;4;9;13;0;0;1;2;5;15;
Spencer Hawes;C;21:48;4;10;1;3;2;2;1;6;7;1;0;3;2;3;11;
Dion Waiters;G;42:58;10;19;1;2;3;4;1;2;3;7;1;2;4;0;24;
Jarrett Jack;G;37:13;6;9;0;1;1;3;0;5;5;5;2;1;1;2;13;
Matthew Dellavedova;;25:41;0;2;0;0;0;0;0;4;4;5;0;0;0;3;0;
Anderson Varejao;;22:56;4;8;0;1;3;4;3;5;8;2;1;0;2;3;11;
Alonzo Gee;;13:22;1;4;0;2;2;2;0;2;2;0;1;1;2;4;4;
Tyler Zeller;;8:54;1;1;0;0;3;4;1;0;1;0;0;0;0;1;5;
