01-17;LAL-BOS;107-104;
25-23;27-35;24-24;31-22;
LAL
Wesley Johnson;F;37:51;3;7;3;5;2;4;1;10;11;3;1;2;3;3;11;
Jordan Hill;F;11:13;1;4;0;0;0;0;0;1;1;0;0;1;1;0;2;
Pau Gasol;C;35:31;9;15;0;0;6;8;1;12;13;6;0;0;0;0;24;
Jodie Meeks;G;42:15;6;13;2;4;3;5;1;6;7;3;1;0;3;2;17;
Kendall Marshall;G;44:08;7;11;4;5;1;1;0;4;4;14;1;0;7;1;19;
Manny Harris;;22:27;2;7;1;2;2;2;1;2;3;1;0;0;1;1;7;
Ryan Kelly;;34:06;6;12;2;4;6;6;1;3;4;0;0;1;1;5;20;
Chris Kaman;;6:29;2;3;0;0;0;0;1;0;1;0;0;0;3;1;4;
Robert Sacre;;6:00;1;2;0;0;1;2;2;0;2;0;0;0;0;0;3;
BOS
Jeff Green;F;35:04;4;12;1;3;3;4;0;9;9;2;1;2;0;2;12;
Jared Sullinger;F;28:36;5;9;1;2;0;0;2;5;7;2;1;0;2;2;11;
Kris Humphries;C;11:13;1;4;0;0;0;0;3;3;6;1;0;0;1;2;2;
Avery Bradley;G;28:57;5;20;2;6;0;0;2;2;4;3;0;0;1;1;12;
Rajon Rondo;G;19:25;4;9;0;1;0;0;1;1;2;4;2;0;1;0;8;
Jerryd Bayless;;17:45;2;5;0;1;0;0;0;0;0;0;0;0;0;1;4;
Brandon Bass;;19:13;4;10;0;0;2;2;3;2;5;1;1;1;0;1;10;
Kelly Olynyk;;32:49;11;17;1;4;2;2;2;3;5;7;2;1;1;5;25;
Gerald Wallace;;24:44;6;8;0;1;2;3;0;4;4;5;3;2;1;2;14;
Phil Pressey;;22:12;2;5;2;5;0;0;0;0;0;9;2;0;0;3;6;
