01-02;CHA-POR;104-134;
21-39;28-31;28-30;27-34;
CHA
Anthony Tolliver;F;30:54;1;3;1;3;0;0;1;2;3;2;0;0;0;1;3;
Josh McRoberts;F;27:25;3;10;1;3;0;0;1;3;4;0;1;0;3;0;7;
Al Jefferson;C;28:48;9;17;0;0;1;2;2;3;5;1;0;1;1;2;19;
Gerald Henderson;G;24:03;5;9;1;1;5;6;0;1;1;2;1;0;0;2;16;
Kemba Walker;G;29:12;2;10;0;1;2;2;1;2;3;3;3;0;1;0;6;
Ramon Sessions;;29:22;3;8;0;0;8;10;0;0;0;3;1;0;1;1;14;
Cody Zeller;;16:46;1;6;0;0;3;4;1;4;5;1;1;0;1;1;5;
Chris Douglas-Roberts;;23:32;6;8;2;3;6;7;0;4;4;2;1;1;1;0;20;
Bismack Biyombo;;19:12;2;3;0;0;2;3;0;4;4;0;1;0;1;1;6;
Jannero Pargo;;6:58;2;5;2;5;2;2;0;1;1;1;0;0;0;1;8;
Jeff Adrien;;3:49;0;0;0;0;0;0;0;0;0;0;1;0;0;1;0;
POR
Nicolas Batum;F;27:34;3;6;2;3;0;0;1;6;7;7;0;1;0;1;8;
LaMarcus Aldridge;F;28:24;5;13;0;1;0;0;2;13;15;3;0;0;0;3;10;
Robin Lopez;C;25:50;7;10;0;0;0;1;3;2;5;0;2;1;3;1;14;
Wesley Matthews;G;26:56;8;11;5;6;4;5;1;0;1;2;0;0;2;2;25;
Damian Lillard;G;29:22;9;13;6;6;0;0;0;0;0;7;2;0;2;2;24;
Mo Williams;;21:14;6;9;3;5;0;0;0;0;0;10;2;0;3;5;15;
Joel Freeland;;13:23;3;7;0;0;0;0;1;2;3;0;1;0;0;2;6;
Dorell Wright;;15:55;2;6;2;5;0;0;0;3;3;1;1;0;3;2;6;
Meyers Leonard;;19:36;4;7;0;2;0;0;2;8;10;2;0;0;1;2;8;
Will Barton;;8:47;4;5;2;2;0;0;1;2;3;1;0;0;0;0;10;
Thomas Robinson;;8:47;2;3;0;0;1;1;1;4;5;0;0;0;0;1;5;
Allen Crabbe;;7:06;1;3;1;3;0;0;0;0;0;0;0;0;0;1;3;
Earl Watson;;7:06;0;0;0;0;0;0;0;0;0;1;0;0;1;3;0;
