11-05;PHX-NOP;104-98;
17-28;24-17;37-24;26-29;
PHX
PJ Tucker;F;35:16;3;6;1;2;0;0;0;6;6;3;1;0;1;2;7;
Channing Frye;F;18:53;2;6;0;2;0;0;0;3;3;0;1;0;1;3;4;
Miles Plumlee;C;29:27;4;10;0;0;2;6;1;4;5;0;1;0;1;2;10;
Gerald Green;G;30:55;6;12;6;10;0;0;0;3;3;3;0;3;2;2;18;
Eric Bledsoe;G;31:51;10;12;1;2;4;4;0;4;4;5;3;0;5;2;25;
Markieff Morris;;29:10;7;15;1;2;2;4;1;4;5;4;2;0;0;2;17;
Archie Goodwin;;17:05;1;4;1;3;0;0;0;2;2;1;1;0;1;2;3;
Viacheslav Kravtsov;;4:49;1;1;0;0;0;0;1;1;2;0;0;0;2;1;2;
Marcus Morris;;26:25;4;8;2;3;6;8;4;5;9;1;1;0;1;4;16;
Ish Smith;;16:09;1;4;0;1;0;0;0;2;2;8;0;1;1;0;2;
NOP
Al-Farouq Aminu;F;27:17;4;6;0;0;0;0;2;4;6;2;2;1;0;1;8;
Anthony Davis;F;39:42;5;14;0;0;7;8;1;10;11;0;0;5;1;4;17;
Jason Smith;C;26:26;5;7;0;0;3;4;1;4;5;3;0;1;1;2;13;
Eric Gordon;G;34:13;7;17;3;5;3;3;1;2;3;5;3;0;2;3;20;
Jrue Holiday;G;24:55;1;7;1;2;0;0;1;4;5;9;2;2;6;2;3;
Brian Roberts;;29:35;7;14;3;6;0;0;0;1;1;5;3;0;0;4;17;
Greg Stiemsma;;15:49;0;1;0;0;1;2;0;3;3;0;0;1;0;1;1;
Tyreke Evans;;21:23;4;10;1;1;0;2;1;3;4;2;1;1;3;3;9;
Anthony Morrow;;20:40;4;9;2;4;0;0;1;1;2;0;1;0;0;0;10;
