01-20;MIA-ATL;114-121;
31-34;39-37;22-26;22-24;
MIA
LeBron James;F;38:43;11;21;3;7;5;8;1;3;4;6;1;0;3;1;30;
Shane Battier;F;20:53;3;3;3;3;2;2;1;2;3;1;0;0;1;1;11;
Chris Bosh;C;34:08;7;18;2;6;5;6;0;7;7;2;0;0;4;5;21;
Ray Allen;G;35:58;5;5;4;4;0;0;1;6;7;3;1;1;2;3;14;
Mario Chalmers;G;27:22;6;12;2;7;3;4;0;5;5;4;2;0;3;4;17;
Chris Andersen;;17:28;2;4;0;0;4;4;1;1;2;0;0;1;0;2;8;
Norris Cole;;28:51;2;7;1;4;2;2;1;3;4;8;3;0;4;4;7;
Rashard Lewis;;8:29;0;2;0;2;0;0;0;1;1;2;2;0;0;1;0;
Roger Mason Jr.;;12:58;0;2;0;0;0;0;0;0;0;1;0;0;0;1;0;
Michael Beasley;;3:16;0;1;0;0;0;0;0;0;0;0;0;0;0;0;0;
Udonis Haslem;;11:54;2;3;0;0;2;2;3;1;4;1;0;0;0;4;6;
ATL
DeMarre Carroll;F;36:29;8;13;3;5;0;0;2;4;6;0;1;0;1;2;19;
Paul Millsap;F;30:59;8;13;0;1;10;11;0;7;7;4;1;1;2;5;26;
Pero Antic;C;24:42;7;10;2;4;1;2;2;4;6;3;0;0;0;5;17;
Kyle Korver;G;39:14;3;10;3;9;3;3;1;6;7;6;2;0;3;4;12;
Jeff Teague;G;19:40;1;7;0;2;0;0;0;0;0;6;0;0;1;1;2;
Elton Brand;;20:32;4;5;0;0;0;0;1;4;5;1;1;0;1;4;8;
Lou Williams;;20:51;2;4;2;3;6;6;0;0;0;5;1;0;3;1;12;
Mike Scott;;20:41;4;9;1;3;3;3;1;3;4;1;2;0;1;2;12;
Shelvin Mack;;26:53;5;10;1;4;2;2;0;3;3;7;0;0;1;2;13;
