03-07;UTA-NYK;81-108;
22-39;19-21;19-24;21-24;
UTA
Richard Jefferson;F;27:02;5;9;2;5;0;0;0;1;1;1;2;0;3;4;12;
Marvin Williams;F;18:42;1;7;0;5;1;2;1;4;5;0;0;1;1;4;3;
Derrick Favors;C;25:43;3;6;0;0;2;2;1;6;7;0;0;0;2;2;8;
Trey Burke;G;36:38;2;12;0;8;0;0;1;3;4;4;0;0;2;0;4;
Gordon Hayward;G;36:57;6;8;2;3;4;5;2;5;7;5;0;0;3;1;18;
Enes Kanter;;24:43;3;9;0;0;3;6;3;6;9;0;1;1;2;1;9;
Alec Burks;;26:07;6;8;1;1;5;5;0;2;2;2;1;0;2;2;18;
Jeremy Evans;;11:54;2;4;0;0;0;0;2;4;6;0;0;0;0;2;4;
Diante Garrett;;11:22;0;2;0;0;0;0;0;0;0;0;0;0;2;0;0;
Rudy Gobert;;5:13;1;2;0;0;0;0;0;1;1;0;0;1;0;0;2;
Malcolm Thomas;;5:13;0;1;0;1;0;0;2;1;3;0;0;0;2;0;0;
Brandon Rush;;5:13;1;3;1;3;0;0;0;2;2;0;0;0;0;0;3;
John Lucas III;;5:13;0;2;0;1;0;0;0;0;0;1;0;0;0;0;0;
NYK
Carmelo Anthony;F;31:44;10;19;3;7;6;8;0;4;4;8;2;1;2;1;29;
Amar'e Stoudemire;F;18:46;3;4;0;0;4;4;0;1;1;0;0;1;0;0;10;
Tyson Chandler;C;22:55;8;10;0;0;0;2;4;7;11;0;0;0;0;3;16;
Raymond Felton;G;26:01;1;4;0;1;0;0;0;2;2;5;0;0;0;2;2;
J.R. Smith;G;24:06;6;13;5;11;0;0;0;3;3;1;0;3;0;3;17;
Iman Shumpert;;26:41;3;4;1;1;0;0;2;2;4;3;2;0;2;1;7;
Tim Hardaway Jr.;;24:36;2;11;1;6;0;0;0;0;0;3;3;0;0;3;5;
Jeremy Tyler;;10:56;0;2;0;0;0;0;1;3;4;1;0;1;1;5;0;
Pablo Prigioni;;16:46;2;3;2;2;1;2;0;0;0;2;0;0;1;1;7;
Earl Clark;;16:16;1;5;0;3;1;2;0;2;2;0;0;0;0;0;3;
Cole Aldrich;;11:22;3;5;0;0;0;0;0;2;2;0;1;1;1;0;6;
Toure Murry;;5:13;1;3;0;0;0;0;0;0;0;1;0;0;0;0;2;
Shannon Brown;;4:38;2;2;0;0;0;0;1;1;2;0;1;0;0;0;4;
