04-13;OKC-IND;97-102;
21-22;24-25;21-27;31-28;
OKC
Kevin Durant;F;42:02;13;27;2;11;10;10;0;4;4;1;1;0;1;1;38;
Serge Ibaka;F;31:57;4;11;1;2;2;2;3;3;6;1;3;3;1;5;11;
Kendrick Perkins;C;22:38;1;3;0;0;0;0;1;7;8;1;1;0;1;2;2;
Thabo Sefolosha;G;20:45;0;1;0;1;0;0;0;1;1;4;0;0;0;5;0;
Russell Westbrook;G;33:03;7;23;3;10;4;5;4;5;9;7;1;0;4;2;21;
Caron Butler;;30:08;6;10;1;3;0;0;0;1;1;0;3;0;0;3;13;
Steven Adams;;13:06;2;3;0;0;0;0;0;1;1;0;2;0;0;3;4;
Reggie Jackson;;14:57;3;4;0;0;2;2;0;0;0;3;0;0;2;2;8;
Nick Collison;;16:03;0;1;0;0;0;0;0;2;2;3;0;1;0;1;0;
Derek Fisher;;15:21;0;1;0;1;0;0;0;0;0;1;1;0;0;0;0;
IND
Paul George;F;35:42;6;17;3;6;5;5;2;10;12;2;0;0;1;3;20;
David West;F;33:01;9;11;0;0;3;4;2;4;6;1;0;1;3;4;21;
Roy Hibbert;C;27:11;0;9;0;0;0;0;2;4;6;0;1;1;2;2;0;
Lance Stephenson;G;41:20;7;10;2;5;1;2;1;9;10;11;0;1;4;3;17;
George Hill;G;23:11;1;3;0;2;1;2;0;0;0;2;0;0;0;4;3;
CJ Watson;;25:04;6;10;4;7;4;6;0;3;3;1;1;0;3;0;20;
Ian Mahinmi;;20:34;4;4;0;0;3;4;3;2;5;1;0;1;1;2;11;
Evan Turner;;18:58;0;1;0;0;0;0;0;2;2;4;1;0;4;2;0;
Luis Scola;;14:59;5;7;0;0;0;0;0;2;2;1;0;0;3;1;10;
