12-15;ORL-OKC;98-101;
22-28;27-28;22-27;27-18;
ORL
Arron Afflalo;F;38:42;9;20;2;7;5;5;0;4;4;2;0;0;1;0;25;
Glen Davis;F;29:02;4;11;0;1;3;5;2;7;9;3;2;2;3;4;11;
Nikola Vucevic;C;34:29;6;9;0;0;1;2;4;12;16;1;1;0;0;1;13;
Victor Oladipo;G;33:25;5;12;0;3;5;8;0;4;4;2;1;0;5;5;15;
Jameer Nelson;G;34:53;4;11;4;7;1;2;0;1;1;8;1;0;3;1;13;
Maurice Harkless;;22:56;3;5;1;2;0;0;1;2;3;0;1;0;0;2;7;
Andrew Nicholson;;14:31;1;3;0;0;0;0;0;3;3;0;0;0;1;1;2;
Tobias Harris;;22:50;3;8;0;3;2;4;2;2;4;2;1;0;1;3;8;
E'Twaun Moore;;6:14;1;2;0;1;0;0;0;1;1;1;0;0;0;0;2;
Kyle O'Quinn;;2:58;1;1;0;0;0;0;0;0;0;0;0;0;0;1;2;
OKC
Kevin Durant;F;37:03;11;18;2;3;4;5;0;9;9;5;1;2;2;1;28;
Serge Ibaka;F;20:47;2;6;0;0;0;0;1;1;2;1;0;2;0;3;4;
Kendrick Perkins;C;25:35;1;4;0;0;2;3;2;3;5;1;0;1;1;5;4;
Thabo Sefolosha;G;23:01;3;8;0;3;0;0;1;2;3;0;4;0;0;2;6;
Russell Westbrook;G;33:09;7;22;0;5;6;6;3;9;12;6;2;1;5;1;20;
Nick Collison;;17:42;1;3;0;0;0;0;2;1;3;2;0;0;1;2;2;
Jeremy Lamb;;23:01;7;10;2;3;0;0;1;2;3;3;1;0;0;2;16;
Steven Adams;;20:14;2;3;0;0;2;2;1;3;4;0;2;1;3;3;6;
Reggie Jackson;;22:35;4;10;0;2;2;2;0;4;4;5;0;0;0;0;10;
Derek Fisher;;16:53;1;3;1;3;2;2;0;0;0;0;0;0;1;0;5;
