03-26;ATL-MIN;83-107;
19-20;22-28;20-27;22-32;
ATL
Mike Scott;F;30:59;6;11;2;3;1;2;2;5;7;0;0;0;3;1;15;
Paul Millsap;F;27:16;4;13;1;4;3;4;2;8;10;2;0;1;2;2;12;
Pero Antic;C;15:36;1;5;1;4;0;0;0;4;4;0;1;0;3;2;3;
DeMarre Carroll;G;28:41;4;9;1;2;2;2;1;5;6;1;3;0;3;1;11;
Jeff Teague;G;19:07;0;5;0;2;0;0;0;1;1;6;1;0;2;1;0;
Elton Brand;;17:06;3;5;0;0;0;0;1;2;3;0;2;0;3;2;6;
Lou Williams;;31:42;3;10;1;5;3;3;0;2;2;6;0;0;2;4;10;
Shelvin Mack;;21:25;3;8;1;4;2;2;0;2;2;4;1;0;4;1;9;
Mike Muscala;;23:55;3;8;0;1;2;2;0;4;4;0;1;1;0;1;8;
Cartier Martin;;13:30;3;6;0;2;1;1;0;1;1;1;0;0;0;1;7;
Dennis Schroder;;10:42;1;2;0;1;0;0;0;0;0;1;0;0;3;0;2;
MIN
Corey Brewer;F;30:02;8;16;0;1;2;2;0;3;3;3;3;0;3;0;18;
Kevin Love;F;29:28;5;9;2;4;2;2;0;12;12;4;0;0;5;0;14;
Gorgui Dieng;C;41:13;6;8;0;0;3;4;5;10;15;2;1;1;1;3;15;
Kevin Martin;G;30:42;8;17;1;3;1;1;1;1;2;0;3;0;1;1;18;
Ricky Rubio;G;31:01;1;6;0;1;2;4;0;1;1;10;6;0;2;3;4;
Jose Juan Barea;;22:37;3;8;1;2;1;1;0;1;1;8;0;0;3;2;8;
Dante Cunningham;;9:23;2;3;0;0;0;0;1;1;2;0;1;0;2;0;4;
Chase Budinger;;21:46;5;8;2;5;0;0;0;7;7;0;2;0;0;2;12;
Robbie Hummel;;12:00;3;6;2;3;1;2;0;0;0;1;1;0;0;3;9;
Alexey Shved;;3:56;0;2;0;2;0;0;0;0;0;2;0;0;1;0;0;
Luc Mbah a Moute;;3:56;1;2;0;0;0;0;0;2;2;0;0;0;1;0;2;
Shabazz Muhammad;;3:56;1;1;1;1;0;0;0;0;0;1;0;0;0;0;3;
