02-05;DAL-MEM;110-96;
21-26;31-29;26-17;32-24;
DAL
Shawn Marion;F;33:22;3;6;2;3;0;0;0;2;2;1;3;0;1;2;8;
Dirk Nowitzki;F;34:28;10;14;3;4;3;4;0;6;6;3;2;0;2;1;26;
Samuel Dalembert;C;23:22;6;10;0;0;2;3;6;4;10;0;0;0;1;4;14;
Monta Ellis;G;39:30;5;16;1;3;3;4;2;4;6;4;2;1;2;2;14;
Jose Calderon;G;31:02;2;9;1;4;0;0;0;1;1;4;0;0;2;1;5;
Vince Carter;;24:08;5;8;1;2;2;2;1;1;2;7;0;0;1;2;13;
Devin Harris;;16:58;1;3;0;2;1;3;0;1;1;3;0;0;2;1;3;
DeJuan Blair;;9:10;2;2;0;0;2;2;0;2;2;1;0;2;2;4;6;
Jae Crowder;;9:47;2;2;0;0;0;0;0;1;1;0;0;0;0;1;4;
Brandan Wright;;18:13;6;8;0;0;5;7;2;2;4;1;0;0;0;2;17;
MEM
Tayshaun Prince;F;23:29;0;3;0;2;0;0;0;4;4;2;0;0;0;0;0;
Zach Randolph;F;40:06;10;16;0;0;5;8;2;7;9;4;0;1;2;3;25;
Marc Gasol;C;37:32;3;6;0;0;6;8;1;3;4;5;2;0;6;4;12;
Courtney Lee;G;39:48;10;15;2;4;0;0;3;2;5;4;1;1;1;5;22;
Nick Calathes;G;41:17;6;12;2;4;2;2;2;3;5;5;3;0;6;5;16;
Kosta Koufos;;7:51;2;3;0;0;0;0;0;1;1;0;1;0;0;1;4;
Darius Morris;;7:25;0;1;0;1;0;0;0;0;0;1;0;0;1;1;0;
James Johnson;;25:02;6;11;2;4;3;4;0;1;1;1;0;4;1;3;17;
Mike Miller;;7:35;0;1;0;1;0;0;0;0;0;1;0;0;0;1;0;
Jon Leuer;;9:55;0;1;0;0;0;0;0;3;3;1;0;0;0;0;0;
