01-15;TOR-BOS;83-88;
25-23;16-22;15-28;27-15;
TOR
Terrence Ross;F;25:17;3;7;2;5;0;0;0;4;4;0;0;0;2;4;8;
Amir Johnson;F;25:59;2;4;0;0;2;6;2;3;5;1;1;1;1;6;6;
Jonas Valanciunas;C;23:18;1;7;0;0;3;4;4;4;8;1;0;0;1;3;5;
DeMar DeRozan;G;37:09;9;22;1;2;4;9;2;6;8;3;1;0;1;4;23;
Kyle Lowry;G;42:07;6;17;3;8;3;4;2;5;7;12;0;1;3;4;18;
John Salmons;;26:37;5;9;3;5;0;2;1;0;1;2;2;1;2;3;13;
Patrick Patterson;;19:30;1;3;0;1;0;0;1;3;4;2;0;0;2;3;2;
Charles Hayes;;16:08;1;3;0;0;0;0;1;5;6;0;0;0;0;2;2;
Greivis Vasquez;;8:34;0;2;0;0;0;0;0;0;0;0;0;0;1;0;0;
Landry Fields;;4:22;0;0;0;0;0;0;0;0;0;0;0;0;0;0;0;
Steve Novak;;11:00;2;4;2;3;0;0;0;1;1;1;1;0;0;0;6;
BOS
Jeff Green;F;37:32;4;16;1;5;4;6;1;4;5;1;0;0;2;2;13;
Jared Sullinger;F;38:40;7;14;1;2;10;14;8;12;20;4;2;0;0;5;25;
Kris Humphries;C;24:45;5;10;0;0;2;2;4;4;8;0;0;1;1;2;12;
Avery Bradley;G;35:33;8;21;0;2;4;6;0;5;5;1;2;0;2;3;20;
Phil Pressey;G;25:49;0;5;0;1;0;0;1;2;3;10;1;1;0;3;0;
Jerryd Bayless;;20:17;0;5;0;4;1;2;0;2;2;3;0;1;1;3;1;
Gerald Wallace;;23:29;3;4;1;2;0;0;1;5;6;1;2;0;0;0;7;
Brandon Bass;;24:50;1;5;0;0;5;6;3;3;6;1;0;0;2;1;7;
Vitor Faverani;;5:00;1;2;1;1;0;0;0;1;1;1;0;0;0;2;3;
Kelly Olynyk;;4:05;0;2;0;0;0;0;1;1;2;0;0;0;1;1;0;
