11-15;BKN-PHX;100-98;
18-29;28-21;27-17;19-25;8-6;
BKN
Paul Pierce;F;40:57;5;12;1;4;3;4;0;4;4;0;0;0;1;1;14;
Kevin Garnett;F;27:36;2;8;0;0;0;0;3;11;14;2;1;0;0;2;4;
Brook Lopez;C;36:03;9;16;0;0;9;10;4;3;7;0;0;3;4;4;27;
Joe Johnson;G;44:47;6;19;0;4;1;2;2;3;5;1;0;0;2;3;13;
Deron Williams;G;4:40;1;2;0;0;0;0;0;1;1;0;0;0;0;0;2;
Andray Blatche;;17:47;2;6;0;0;3;4;3;4;7;1;1;0;2;2;7;
Shaun Livingston;;37:00;7;12;0;0;4;5;2;1;3;6;2;1;2;3;18;
Jason Terry;;18:13;1;3;0;1;1;2;0;0;0;1;1;0;1;2;3;
Mason Plumlee;;13:15;3;3;0;0;1;2;0;3;3;2;0;0;0;5;7;
Alan Anderson;;11:22;1;4;1;3;0;0;0;1;1;1;0;0;0;0;3;
Mirza Teletovic;;7:37;1;1;0;0;0;0;0;2;2;0;0;0;0;2;2;
Reggie Evans;;3:42;0;1;0;0;0;0;0;2;2;0;1;0;0;1;0;
Tyshawn Taylor;;2:01;0;0;0;0;0;0;0;0;0;0;2;0;0;0;0;
PHX
PJ Tucker;F;35:51;7;11;3;4;0;0;2;3;5;0;0;0;0;2;17;
Channing Frye;F;28:39;4;8;2;4;3;3;1;4;5;1;1;1;0;4;13;
Miles Plumlee;C;35:17;3;10;0;0;0;0;2;5;7;1;0;2;4;5;6;
Goran Dragic;G;46:19;5;12;0;4;9;10;0;1;1;10;2;0;4;1;19;
Eric Bledsoe;G;39:44;5;13;1;6;4;4;1;6;7;4;2;0;2;1;15;
Markieff Morris;;21:06;1;9;1;2;1;2;1;5;6;1;2;1;1;0;4;
Archie Goodwin;;7:50;1;2;0;1;1;1;0;1;1;0;0;0;1;0;3;
Viacheslav Kravtsov;;4:48;0;0;0;0;0;0;0;1;1;0;0;0;1;2;0;
Marcus Morris;;25:58;5;7;2;2;1;2;2;7;9;0;1;0;2;3;13;
Ish Smith;;1:32;0;0;0;0;0;0;0;0;0;0;0;0;0;1;0;
Gerald Green;;17:57;3;7;1;5;1;3;0;0;0;0;0;0;1;4;8;
