03-14;MIN-CHA;93-105;
33-33;20-32;22-23;18-17;
MIN
Corey Brewer;F;30:35;3;6;0;1;4;6;0;2;2;1;3;1;0;2;10;
Kevin Love;F;36:01;7;17;2;4;2;4;0;6;6;5;0;0;0;1;18;
Nikola Pekovic;C;16:52;4;11;0;0;0;0;0;4;4;0;1;0;1;1;8;
Kevin Martin;G;33:04;6;13;3;5;4;4;1;4;5;1;1;0;0;1;19;
Ricky Rubio;G;32:10;1;6;0;1;4;4;0;3;3;9;2;0;3;0;6;
Dante Cunningham;;21:28;5;8;0;0;0;0;1;3;4;2;1;1;2;2;10;
Jose Juan Barea;;20:35;4;9;0;1;1;1;1;3;4;4;0;0;1;4;9;
Shabazz Muhammad;;9:36;2;3;0;0;0;0;0;1;1;1;0;0;0;1;4;
Chase Budinger;;15:57;2;4;1;2;0;0;0;1;1;0;1;0;1;2;5;
Luc Mbah a Moute;;7:48;0;1;0;0;2;2;1;0;1;0;0;0;1;0;2;
Gorgui Dieng;;11:48;1;3;0;0;0;0;1;1;2;0;0;0;0;1;2;
Robbie Hummel;;2:03;0;0;0;0;0;0;0;2;2;0;0;0;0;0;0;
Alexey Shved;;2:03;0;1;0;1;0;0;0;0;0;0;0;0;1;0;0;
CHA
Michael Kidd-Gilchrist;F;25:15;4;6;0;0;2;2;4;5;9;1;0;2;2;3;10;
Josh McRoberts;F;27:17;3;11;0;6;0;1;1;2;3;6;0;1;0;2;6;
Al Jefferson;C;38:11;12;26;0;1;1;1;4;12;16;1;0;1;3;2;25;
Gerald Henderson;G;24:54;4;9;2;3;0;2;1;3;4;1;0;0;2;3;10;
Kemba Walker;G;33:59;3;12;1;2;0;2;0;4;4;7;3;0;4;2;7;
Cody Zeller;;20:43;5;8;0;0;0;0;2;6;8;3;0;0;0;2;10;
Gary Neal;;25:16;6;10;3;3;4;4;0;0;0;4;0;0;1;3;19;
Chris Douglas-Roberts;;20:35;3;5;2;4;2;2;0;4;4;2;2;0;0;0;10;
Luke Ridnour;;14:01;3;3;0;0;0;0;1;2;3;3;1;1;3;1;6;
Bismack Biyombo;;9:49;1;1;0;0;0;0;1;2;3;0;0;1;0;1;2;
