11-23;CLE-SAS;96-126;
21-30;11-35;35-31;29-30;
CLE
Alonzo Gee;F;15:50;0;0;0;0;0;0;0;0;0;0;1;0;1;2;0;
Tristan Thompson;F;26:34;1;8;0;0;3;4;3;6;9;2;0;0;1;2;5;
Andrew Bynum;C;20:36;8;15;0;0;0;0;2;4;6;0;0;1;1;3;16;
Matthew Dellavedova;G;33:55;6;8;1;2;1;2;1;1;2;2;4;0;2;1;14;
Kyrie Irving;G;26:34;7;17;0;1;1;2;0;0;0;4;1;0;1;1;15;
Jarrett Jack;;17:22;0;3;0;0;0;0;0;0;0;5;0;0;0;1;0;
Dion Waiters;;20:11;4;9;1;1;2;2;1;0;1;2;1;0;3;2;11;
Anderson Varejao;;12:50;4;5;0;0;1;2;1;5;6;1;0;0;2;3;9;
Earl Clark;;9:26;1;4;1;3;0;0;0;1;1;0;0;1;0;0;3;
Tyler Zeller;;14:34;2;2;0;0;0;0;0;2;2;1;1;0;0;0;4;
Sergey Karasev;;21:03;2;6;0;3;4;4;0;5;5;1;0;0;1;2;8;
Anthony Bennett;;12:00;4;5;1;2;0;2;2;3;5;0;1;0;5;3;9;
Carrick Felix;;9:05;0;1;0;1;2;2;0;0;0;1;0;0;0;1;2;
SAS
Kawhi Leonard;F;13:01;3;4;1;1;2;2;0;3;3;0;0;1;0;1;9;
Tim Duncan;F;16:24;4;6;0;0;1;2;1;5;6;1;0;3;0;0;9;
Tiago Splitter;C;10:36;4;5;0;0;2;3;1;3;4;0;0;0;0;0;10;
Danny Green;G;21:14;6;10;5;7;0;0;0;4;4;0;2;0;1;1;17;
Tony Parker;G;15:10;5;9;0;1;2;2;0;1;1;7;0;0;0;0;12;
Manu Ginobili;;14:49;3;5;1;1;1;1;0;1;1;2;1;0;1;1;8;
Matt Bonner;;19:37;3;5;2;3;0;0;0;2;2;3;0;1;0;1;8;
Patty Mills;;22:55;5;8;3;6;2;2;0;3;3;3;1;0;2;0;15;
Jeff Ayres;;28:09;3;6;0;0;0;0;1;1;2;2;3;0;4;3;6;
Marco Belinelli;;22:15;3;9;2;2;2;3;1;2;3;4;1;0;2;0;10;
Aron Baynes;;21:14;2;4;0;0;2;2;2;3;5;2;0;0;1;3;6;
Cory Joseph;;18:49;2;5;0;0;4;5;0;2;2;2;0;0;2;3;8;
Nando De Colo;;15:47;3;4;2;3;0;1;0;1;1;4;1;0;2;4;8;
