02-10;NOP-TOR;101-108;
20-31;29-18;21-33;31-26;
NOP
Al-Farouq Aminu;F;19:15;1;3;0;1;1;2;2;3;5;0;0;0;1;1;3;
Anthony Davis;F;35:11;7;14;0;0;5;7;2;5;7;1;3;0;2;5;19;
Alexis Ajinca;C;9:17;1;3;0;0;0;0;1;0;1;0;0;0;1;1;2;
Eric Gordon;G;26:24;5;12;0;1;0;0;0;0;0;2;0;1;1;1;10;
Brian Roberts;G;27:46;7;14;3;4;1;1;0;3;3;2;2;0;2;1;18;
Greg Stiemsma;;15:13;1;2;0;0;0;0;2;2;4;2;0;0;1;4;2;
Tyreke Evans;;32:12;10;14;0;1;3;6;1;4;5;10;3;0;2;2;23;
Austin Rivers;;20:14;1;3;0;0;5;8;0;4;4;4;0;0;2;4;7;
Anthony Morrow;;21:36;3;6;1;1;1;1;0;2;2;0;0;0;1;2;8;
Jeff Withey;;13:16;1;2;0;0;1;1;1;1;2;0;0;0;0;1;3;
Luke Babbitt;;19:36;2;4;2;4;0;0;0;3;3;0;0;3;1;4;6;
TOR
Terrence Ross;F;34:45;5;8;4;5;0;0;1;3;4;0;0;1;1;0;14;
Patrick Patterson;F;32:52;7;11;3;5;5;6;1;5;6;2;0;0;1;4;22;
Jonas Valanciunas;C;29:58;3;7;0;0;3;4;1;7;8;0;0;1;1;5;9;
DeMar DeRozan;G;40:21;7;21;1;5;7;10;0;2;2;4;1;0;3;2;22;
Kyle Lowry;G;38:48;8;13;1;4;2;2;5;2;7;12;2;0;2;2;19;
Tyler Hansbrough;;14:34;4;6;0;0;4;6;0;6;6;0;0;0;1;0;12;
John Salmons;;16:51;0;3;0;1;4;4;1;0;1;2;1;0;0;2;4;
Greivis Vasquez;;13:15;1;4;0;2;1;1;0;0;0;2;0;0;2;2;3;
Steve Novak;;11:44;1;2;1;2;0;0;0;2;2;0;0;1;0;2;3;
Charles Hayes;;6:52;0;1;0;0;0;0;0;0;0;0;2;0;0;1;0;
