11-01;DAL-HOU;105-113;
22-38;28-23;22-24;33-28;
DAL
Shawn Marion;F;25:01;3;9;0;0;1;2;5;5;10;0;2;1;1;2;7;
Dirk Nowitzki;F;29:43;6;15;0;2;10;11;2;2;4;2;0;0;1;6;22;
Samuel Dalembert;C;22:21;3;5;0;0;0;1;1;4;5;0;1;1;1;5;6;
Monta Ellis;G;32:26;7;19;1;4;5;6;0;4;4;1;3;0;5;4;20;
Jose Calderon;G;25:05;0;8;0;3;0;0;0;1;1;6;1;0;1;2;0;
DeJuan Blair;;17:53;5;11;0;1;1;2;5;5;10;0;2;2;2;5;11;
Vince Carter;;26:41;2;8;0;3;2;2;2;3;5;1;0;1;1;3;6;
Gal Mekel;;22:48;5;7;1;2;0;0;0;1;1;6;0;0;1;4;11;
Wayne Ellington;;15:41;1;7;1;4;1;1;1;1;2;2;0;1;0;1;4;
Bernard James;;5:10;0;0;0;0;0;0;0;0;0;1;0;0;0;1;0;
Jae Crowder;;12:49;5;8;5;7;0;0;0;1;1;0;0;1;0;3;15;
Ricky Ledo;;4:22;1;3;1;1;0;0;0;0;0;1;0;0;1;1;3;
HOU
Chandler Parsons;F;35:22;3;8;0;5;3;6;2;5;7;2;1;0;3;1;9;
Dwight Howard;F;31:44;4;10;0;0;5;12;5;11;16;0;1;1;3;4;13;
Omer Asik;C;15:28;2;4;0;0;2;4;1;11;12;0;0;0;2;6;6;
James Harden;G;39:07;11;17;4;8;8;9;1;3;4;3;4;0;4;2;34;
Jeremy Lin;G;29:58;4;9;0;3;6;7;0;3;3;4;3;0;6;1;14;
Omri Casspi;;21:14;4;8;3;3;1;2;1;1;2;2;1;0;1;3;12;
Aaron Brooks;;22:57;3;8;2;5;5;5;1;1;2;2;0;0;1;0;13;
Francisco Garcia;;24:47;3;6;2;5;0;0;1;1;2;3;1;3;1;2;8;
Ronnie Brewer;;7:29;0;0;0;0;0;0;0;1;1;1;0;0;0;1;0;
Terrence Jones;;3:58;0;1;0;0;3;4;0;1;1;0;0;0;0;0;3;
Donatas Motiejunas;;3:58;0;1;0;0;1;2;0;0;0;0;0;0;0;0;1;
Greg Smith;;3:58;0;1;0;0;0;0;1;0;1;0;0;0;1;0;0;
