12-22;BOS-IND;79-106;
17-20;20-32;21-28;21-26;
BOS
Jeff Green;F;25:33;4;9;2;2;1;1;1;5;6;1;0;1;4;4;11;
Brandon Bass;F;25:14;2;9;0;0;2;2;0;3;3;1;1;1;0;3;6;
Jared Sullinger;C;16:19;3;9;0;1;0;1;0;2;2;0;0;2;2;3;6;
Avery Bradley;G;31:11;6;14;1;1;0;0;1;5;6;0;1;0;1;2;13;
Jordan Crawford;G;24:15;4;11;1;4;0;0;0;0;0;2;1;0;0;2;9;
Vitor Faverani;;13:05;0;3;0;2;0;0;0;2;2;0;0;2;1;2;0;
Courtney Lee;;22:55;5;10;1;2;0;1;0;2;2;3;2;2;2;1;11;
Gerald Wallace;;14:34;0;0;0;0;3;4;0;5;5;1;0;0;2;0;3;
Kris Humphries;;18:36;4;6;0;0;0;0;1;3;4;0;1;0;0;1;8;
Kelly Olynyk;;22:46;3;10;0;1;0;0;3;1;4;4;0;0;1;3;6;
Phil Pressey;;15:14;0;1;0;0;0;0;0;2;2;4;0;0;2;1;0;
MarShon Brooks;;10:18;1;2;1;1;3;4;0;5;5;0;0;1;1;0;6;
IND
Paul George;F;28:07;9;13;2;3;4;5;0;5;5;2;1;0;1;2;24;
David West;F;24:50;3;7;0;0;2;2;0;3;3;6;0;0;2;3;8;
Roy Hibbert;C;26:17;7;11;0;0;1;4;3;9;12;3;1;3;0;1;15;
Lance Stephenson;G;34:48;5;15;1;3;1;2;0;10;10;10;1;0;3;0;12;
George Hill;G;26:51;3;8;1;3;0;0;0;2;2;0;0;0;3;1;7;
Danny Granger;;25:01;4;8;4;5;0;0;0;5;5;0;0;1;0;2;12;
Luis Scola;;18:51;2;3;0;0;5;6;0;2;2;2;0;0;1;1;9;
Ian Mahinmi;;21:43;2;2;0;0;0;1;4;4;8;4;2;0;1;5;4;
CJ Watson;;17:24;3;6;1;2;2;2;0;2;2;1;2;0;2;0;9;
Chris Copeland;;4:19;1;4;0;2;0;0;0;0;0;0;1;1;0;1;2;
Donald Sloan;;4:19;0;1;0;1;0;0;0;0;0;0;0;0;0;0;0;
Rasual Butler;;3:45;1;2;0;0;0;0;1;1;2;0;0;0;0;1;2;
Orlando Johnson;;3:45;1;3;0;0;0;0;1;1;2;0;0;0;0;1;2;
