12-13;HOU-GSW;116-112;
30-29;28-22;24-22;34-39;
HOU
Chandler Parsons;F;32:59;9;14;2;4;3;3;0;1;1;3;3;1;2;3;23;
Terrence Jones;F;34:59;2;8;0;3;3;4;0;8;8;0;2;0;0;2;7;
Dwight Howard;C;30:54;5;6;1;1;7;7;2;9;11;3;0;1;5;5;18;
James Harden;G;42:16;9;22;3;8;5;8;1;1;2;9;0;0;3;1;26;
Patrick Beverley;G;30:17;7;9;2;3;0;0;2;1;3;2;2;0;0;6;16;
Omri Casspi;;20:54;3;8;1;3;3;5;1;1;2;1;3;1;1;0;10;
Jeremy Lin;;20:37;2;4;1;3;3;4;0;0;0;2;0;0;4;3;8;
Francisco Garcia;;18:10;2;5;2;3;0;0;1;3;4;0;0;0;0;2;6;
Donatas Motiejunas;;8:55;0;3;0;1;2;4;0;1;1;0;0;0;0;1;2;
GSW
Harrison Barnes;F;37:36;9;16;2;5;0;0;4;8;12;4;1;0;3;5;20;
David Lee;F;37:01;8;13;0;0;7;8;3;7;10;0;1;2;2;4;23;
Andrew Bogut;C;26:58;5;7;0;0;0;0;3;8;11;2;2;1;2;3;10;
Klay Thompson;G;45:02;6;17;1;7;2;3;0;5;5;5;1;2;3;4;15;
Stephen Curry;G;39:07;5;12;1;5;9;11;0;2;2;9;0;0;6;6;20;
Toney Douglas;;13:21;0;3;0;1;0;0;0;1;1;0;1;0;0;1;0;
Marreese Speights;;15:35;7;14;0;0;2;2;8;1;9;0;0;0;0;1;16;
Draymond Green;;20:54;2;7;2;4;0;0;0;3;3;2;0;1;2;5;6;
Kent Bazemore;;0:07;0;0;0;0;0;0;0;0;0;0;0;0;0;0;0;
Hilton Armstrong;;4:20;1;1;0;0;0;0;1;2;3;0;0;0;0;1;2;
