12-18;SAS-PHX;108-101;
29-34;30-24;28-23;21-20;
SAS
Kawhi Leonard;F;30:52;5;15;2;3;2;3;2;4;6;2;2;0;2;3;14;
Tim Duncan;F;30:39;6;13;0;0;5;5;6;7;13;2;2;3;5;1;17;
Tiago Splitter;C;12:48;2;3;0;0;4;6;3;1;4;0;0;0;0;0;8;
Marco Belinelli;G;23:53;3;9;1;2;0;0;0;5;5;3;0;0;1;2;7;
Cory Joseph;G;16:29;2;5;0;0;0;0;0;3;3;0;0;0;1;3;4;
Boris Diaw;;26:30;4;7;0;0;0;0;0;3;3;4;1;0;2;1;8;
Manu Ginobili;;27:23;9;17;1;5;5;5;3;3;6;7;2;0;5;0;24;
Patty Mills;;30:55;4;10;2;5;2;2;0;1;1;4;2;0;0;3;12;
Jeff Ayres;;11:44;2;2;0;0;0;0;0;3;3;0;1;0;1;1;4;
Danny Green;;21:04;2;3;0;1;1;3;0;2;2;1;0;1;0;2;5;
Matt Bonner;;7:43;2;3;1;2;0;0;0;0;0;0;0;0;1;1;5;
PHX
PJ Tucker;F;28:15;1;4;1;1;1;2;2;2;4;2;0;0;2;3;4;
Channing Frye;F;26:15;8;11;4;4;2;2;0;5;5;1;2;1;4;3;22;
Miles Plumlee;C;33:44;6;9;0;0;1;2;7;6;13;0;2;2;2;4;13;
Goran Dragic;G;40:44;6;18;0;2;6;8;1;1;2;4;0;0;2;4;18;
Eric Bledsoe;G;33:14;6;15;0;3;3;3;0;5;5;7;0;0;4;4;15;
Gerald Green;;16:57;2;8;1;4;0;0;0;2;2;2;1;2;1;2;5;
Markieff Morris;;25:01;4;8;0;0;4;5;3;3;6;0;1;2;1;2;12;
Marcus Morris;;20:42;2;5;1;1;0;0;0;4;4;0;0;0;2;2;5;
Archie Goodwin;;15:08;3;4;0;0;1;2;0;1;1;0;2;0;1;0;7;
