12-07;DAL-POR;108-106;
28-30;27-23;24-23;29-30;
DAL
Shawn Marion;F;32:25;2;4;1;3;0;0;0;4;4;1;0;0;1;1;5;
Dirk Nowitzki;F;35:52;13;23;3;4;1;1;1;5;6;7;0;1;0;3;30;
DeJuan Blair;C;23:48;6;9;0;0;3;4;1;7;8;0;1;0;1;4;15;
Monta Ellis;G;39:11;8;17;2;3;2;2;0;1;1;4;1;0;3;4;20;
Jose Calderon;G;32:19;7;10;0;1;1;2;0;2;2;7;2;0;1;4;15;
Vince Carter;;25:10;4;13;0;3;0;0;1;3;4;4;0;0;4;3;8;
Samuel Dalembert;;11:43;0;1;0;0;0;0;1;1;2;1;0;1;1;0;0;
Jae Crowder;;15:46;1;2;1;1;0;0;0;2;2;0;3;0;0;0;3;
Gal Mekel;;12:01;3;4;1;1;0;0;0;1;1;2;0;0;1;2;7;
Wayne Ellington;;0:17;0;0;0;0;0;0;0;0;0;0;0;0;0;0;0;
Bernard James;;11:28;2;4;0;0;1;2;3;3;6;0;0;1;0;0;5;
POR
Nicolas Batum;F;37:03;8;17;4;10;2;4;2;3;5;6;1;1;5;0;22;
LaMarcus Aldridge;F;38:15;7;16;0;0;5;6;4;9;13;2;1;0;3;2;19;
Robin Lopez;C;33:56;6;9;0;0;2;2;8;6;14;1;0;2;1;2;14;
Wesley Matthews;G;34:48;2;10;0;4;0;0;1;6;7;4;1;0;1;1;4;
Damian Lillard;G;37:21;9;18;5;9;9;9;0;1;1;5;0;0;1;2;32;
Mo Williams;;22:29;3;9;0;4;0;0;1;2;3;3;1;0;2;3;6;
Joel Freeland;;13:04;0;0;0;0;0;0;1;3;4;1;0;0;2;1;0;
Dorell Wright;;13:19;1;4;0;3;1;3;0;0;0;0;0;0;0;0;3;
Thomas Robinson;;9:45;3;4;0;0;0;0;0;3;3;0;0;0;1;2;6;
