03-09;SAC-BKN;89-104;
19-28;21-21;25-28;24-27;
SAC
Rudy Gay;F;32:17;9;18;1;4;1;2;2;2;4;0;0;0;1;2;20;
Jason Thompson;F;23:52;2;4;0;0;0;0;2;2;4;1;0;0;0;0;4;
DeMarcus Cousins;C;31:36;13;19;0;0;2;4;10;10;20;3;1;1;6;4;28;
Ben McLemore;G;29:42;3;4;1;2;1;3;0;4;4;0;0;1;1;2;8;
Isaiah Thomas;G;36:18;3;14;1;9;3;4;1;2;3;4;0;0;7;3;10;
Quincy Acy;;5:12;0;1;0;0;0;0;0;1;1;0;0;0;0;1;0;
Ray McCallum;;29:34;2;8;1;5;0;0;1;1;2;2;0;0;3;1;5;
Derrick Williams;;19:11;3;5;1;1;1;2;1;3;4;1;0;0;1;1;8;
Travis Outlaw;;12:57;1;5;0;1;1;2;1;1;2;0;0;2;0;1;3;
Reggie Evans;;16:59;0;2;0;0;3;4;2;7;9;0;2;0;5;3;3;
Orlando Johnson;;2:22;0;1;0;1;0;0;0;0;0;0;0;0;0;0;0;
BKN
Joe Johnson;F;27:25;7;12;2;6;2;2;0;2;2;5;2;0;1;1;18;
Paul Pierce;F;1:13;1;1;0;0;0;0;0;0;0;0;0;0;0;0;2;
Mason Plumlee;C;12:08;2;4;0;0;1;2;1;1;2;0;2;0;1;5;5;
Shaun Livingston;G;25:30;3;6;0;0;4;4;0;3;3;4;1;0;0;1;10;
Deron Williams;G;32:18;4;8;1;2;1;2;0;4;4;7;1;0;0;4;10;
Andrei Kirilenko;;18:22;2;3;0;0;1;2;0;1;1;3;1;1;2;4;5;
Andray Blatche;;26:08;2;7;0;0;0;0;0;3;3;2;0;0;2;2;4;
Marcus Thornton;;27:32;11;15;5;8;0;2;0;3;3;1;2;0;1;1;27;
Mirza Teletovic;;18:01;4;7;1;3;0;0;0;4;4;3;2;0;2;2;9;
Jason Collins;;20:08;1;2;0;0;0;0;0;0;0;0;1;0;0;2;2;
Alan Anderson;;24:04;4;10;3;6;0;0;0;4;4;0;1;0;0;1;11;
Jorge Gutierrez;;4:48;0;1;0;0;1;2;0;0;0;0;1;0;0;0;1;
Marquis Teague;;2:23;0;1;0;0;0;0;0;1;1;0;0;0;1;1;0;
