11-12;MIL-MIA;95-118;
23-32;22-24;17-28;33-34;
MIL
Caron Butler;F;24:52;4;15;2;8;0;0;1;3;4;1;1;0;2;2;10;
Khris Middleton;F;23:04;3;9;1;3;0;0;2;5;7;1;1;1;2;3;7;
Zaza Pachulia;C;17:57;1;4;0;0;1;1;1;4;5;0;0;0;3;1;3;
O.J. Mayo;G;25:18;2;6;2;3;0;0;0;2;2;3;2;0;2;2;6;
Nate Wolters;G;24:24;4;8;0;2;1;2;1;2;3;3;3;0;0;0;9;
John Henson;;25:05;7;10;0;0;4;4;0;3;3;0;1;0;0;0;18;
Brandon Knight;;23:36;0;2;0;2;6;6;0;0;0;6;1;0;4;3;6;
Giannis Antetokounmpo;;21:35;4;8;3;5;0;0;2;2;4;0;0;0;3;1;11;
Gary Neal;;26:03;6;11;3;7;3;4;0;3;3;4;0;0;1;1;18;
Ekpe Udoh;;17:00;2;6;0;0;3;4;1;1;2;0;1;0;1;1;7;
Miroslav Raduljica;;11:06;0;0;0;0;0;0;0;1;1;1;0;0;0;1;0;
MIA
LeBron James;F;29:58;13;21;4;7;3;6;0;3;3;2;0;0;3;0;33;
Shane Battier;F;26:51;2;6;1;4;1;1;0;4;4;0;2;0;0;1;6;
Chris Bosh;C;23:34;3;9;1;2;3;4;1;4;5;3;1;2;1;3;10;
Dwyane Wade;G;30:32;4;7;0;0;0;0;0;7;7;5;2;2;6;3;8;
Mario Chalmers;G;25:00;4;6;1;2;6;8;0;4;4;7;2;0;0;3;15;
Rashard Lewis;;23:35;3;3;1;1;0;0;1;2;3;1;2;0;0;1;7;
Chris Andersen;;19:00;4;6;0;0;0;0;3;4;7;2;0;2;2;1;8;
Michael Beasley;;19:39;8;12;2;3;1;4;0;1;1;3;0;0;0;2;19;
Norris Cole;;23:00;3;5;1;2;0;1;0;4;4;4;0;0;1;2;7;
Roger Mason Jr.;;9:49;0;1;0;0;0;0;0;1;1;2;0;0;0;1;0;
Joel Anthony;;5:26;1;1;0;0;0;0;0;1;1;0;0;1;0;0;2;
James Jones;;3:36;1;2;1;2;0;0;0;0;0;0;0;0;0;0;3;
