12-16;PHI-BKN;94-130;
22-32;26-26;25-42;21-30;
PHI
Evan Turner;F;25:02;3;11;2;4;1;2;1;4;5;5;0;0;2;1;9;
Thaddeus Young;F;32:21;6;13;0;1;2;4;1;3;4;2;1;0;3;1;14;
Spencer Hawes;C;26:21;1;5;0;2;0;0;1;6;7;2;1;0;1;2;2;
Hollis Thompson;G;30:20;2;10;1;6;2;2;1;2;3;1;1;0;2;2;7;
Tony Wroten;G;24:22;5;13;1;5;2;4;0;2;2;3;3;0;6;5;13;
James Anderson;;25:50;7;14;3;7;0;0;0;3;3;3;1;0;0;2;17;
Lavoy Allen;;21:01;3;4;0;0;1;2;2;6;8;1;2;0;3;2;7;
Lorenzo Brown;;19:29;3;6;0;3;0;0;0;0;0;1;2;0;0;1;6;
Brandon Davies;;16:17;3;7;0;0;3;4;2;4;6;1;3;0;2;4;9;
Elliot Williams;;18:56;4;7;1;2;1;2;0;1;1;2;0;0;0;4;10;
BKN
Alan Anderson;F;28:59;5;7;2;4;1;1;0;1;1;3;2;0;1;1;13;
Mirza Teletovic;F;26:03;4;8;2;6;1;4;1;4;5;0;1;0;1;2;11;
Kevin Garnett;C;16:24;4;8;0;0;1;2;0;4;4;4;2;1;1;2;9;
Joe Johnson;G;30:10;13;20;10;14;1;1;0;7;7;5;1;1;0;2;37;
Deron Williams;G;29:50;5;8;3;5;0;1;0;4;4;13;1;0;3;1;13;
Andray Blatche;;25:27;8;12;0;0;4;5;1;4;5;1;2;0;3;2;20;
Paul Pierce;;30:36;3;7;3;5;5;7;1;4;5;1;0;0;3;4;14;
Mason Plumlee;;21:51;2;4;0;0;1;2;1;7;8;1;0;0;1;4;5;
Shaun Livingston;;18:10;2;2;1;1;0;0;0;2;2;4;1;0;4;0;5;
Tornike Shengelia;;6:15;1;1;0;0;1;3;0;1;1;1;0;0;2;2;3;
Tyshawn Taylor;;6:15;0;1;0;0;0;0;0;0;0;2;0;0;1;0;0;
