03-17;ATL-CHA;97-83;
22-28;24-24;30-16;21-15;
ATL
DeMarre Carroll;F;38:08;4;9;1;5;0;0;1;5;6;1;2;1;1;2;9;
Paul Millsap;F;34:13;12;20;2;4;2;2;2;3;5;1;0;2;3;2;28;
Pero Antic;C;27:23;4;10;3;7;0;0;2;8;10;2;1;0;2;4;11;
Kyle Korver;G;36:03;3;8;2;6;2;2;0;9;9;4;0;2;0;1;10;
Jeff Teague;G;28:42;4;14;3;5;0;0;2;4;6;9;0;0;3;2;11;
Elton Brand;;16:15;2;3;0;0;0;0;1;6;7;1;0;3;1;2;4;
Shelvin Mack;;24:07;2;6;1;3;0;0;0;1;1;8;0;1;1;1;5;
Mike Scott;;13:47;5;10;0;2;0;1;1;2;3;1;0;0;2;2;10;
Dennis Schroder;;13:01;2;3;1;2;1;1;1;2;3;0;0;0;0;3;6;
Cartier Martin;;4:37;0;0;0;0;0;0;0;0;0;0;0;0;0;0;0;
Mike Muscala;;3:44;1;2;0;0;1;1;0;1;1;0;0;0;0;1;3;
CHA
Michael Kidd-Gilchrist;F;21:10;1;4;0;0;0;2;4;2;6;1;0;0;0;2;2;
Josh McRoberts;F;26:40;2;10;1;7;0;0;0;5;5;4;0;2;1;5;5;
Al Jefferson;C;38:35;6;15;0;1;4;4;3;9;12;3;1;0;0;0;16;
Gerald Henderson;G;29:25;5;12;2;4;4;4;0;3;3;1;0;1;1;0;16;
Kemba Walker;G;32:40;7;18;4;6;2;2;1;3;4;7;1;1;1;1;20;
Cody Zeller;;11:50;1;6;0;0;1;1;1;1;2;0;0;2;0;1;3;
Gary Neal;;28:01;3;8;1;2;2;2;0;2;2;1;1;0;1;1;9;
Chris Douglas-Roberts;;17:24;1;3;0;2;1;1;0;1;1;1;0;0;0;1;3;
Luke Ridnour;;15:20;1;3;1;1;0;0;0;3;3;4;1;0;0;1;3;
Bismack Biyombo;;7:45;2;2;0;0;0;0;1;3;4;0;0;1;2;3;4;
Anthony Tolliver;;11:10;1;4;0;2;0;0;0;0;0;0;0;0;0;0;2;
