12-18;DET-BOS;107-106;
23-42;29-21;28-18;27-25;
DET
Josh Smith;F;33:22;8;18;1;4;3;3;0;4;4;3;4;1;0;1;20;
Greg Monroe;F;33:41;5;12;0;0;2;5;3;5;8;2;1;1;3;4;12;
Andre Drummond;C;38:14;7;11;0;0;0;0;8;8;16;1;0;2;3;2;14;
Kentavious Caldwell-Pope;G;27:23;4;7;1;2;0;0;0;1;1;0;2;0;0;4;9;
Brandon Jennings;G;40:23;9;21;5;8;5;6;1;3;4;14;1;0;4;1;28;
Chauncey Billups;;19:13;2;5;2;5;0;0;0;1;1;1;2;0;2;2;6;
Kyle Singler;;25:28;3;8;1;5;4;5;0;0;0;0;1;0;2;2;11;
Josh Harrellson;;12:29;1;2;0;1;0;0;1;1;2;1;2;0;0;1;2;
Will Bynum;;5:16;1;1;0;0;0;0;0;0;0;0;1;0;2;1;2;
Jonas Jerebko;;4:31;1;3;0;2;1;1;0;0;0;0;0;0;0;0;3;
BOS
Jeff Green;F;29:57;6;13;1;2;0;0;1;6;7;1;2;0;3;3;13;
Brandon Bass;F;28:09;4;6;0;0;3;4;1;6;7;1;1;0;2;3;11;
Jared Sullinger;C;32:44;7;14;2;4;3;4;3;5;8;4;1;0;2;4;19;
Avery Bradley;G;31:57;5;11;2;3;2;2;0;5;5;2;1;0;2;3;14;
Jordan Crawford;G;35:20;4;15;1;7;8;8;0;4;4;6;1;0;2;1;17;
Kris Humphries;;17:51;4;6;0;0;2;2;1;2;3;0;0;1;4;3;10;
Gerald Wallace;;21:07;2;3;0;0;0;0;2;1;3;4;1;0;0;0;4;
Kelly Olynyk;;6:37;1;3;0;1;0;0;0;1;1;1;1;0;0;3;2;
Courtney Lee;;15:29;4;6;0;0;2;2;0;2;2;0;0;0;2;0;10;
Phil Pressey;;10:15;1;1;0;0;0;0;0;0;0;3;0;0;0;0;2;
Vitor Faverani;;10:34;2;3;0;1;0;0;0;1;1;0;0;0;1;0;4;
