11-13;BKN-SAC;86-107;
19-23;21-29;19-28;27-27;
BKN
Paul Pierce;F;29:07;4;12;0;0;4;5;0;9;9;1;0;0;1;3;12;
Kevin Garnett;F;14:44;2;9;0;0;2;2;0;8;8;1;0;1;1;1;6;
Brook Lopez;C;26:39;6;12;0;0;4;4;4;5;9;0;0;5;1;3;16;
Joe Johnson;G;36:20;3;10;0;2;4;6;1;1;2;1;0;0;0;1;10;
Deron Williams;G;34:59;5;13;2;5;1;2;0;2;2;7;1;1;4;2;13;
Andray Blatche;;14:40;2;5;0;0;0;0;0;5;5;1;1;0;2;2;4;
Mason Plumlee;;17:49;1;1;0;0;1;3;1;4;5;0;0;0;0;2;3;
Alan Anderson;;16:24;1;4;1;4;0;0;0;3;3;0;0;0;2;3;3;
Shaun Livingston;;15:24;5;6;0;0;3;3;2;0;2;1;0;0;2;1;13;
Jason Terry;;16:52;1;4;0;1;0;0;0;1;1;1;0;0;1;3;2;
Reggie Evans;;12:26;1;2;0;0;2;2;2;4;6;0;0;0;1;1;4;
Tyshawn Taylor;;2:18;0;3;0;0;0;0;0;0;0;1;0;0;0;0;0;
Mirza Teletovic;;2:18;0;1;0;1;0;0;0;0;0;0;0;0;0;1;0;
SAC
John Salmons;F;31:03;3;5;0;0;1;1;0;1;1;2;2;0;0;2;7;
Jason Thompson;F;26:02;4;12;0;0;1;4;1;10;11;0;0;0;0;3;9;
DeMarcus Cousins;C;21:42;5;14;0;0;5;6;2;7;9;1;1;3;1;6;15;
Ben McLemore;G;14:52;1;8;0;2;0;0;0;0;0;2;0;0;1;0;2;
Greivis Vasquez;G;32:33;7;13;2;6;1;1;1;3;4;12;1;0;2;4;17;
Isaiah Thomas;;25:41;5;11;2;3;7;7;3;3;6;6;1;0;1;1;19;
Travis Outlaw;;16:28;2;4;0;1;2;2;0;2;2;0;1;0;0;2;6;
Marcus Thornton;;33:38;10;19;4;9;0;1;2;2;4;2;1;0;0;1;24;
Patrick Patterson;;25:33;4;8;0;3;0;1;2;8;10;0;0;0;1;1;8;
Charles Hayes;;7:40;0;0;0;0;0;0;1;2;3;1;0;0;0;2;0;
Luc Mbah a Moute;;4:20;0;0;0;0;0;0;0;0;0;0;1;0;0;1;0;
Hamady Ndiaye;;0:30;0;0;0;0;0;0;0;0;0;0;0;0;0;0;0;
