02-08;SAS-CHA;104-100;
21-25;20-17;28-28;35-30;
SAS
Danny Green;F;21:17;1;6;1;4;0;0;0;2;2;3;1;0;2;2;3;
Tim Duncan;F;31:40;6;13;0;0;4;6;2;10;12;0;0;2;5;4;16;
Boris Diaw;C;33:28;5;9;2;3;1;1;1;3;4;4;0;1;2;2;13;
Cory Joseph;G;32:34;3;7;0;2;2;2;1;3;4;2;1;1;1;2;8;
Tony Parker;G;26:03;3;13;0;2;3;4;1;2;3;5;1;0;1;1;9;
Nando De Colo;;27:39;5;11;1;5;4;4;0;2;2;2;0;0;0;2;15;
Jeff Ayres;;22:17;3;4;0;0;2;2;1;3;4;4;1;2;0;1;8;
Matt Bonner;;19:29;0;1;0;0;0;0;0;5;5;0;1;0;0;1;0;
Patty Mills;;25:24;10;13;4;5;8;9;1;6;7;4;2;0;2;1;32;
Shannon Brown;;0:10;0;0;0;0;0;0;0;0;0;0;0;0;0;0;0;
CHA
Michael Kidd-Gilchrist;F;28:20;2;7;0;0;0;0;6;6;12;1;1;0;1;0;4;
Josh McRoberts;F;29:53;3;5;1;3;0;0;0;4;4;1;1;1;1;3;7;
Al Jefferson;C;38:11;12;21;0;0;2;2;3;6;9;3;4;3;3;3;26;
Gerald Henderson;G;35:07;8;19;2;5;5;8;1;4;5;4;1;0;4;2;23;
Kemba Walker;G;39:50;7;19;0;3;4;4;0;4;4;8;1;0;1;6;18;
Cody Zeller;;18:07;1;3;0;0;4;6;0;2;2;2;1;1;0;0;6;
Ramon Sessions;;20:54;4;9;1;1;1;2;0;2;2;5;1;0;1;0;10;
Anthony Tolliver;;19:40;2;5;2;4;0;0;1;6;7;0;0;1;0;1;6;
Bismack Biyombo;;9:49;0;1;0;0;0;0;2;0;2;0;0;0;0;3;0;
Jannero Pargo;;0:10;0;0;0;0;0;0;0;0;0;0;0;0;0;0;0;
