01-18;GSW-NOP;97-87;
24-29;28-25;26-18;19-15;
GSW
Andre Iguodala;F;35:50;3;7;0;1;2;2;0;3;3;3;1;2;2;1;8;
David Lee;F;34:46;9;19;0;0;4;4;2;6;8;1;0;2;0;3;22;
Andrew Bogut;C;33:44;5;5;0;0;0;0;5;10;15;2;0;5;2;5;10;
Klay Thompson;G;36:38;3;14;2;7;0;0;0;2;2;1;2;0;1;1;8;
Stephen Curry;G;37:49;10;22;2;9;6;6;1;5;6;8;4;0;0;2;28;
Harrison Barnes;;17:31;0;4;0;1;0;0;0;2;2;1;0;0;1;3;0;
Jordan Crawford;;13:29;4;6;2;3;0;0;2;0;2;1;0;0;2;0;10;
Draymond Green;;15:44;1;1;0;0;2;4;0;3;3;0;0;1;0;3;4;
Marreese Speights;;11:01;2;5;0;0;3;3;0;2;2;0;0;1;0;2;7;
Kent Bazemore;;3:12;0;1;0;1;0;0;0;0;0;0;0;0;0;0;0;
MarShon Brooks;;0:16;0;0;0;0;0;0;0;0;0;0;0;0;0;0;0;
NOP
Al-Farouq Aminu;F;33:07;5;12;0;0;2;4;4;5;9;1;0;1;0;1;12;
Anthony Davis;F;43:01;11;17;0;0;9;12;4;13;17;1;0;1;4;5;31;
Greg Stiemsma;C;12:21;1;4;0;0;0;0;0;2;2;0;0;1;0;1;2;
Eric Gordon;G;32:38;3;17;0;6;2;2;2;3;5;6;2;0;3;3;8;
Brian Roberts;G;34:52;3;7;1;2;2;3;0;3;3;5;0;0;1;2;9;
Alexis Ajinca;;11:36;0;1;0;0;2;2;2;2;4;0;0;1;0;2;2;
Tyreke Evans;;30:45;6;14;0;0;2;2;1;3;4;2;1;0;4;1;14;
Austin Rivers;;12:30;0;4;0;0;0;0;0;0;0;2;0;0;1;1;0;
Darius Miller;;15:03;2;4;1;3;1;1;1;0;1;1;1;0;0;0;6;
Jeff Withey;;14:07;1;3;0;0;1;2;1;1;2;0;0;1;0;1;3;
