03-16;CHA-MIL;101-92;
23-28;23-22;30-24;25-18;
CHA
Michael Kidd-Gilchrist;F;27:23;4;6;0;0;1;2;3;1;4;1;0;2;1;0;9;
Josh McRoberts;F;32:18;3;7;3;5;0;0;1;5;6;6;0;1;2;3;9;
Al Jefferson;C;36:52;10;17;0;0;0;0;0;7;7;2;2;2;6;1;20;
Gerald Henderson;G;30:55;6;7;2;3;0;0;0;5;5;6;1;1;2;0;14;
Kemba Walker;G;31:18;7;13;2;5;5;6;0;2;2;8;1;0;2;0;21;
Cody Zeller;;15:42;1;1;0;0;2;4;0;6;6;0;0;0;1;2;4;
Gary Neal;;24:46;5;6;2;3;6;6;0;2;2;0;1;0;1;4;18;
Chris Douglas-Roberts;;12:56;0;3;0;2;0;0;1;2;3;1;0;1;1;5;0;
Luke Ridnour;;16:42;1;5;0;2;0;0;1;1;2;2;0;0;0;1;2;
Bismack Biyombo;;11:08;2;3;0;0;0;0;0;2;2;0;0;1;1;0;4;
MIL
Khris Middleton;F;31:51;3;12;2;7;0;0;1;1;2;0;0;0;1;1;8;
John Henson;F;35:33;6;15;0;0;0;0;6;1;7;3;0;0;0;1;12;
Zaza Pachulia;C;38:21;3;9;0;0;2;4;3;6;9;3;3;0;2;1;8;
Nate Wolters;G;28:19;5;7;1;1;0;0;0;3;3;3;1;0;1;4;11;
Brandon Knight;G;35:41;9;21;3;7;0;0;3;5;8;7;3;0;2;2;21;
Giannis Antetokounmpo;;21:56;0;4;0;1;2;2;0;3;3;1;2;2;2;2;2;
Jeff Adrien;;14:27;4;6;0;0;4;5;2;2;4;1;1;0;0;3;12;
Ramon Sessions;;29:30;7;14;1;2;3;5;0;0;0;6;0;0;1;1;18;
Ekpe Udoh;;4:22;0;1;0;0;0;0;0;1;1;0;0;0;0;2;0;
