04-08;DET-ATL;102-95;
35-27;23-25;23-26;21-17;
DET
Kyle Singler;F;33:54;1;6;0;3;0;0;1;3;4;0;2;0;1;0;2;
Greg Monroe;F;39:00;10;24;0;0;1;1;6;7;13;2;2;0;2;3;21;
Andre Drummond;C;31:01;7;9;0;0;5;11;5;12;17;0;2;2;2;5;19;
Rodney Stuckey;G;39:04;8;17;1;3;12;14;1;3;4;4;1;0;8;2;29;
Brandon Jennings;G;33:33;3;10;1;4;0;0;1;1;2;6;0;0;1;2;7;
Kentavious Caldwell-Pope;;23:02;3;10;0;1;0;0;2;1;3;0;3;1;0;3;6;
Jonas Jerebko;;25:31;2;4;1;2;3;4;0;8;8;0;2;1;1;2;8;
Peyton Siva;;14:55;3;6;3;4;1;2;0;2;2;2;1;0;0;3;10;
ATL
DeMarre Carroll;F;35:09;2;10;0;5;4;4;4;5;9;3;1;1;1;4;8;
Paul Millsap;F;36:31;10;19;0;2;4;8;6;6;12;4;2;1;2;5;24;
Pero Antic;C;27:42;4;13;2;6;3;4;6;3;9;0;1;1;3;3;13;
Kyle Korver;G;37:43;4;16;4;12;0;0;0;5;5;5;2;0;3;3;12;
Jeff Teague;G;33:50;5;9;1;4;4;4;0;1;1;9;0;0;2;0;15;
Cartier Martin;;12:53;1;4;1;2;0;0;0;0;0;0;1;0;1;1;3;
Elton Brand;;20:11;2;3;0;0;0;0;1;6;7;0;1;2;1;3;4;
Shelvin Mack;;17:40;3;7;1;2;3;4;0;2;2;3;0;0;2;2;10;
Mike Scott;;11:28;2;5;0;1;0;0;0;3;3;1;1;0;1;2;4;
Dennis Schroder;;6:54;1;3;0;1;0;0;0;0;0;1;0;0;0;0;2;
