03-31;PHI-ATL;95-103;
31-18;22-25;20-32;22-28;
PHI
Hollis Thompson;F;24:53;2;3;1;1;0;1;0;3;3;2;0;0;1;3;5;
Thaddeus Young;F;35:30;7;10;5;6;4;4;0;3;3;4;4;3;3;5;23;
Henry Sims;C;26:57;3;8;0;0;2;3;2;3;5;2;1;0;1;3;8;
James Anderson;G;34:34;8;16;3;9;0;0;0;3;3;4;0;0;3;2;19;
Michael Carter-Williams;G;33:48;7;14;0;2;2;2;1;8;9;9;3;0;3;3;16;
Tony Wroten;;17:58;3;8;0;3;0;0;0;1;1;3;0;0;5;4;6;
Jarvis Varnado;;20:39;2;3;0;0;1;7;1;8;9;0;0;3;2;1;5;
Elliot Williams;;19:08;3;8;1;3;3;3;2;2;4;1;1;0;0;2;10;
Casper Ware;;14:12;0;5;0;4;0;0;0;0;0;0;1;0;1;2;0;
Brandon Davies;;12:22;1;2;1;2;0;0;0;3;3;0;1;0;1;2;3;
ATL
DeMarre Carroll;F;28:47;4;9;1;5;0;0;2;3;5;4;2;0;1;2;9;
Paul Millsap;F;35:56;9;15;1;2;9;13;5;12;17;4;3;0;3;1;28;
Pero Antic;C;21:10;1;8;0;5;0;0;2;2;4;2;0;0;1;4;2;
Kyle Korver;G;26:51;3;10;1;6;4;5;0;2;2;2;0;0;3;2;11;
Jeff Teague;G;33:26;4;11;1;3;3;3;1;2;3;5;1;0;4;0;12;
Lou Williams;;24:55;7;12;2;7;6;6;1;4;5;5;1;0;1;1;22;
Elton Brand;;21:53;2;5;0;0;0;0;1;3;4;1;0;0;0;4;4;
Mike Scott;;14:15;2;6;0;2;2;3;0;4;4;0;1;0;1;1;6;
Dennis Schroder;;14:34;2;5;0;0;0;0;0;1;1;2;2;0;1;0;4;
Mike Muscala;;4:25;1;2;0;0;0;0;0;2;2;0;0;0;1;1;2;
Shelvin Mack;;13:48;1;1;1;1;0;0;1;1;2;0;0;0;0;1;3;
