02-06;CHI-GSW;87-102;
29-16;17-34;22-26;19-26;
CHI
Mike Dunleavy;F;35:41;1;6;0;3;5;5;2;5;7;1;1;0;3;2;7;
Taj Gibson;F;45:39;9;23;0;0;8;8;4;9;13;4;2;2;2;3;26;
Joakim Noah;C;39:07;3;9;0;0;1;2;4;6;10;11;0;1;4;2;7;
Jimmy Butler;G;46:30;4;9;1;3;5;5;3;6;9;2;1;0;2;0;14;
Kirk Hinrich;G;25:01;7;11;1;1;0;0;0;1;1;1;3;0;2;5;15;
D.J. Augustin;;23:33;5;12;0;2;0;0;0;1;1;1;1;0;2;2;10;
Tony Snell;;18:13;3;6;2;5;0;0;0;2;2;0;0;0;0;1;8;
Nazr Mohammed;;6:16;0;1;0;0;0;0;1;1;2;0;0;0;0;1;0;
GSW
Andre Iguodala;F;40:31;3;10;0;1;1;3;2;6;8;6;2;0;2;4;7;
Draymond Green;F;27:26;4;9;0;2;1;3;3;4;7;1;0;2;1;3;9;
Jermaine O'Neal;C;25:54;1;4;0;0;2;2;3;2;5;2;1;3;2;3;4;
Klay Thompson;G;40:02;8;16;3;6;3;3;0;1;1;1;0;1;1;3;22;
Stephen Curry;G;42:45;13;19;4;6;4;4;0;3;3;9;1;0;2;3;34;
Marreese Speights;;12:21;2;4;0;0;0;0;2;2;4;1;0;0;0;1;4;
Harrison Barnes;;28:47;4;10;3;4;0;0;1;5;6;1;2;0;2;1;11;
Jordan Crawford;;20:34;5;10;1;2;0;0;1;4;5;3;1;0;2;0;11;
Ognjen Kuzmic;;0:48;0;0;0;0;0;0;0;0;0;0;0;0;0;0;0;
Kent Bazemore;;0:34;0;1;0;1;0;0;0;0;0;0;0;0;0;0;0;
MarShon Brooks;;0:20;0;0;0;0;0;0;0;0;0;0;0;0;0;0;0;
