01-10;DAL-NOP;107-90;
31-24;31-25;22-16;23-25;
DAL
Jae Crowder;F;39:51;5;8;2;4;0;0;2;1;3;2;0;1;1;2;12;
Dirk Nowitzki;F;28:12;10;19;4;8;0;0;0;4;4;5;3;2;0;2;24;
Samuel Dalembert;C;18:23;4;6;0;0;1;2;2;6;8;1;0;3;1;1;9;
Monta Ellis;G;32:35;8;16;1;4;6;8;0;2;2;8;2;1;3;1;23;
Jose Calderon;G;32:01;4;6;3;5;0;0;0;5;5;6;2;0;2;0;11;
DeJuan Blair;;25:02;1;5;0;0;0;0;1;4;5;2;0;0;1;5;2;
Vince Carter;;20:24;4;6;3;5;3;4;0;1;1;0;0;0;2;2;14;
Brandan Wright;;14:48;2;6;0;0;1;2;5;1;6;0;0;0;0;3;5;
Ricky Ledo;;9:08;1;3;0;1;0;0;0;0;0;1;1;0;0;0;2;
Shane Larkin;;14:10;2;3;1;1;0;0;1;3;4;6;0;0;2;1;5;
Bernard James;;3:45;0;0;0;0;0;0;0;1;1;0;1;0;0;0;0;
Gal Mekel;;1:41;0;0;0;0;0;0;0;0;0;1;0;0;0;0;0;
NOP
Al-Farouq Aminu;F;24:59;1;8;0;0;2;2;2;3;5;2;1;2;3;1;4;
Anthony Davis;F;39:59;9;19;0;0;3;7;7;6;13;1;2;5;2;1;21;
Alexis Ajinca;C;5:01;0;0;0;0;0;0;1;1;2;0;0;0;2;0;0;
Eric Gordon;G;35:02;9;13;2;3;7;7;0;2;2;3;1;0;2;3;27;
Brian Roberts;G;24:41;4;11;1;2;0;0;2;5;7;1;0;0;2;3;9;
Jason Smith;;25:28;3;7;0;0;1;1;1;3;4;1;0;0;3;3;7;
Austin Rivers;;25:00;6;11;0;1;0;0;1;0;1;4;1;0;1;2;12;
Tyreke Evans;;9:23;0;2;0;0;0;0;0;0;0;0;0;0;2;0;0;
Darius Miller;;18:53;2;4;0;1;0;0;0;0;0;0;0;0;0;2;4;
Greg Stiemsma;;11:49;0;1;0;0;0;0;0;0;0;1;1;0;1;1;0;
Anthony Morrow;;10:32;1;2;0;0;2;2;1;0;1;2;0;0;0;0;4;
Jeff Withey;;9:13;1;2;0;0;0;0;0;3;3;0;0;1;0;1;2;
