11-13;NOP-UTA;105-111;
29-22;26-23;22-28;28-38;
NOP
Al-Farouq Aminu;F;21:28;0;5;0;0;0;0;0;2;2;1;2;1;0;1;0;
Anthony Davis;F;35:38;12;21;0;0;5;5;8;7;15;1;1;1;1;3;29;
Jason Smith;C;32:58;5;9;0;0;0;0;2;3;5;0;1;0;1;4;10;
Eric Gordon;G;33:21;5;13;3;6;3;4;0;1;1;4;5;0;2;4;16;
Jrue Holiday;G;33:48;8;12;2;2;1;1;0;3;3;6;2;0;5;3;19;
Lou Amundson;;17:56;2;3;0;0;1;2;0;0;0;0;1;0;2;5;5;
Austin Rivers;;13:32;0;3;0;2;0;0;0;1;1;3;1;0;1;4;0;
Tyreke Evans;;28:25;8;13;0;1;3;3;0;3;3;4;0;1;1;5;19;
Jeff Withey;;9:05;1;2;0;0;1;2;1;2;3;0;0;0;0;0;3;
Anthony Morrow;;13:49;1;4;0;1;2;3;0;1;1;0;0;0;0;1;4;
UTA
Richard Jefferson;F;31:56;7;11;3;4;5;6;0;3;3;4;0;0;1;3;22;
Derrick Favors;F;31:44;5;7;0;0;2;8;5;7;12;2;5;2;3;4;12;
Enes Kanter;C;37:59;8;10;0;0;5;6;1;9;10;1;0;3;3;3;21;
Gordon Hayward;G;41:58;6;12;3;5;12;14;2;3;5;10;2;1;5;1;27;
John Lucas III;G;15:27;0;7;0;6;1;1;0;1;1;0;0;0;2;1;1;
Marvin Williams;;26:10;5;9;2;4;0;0;5;4;9;0;0;1;2;4;12;
Alec Burks;;26:47;3;10;0;1;1;2;1;2;3;1;0;0;1;3;7;
Michael Harris;;6:09;0;1;0;0;2;2;0;0;0;0;1;0;0;0;2;
Diante Garrett;;21:50;3;5;1;2;0;0;0;1;1;5;1;0;4;0;7;
