01-20;IND-GSW;102-94;
35-21;18-19;24-29;25-25;
IND
Paul George;F;35:33;9;20;3;7;2;2;1;3;4;2;1;0;4;1;23;
David West;F;30:31;6;15;0;0;5;7;2;3;5;3;1;2;2;5;17;
Roy Hibbert;C;35:49;7;11;0;0;0;0;4;9;13;1;0;2;1;4;14;
Lance Stephenson;G;42:58;6;17;1;4;1;2;4;6;10;7;0;0;1;1;14;
George Hill;G;32:43;5;8;3;4;2;2;1;3;4;2;2;0;2;2;15;
CJ Watson;;15:17;2;4;1;2;0;0;0;1;1;2;2;0;1;1;5;
Luis Scola;;17:17;3;9;0;0;0;0;2;4;6;1;1;0;1;1;6;
Danny Granger;;17:49;1;5;0;2;0;0;0;5;5;1;0;1;1;2;2;
Ian Mahinmi;;12:04;2;2;0;0;2;2;3;1;4;0;0;0;1;2;6;
GSW
Andre Iguodala;F;29:30;2;5;1;3;2;2;0;2;2;3;4;0;3;3;7;
David Lee;F;35:50;8;19;0;0;4;8;5;7;12;2;1;0;0;5;20;
Andrew Bogut;C;30:53;5;8;0;0;0;0;3;10;13;2;1;2;3;5;10;
Klay Thompson;G;39:26;6;13;5;10;0;0;0;0;0;1;0;0;2;2;17;
Stephen Curry;G;41:28;9;20;3;11;3;4;0;3;3;9;0;0;2;2;24;
Harrison Barnes;;20:56;2;5;1;2;2;2;1;4;5;1;1;0;0;1;7;
Marreese Speights;;11:38;1;4;0;0;0;0;1;2;3;0;0;0;2;1;2;
Jordan Crawford;;12:53;1;5;0;2;0;0;0;1;1;3;0;0;3;1;2;
Draymond Green;;17:26;1;7;0;2;3;4;3;3;6;0;0;0;0;2;5;
