03-01;MIN-SAC;108-97;
30-31;23-25;31-14;24-27;
MIN
Corey Brewer;F;34:19;5;10;1;3;2;2;0;2;2;1;2;0;2;4;13;
Kevin Love;F;37:49;4;12;2;5;12;14;1;9;10;7;2;1;3;3;22;
Nikola Pekovic;C;27:49;8;12;0;0;4;6;7;2;9;0;0;1;1;5;20;
Kevin Martin;G;34:19;9;16;1;5;7;8;0;4;4;2;2;0;1;0;26;
Ricky Rubio;G;32:28;2;4;1;2;3;4;1;1;2;8;1;0;2;4;8;
Dante Cunningham;;26:34;3;9;0;0;1;2;1;3;4;0;0;1;0;4;7;
Chase Budinger;;13:41;3;6;0;3;0;0;1;1;2;0;0;0;0;2;6;
Jose Juan Barea;;15:32;3;9;0;3;0;0;0;5;5;5;0;0;0;0;6;
Shabazz Muhammad;;13:41;0;2;0;0;0;2;0;2;2;0;0;1;1;1;0;
Luc Mbah a Moute;;3:49;0;1;0;0;0;0;0;0;0;0;0;0;0;0;0;
SAC
Rudy Gay;F;32:42;8;14;4;7;4;4;3;3;6;1;2;1;3;1;24;
Jason Thompson;F;28:48;1;2;0;0;0;0;1;1;2;1;2;0;3;4;2;
DeMarcus Cousins;C;32:39;9;16;0;0;3;5;2;15;17;3;0;3;2;5;21;
Ben McLemore;G;20:47;3;7;1;3;0;0;0;1;1;1;0;0;5;3;7;
Isaiah Thomas;G;34:23;10;18;0;5;2;2;0;2;2;8;0;0;2;5;22;
Derrick Williams;;21:05;1;3;0;0;4;7;0;1;1;0;0;0;0;3;6;
Orlando Johnson;;12:24;1;8;0;2;0;0;1;0;1;1;0;0;1;0;2;
Quincy Acy;;15:14;0;1;0;1;0;0;1;4;5;1;0;3;1;1;0;
Reggie Evans;;13:32;1;2;0;0;2;2;3;6;9;1;0;0;1;2;4;
Ray McCallum;;28:26;3;11;2;4;1;1;0;3;3;5;0;0;1;4;9;
