01-20;PHI-WAS;99-107;
23-29;28-32;22-25;26-21;
PHI
Evan Turner;F;28:11;3;10;0;0;5;6;0;2;2;1;0;0;2;0;11;
Thaddeus Young;F;29:56;7;14;0;2;4;5;0;3;3;1;1;0;2;2;18;
Spencer Hawes;C;30:46;5;15;1;7;0;0;3;13;16;2;2;1;2;3;11;
James Anderson;G;18:21;3;6;0;0;2;2;2;3;5;0;0;0;2;5;8;
Michael Carter-Williams;G;34:02;13;22;1;2;4;8;1;5;6;5;3;0;2;1;31;
Hollis Thompson;;37:21;5;9;2;4;1;2;0;3;3;0;0;0;1;5;13;
Lavoy Allen;;14:11;0;1;0;0;0;0;0;2;2;1;0;1;0;2;0;
Elliot Williams;;29:39;0;8;0;3;4;6;1;0;1;1;1;0;2;5;4;
Dewayne Dedmon;;13:05;0;1;0;0;0;0;0;5;5;1;0;1;0;1;0;
Lorenzo Brown;;4:30;1;2;0;0;1;2;1;0;1;3;1;0;0;1;3;
WAS
Trevor Ariza;F;34:50;4;12;1;7;4;4;1;6;7;5;1;0;0;3;13;
Nene;F;23:09;1;5;0;0;5;8;1;4;5;2;2;2;1;3;7;
Marcin Gortat;C;23:22;7;11;0;0;5;8;4;7;11;0;0;4;2;4;19;
Bradley Beal;G;29:34;8;15;3;4;3;3;2;7;9;8;0;1;2;3;22;
John Wall;G;31:20;6;14;0;1;2;2;0;5;5;5;1;2;3;2;14;
Martell Webster;;30:31;2;7;1;6;3;3;0;3;3;2;0;1;1;3;8;
Jan Vesely;;19:12;3;5;0;0;0;0;0;4;4;0;0;1;0;0;6;
Kevin Seraphin;;23:24;6;10;0;0;4;4;0;7;7;1;0;1;2;5;16;
Garrett Temple;;17:54;0;2;0;0;0;0;1;0;1;2;0;0;2;5;0;
Otto Porter;;3:31;0;2;0;0;2;3;0;0;0;0;1;0;2;0;2;
Chris Singleton;;3:13;0;1;0;0;0;0;1;0;1;0;0;0;1;0;0;
