01-17;UTA-DET;110-89;
27-25;31-20;31-20;21-24;
UTA
Richard Jefferson;F;27:21;5;9;3;6;0;0;0;3;3;1;1;0;1;2;13;
Marvin Williams;F;22:23;7;11;2;6;1;1;1;6;7;1;0;1;1;2;17;
Derrick Favors;C;21:11;4;10;0;0;0;0;4;7;11;0;0;2;0;3;8;
Alec Burks;G;28:04;1;2;0;1;4;4;0;2;2;5;2;0;3;3;6;
Trey Burke;G;37:03;8;17;1;5;3;4;0;3;3;12;2;1;7;0;20;
Brandon Rush;;22:56;3;3;2;2;0;0;0;2;2;0;0;0;1;4;8;
Diante Garrett;;17:38;2;4;0;1;0;0;0;0;0;4;1;0;1;2;4;
Enes Kanter;;25:03;6;13;0;0;6;8;2;5;7;2;0;0;1;3;18;
Jeremy Evans;;22:48;4;5;0;0;1;2;1;4;5;2;0;1;0;2;9;
Ian Clark;;5:45;3;4;1;1;0;0;2;0;2;0;1;0;2;0;7;
John Lucas III;;5:13;0;1;0;0;0;0;0;0;0;0;0;0;0;1;0;
Rudy Gobert;;4:35;0;0;0;0;0;0;0;1;1;0;0;0;1;0;0;
DET
Josh Smith;F;23:43;1;6;0;3;2;4;0;2;2;2;0;0;2;1;4;
Greg Monroe;F;15:57;1;7;0;0;2;2;0;1;1;1;0;0;1;2;4;
Andre Drummond;C;32:09;3;5;0;0;4;8;3;10;13;0;0;3;3;3;10;
Kentavious Caldwell-Pope;G;26:32;2;4;1;3;0;0;0;1;1;1;0;0;0;1;5;
Brandon Jennings;G;32:08;4;13;1;4;2;2;0;1;1;6;2;0;2;1;11;
Kyle Singler;;31:31;4;8;1;2;4;5;1;2;3;0;0;0;1;2;13;
Rodney Stuckey;;21:17;9;14;0;0;3;4;1;5;6;0;1;0;0;2;21;
Will Bynum;;20:06;2;6;0;0;0;0;0;0;0;4;0;0;3;4;4;
Charlie Villanueva;;9:57;2;5;1;3;0;0;1;1;2;1;0;0;1;0;5;
Josh Harrellson;;11:60;0;0;0;0;1;2;1;1;2;0;0;0;1;3;1;
Jonas Jerebko;;9:27;3;5;0;1;1;2;1;0;1;0;2;0;1;0;7;
Gigi Datome;;5:13;1;1;0;0;2;2;0;0;0;0;0;0;0;0;4;
