11-11;MEM-IND;79-95;
16-23;23-23;16-26;24-23;
MEM
Tayshaun Prince;F;25:51;2;5;0;0;2;2;0;0;0;1;0;0;0;0;6;
Zach Randolph;F;27:03;6;12;0;0;0;0;2;4;6;1;0;0;2;1;12;
Marc Gasol;C;29:33;5;13;0;0;5;6;0;6;6;3;2;1;2;2;15;
Tony Allen;G;23:46;3;4;1;1;1;1;1;2;3;3;1;0;2;5;8;
Mike Conley;G;29:26;4;11;1;3;2;3;0;0;0;2;1;1;1;4;11;
Mike Miller;;21:40;3;6;2;3;0;0;0;3;3;2;0;0;1;0;8;
Kosta Koufos;;22:07;3;6;0;0;2;2;0;0;0;0;0;0;1;1;8;
Quincy Pondexter;;7:11;0;4;0;1;0;0;1;0;1;0;1;0;0;1;0;
Nick Calathes;;25:11;2;5;0;0;0;3;0;2;2;6;1;0;1;3;4;
Ed Davis;;17:17;2;8;0;0;1;2;2;5;7;0;0;2;0;2;5;
Jamaal Franklin;;10:55;1;1;0;0;0;0;1;3;4;1;0;0;0;1;2;
IND
Paul George;F;31:47;9;16;0;3;5;6;2;5;7;1;0;0;2;2;23;
David West;F;25:53;5;8;0;0;0;0;1;4;5;3;1;2;2;2;10;
Roy Hibbert;C;24:12;1;4;0;0;1;2;1;6;7;1;0;5;2;2;3;
Lance Stephenson;G;34:09;5;11;3;5;0;0;0;11;11;12;0;0;1;3;13;
George Hill;G;24:47;6;9;0;0;1;1;0;2;2;2;1;1;1;0;13;
Solomon Hill;;13:37;0;3;0;3;0;0;2;2;4;1;0;0;3;1;0;
Luis Scola;;18:56;5;10;0;1;2;3;2;2;4;0;1;0;0;4;12;
CJ Watson;;20:02;0;3;0;2;0;0;1;0;1;5;0;0;0;1;0;
Ian Mahinmi;;23:48;2;3;0;0;6;6;0;2;2;0;1;1;1;4;10;
Orlando Johnson;;16:27;2;5;1;2;0;0;0;2;2;0;1;0;1;3;5;
Chris Copeland;;3:11;1;2;1;2;0;0;0;0;0;0;0;0;0;0;3;
Donald Sloan;;3:11;1;2;1;1;0;0;0;0;0;0;0;0;0;0;3;
