03-19;MIA-BOS;96-101;
34-22;25-31;19-27;18-21;
MIA
Michael Beasley;F;28:09;5;11;0;0;2;3;1;3;4;4;1;0;4;1;12;
Udonis Haslem;F;27:04;7;8;0;0;0;0;1;4;5;3;0;2;1;4;14;
Chris Bosh;C;36:21;3;11;0;4;0;0;0;11;11;1;2;2;0;1;6;
Dwyane Wade;G;32:02;7;17;0;1;3;3;2;1;3;5;1;1;3;1;17;
Mario Chalmers;G;24:32;3;6;1;3;0;0;0;2;2;11;0;0;3;5;7;
Ray Allen;;31:56;5;11;1;4;3;4;0;1;1;1;2;0;0;0;14;
Chris Andersen;;20:07;6;7;0;0;4;5;6;2;8;0;0;0;0;0;16;
Shane Battier;;13:49;0;3;0;3;0;0;0;0;0;0;2;0;0;1;0;
Norris Cole;;26:01;4;7;2;2;0;0;1;2;3;4;1;0;1;2;10;
BOS
Jeff Green;F;31:23;5;13;3;7;0;0;1;3;4;3;0;0;2;1;13;
Brandon Bass;F;29:46;8;12;0;0;2;2;3;1;4;0;1;0;0;0;18;
Kris Humphries;C;14:33;2;4;0;0;3;4;1;1;2;1;0;0;0;2;7;
Avery Bradley;G;40:30;8;13;6;9;1;1;1;3;4;1;0;0;3;1;23;
Rajon Rondo;G;38:47;4;8;0;2;1;2;0;10;10;15;0;0;4;5;9;
Jared Sullinger;;31:04;5;14;2;5;2;2;3;1;4;3;0;1;0;3;14;
Jerryd Bayless;;25:58;3;6;1;3;0;0;0;2;2;5;0;1;2;3;7;
Chris Johnson;;7:22;0;1;0;1;0;0;0;1;1;0;0;0;1;1;0;
Kelly Olynyk;;20:21;4;6;1;1;1;1;0;5;5;1;0;0;1;2;10;
Joel Anthony;;0:16;0;0;0;0;0;0;0;0;0;0;0;0;0;0;0;
