03-08;WAS-MIL;114-107;
36-27;39-26;10-21;29-33;
WAS
Trevor Ariza;F;37:56;9;12;5;7;5;9;2;5;7;2;0;0;2;4;28;
Trevor Booker;F;27:12;1;2;0;0;2;4;1;5;6;1;0;1;0;2;4;
Marcin Gortat;C;31:02;5;6;0;0;1;4;2;4;6;1;0;2;1;2;11;
Bradley Beal;G;36:09;8;18;5;8;2;2;1;1;2;0;0;1;2;2;23;
John Wall;G;35:53;4;14;1;4;0;0;1;2;3;13;2;1;7;3;9;
Martell Webster;;24:31;5;7;2;3;3;4;1;0;1;0;0;0;1;2;15;
Al Harrington;;18:02;2;7;1;4;0;0;0;4;4;1;1;0;2;3;5;
Drew Gooden;;16:47;6;9;1;2;0;0;3;2;5;1;1;2;1;1;13;
Andre Miller;;11:56;3;5;0;0;0;0;0;1;1;6;2;0;0;2;6;
Garrett Temple;;0:11;0;0;0;0;0;0;0;0;0;0;0;0;0;0;0;
Otto Porter;;0:11;0;0;0;0;0;0;0;0;0;0;0;0;0;0;0;
Chris Singleton;;0:11;0;0;0;0;0;0;0;0;0;0;0;0;0;0;0;
MIL
Khris Middleton;F;32:53;7;12;1;2;0;0;3;2;5;2;1;0;2;5;15;
Ersan Ilyasova;F;27:32;4;10;0;2;5;6;1;7;8;0;1;1;1;4;13;
Zaza Pachulia;C;29:25;2;7;0;0;2;2;2;2;4;3;2;0;1;1;6;
Nate Wolters;G;29:00;4;10;1;2;1;2;2;3;5;4;0;0;0;1;10;
Brandon Knight;G;33:55;9;20;2;5;5;5;0;2;2;2;3;0;2;4;25;
Jeff Adrien;;22:25;2;4;0;0;4;5;5;3;8;0;0;1;1;1;8;
Giannis Antetokounmpo;;21:51;1;4;0;1;2;2;1;1;2;1;0;0;2;1;4;
John Henson;;16:38;6;8;0;0;0;0;3;3;6;0;0;2;4;3;12;
Ramon Sessions;;21:50;4;11;0;3;6;6;0;2;2;1;1;0;1;0;14;
Tony Mitchell;;4:32;0;1;0;1;0;0;0;0;0;1;1;0;0;0;0;
