11-27;LAL-BKN;99-94;
34-18;20-22;23-28;22-26;
LAL
Wesley Johnson;F;24:58;2;6;0;3;0;0;3;2;5;2;2;0;0;5;4;
Jordan Hill;F;20:34;1;9;0;0;0;0;4;8;12;1;0;0;1;4;2;
Pau Gasol;C;34:34;9;17;0;0;3;4;1;7;8;0;0;1;4;0;21;
Jodie Meeks;G;31:19;3;10;1;4;4;4;1;1;2;3;0;0;1;2;11;
Steve Blake;G;29:10;3;8;2;5;1;2;0;4;4;10;0;0;1;1;9;
Shawne Williams;;24:31;1;7;1;5;1;2;1;9;10;1;0;2;0;5;4;
Nick Young;;32:45;8;16;4;6;6;6;1;0;1;1;1;1;1;5;26;
Jordan Farmar;;21:50;5;9;5;7;0;0;0;4;4;3;2;2;2;1;15;
Xavier Henry;;12:38;1;1;0;0;3;4;0;1;1;0;0;0;0;1;5;
Robert Sacre;;7:42;1;2;0;0;0;0;0;1;1;0;0;1;0;0;2;
BKN
Paul Pierce;F;33:10;4;17;2;7;2;3;0;6;6;5;0;0;4;3;12;
Kevin Garnett;F;23:25;2;5;0;0;0;0;4;5;9;0;0;2;1;4;4;
Andray Blatche;C;26:59;4;10;0;1;6;7;2;6;8;3;2;2;1;3;14;
Joe Johnson;G;36:32;6;19;2;7;4;4;1;3;4;3;0;1;1;4;18;
Shaun Livingston;G;24:51;2;5;0;1;1;2;0;2;2;3;1;0;0;1;5;
Alan Anderson;;34:57;5;13;3;7;1;2;1;3;4;3;1;0;0;2;14;
Mason Plumlee;;20:55;2;3;0;0;2;2;1;3;4;0;1;4;0;3;6;
Mirza Teletovic;;20:58;4;8;4;7;5;6;1;4;5;2;1;1;1;1;17;
Reggie Evans;;3:40;0;0;0;0;0;0;1;0;1;0;0;0;0;0;0;
Tyshawn Taylor;;14:33;2;3;0;0;0;0;0;1;1;2;0;0;4;2;4;
