12-03;ORL-PHI;125-126;
34-29;23-29;23-27;24-19;14-14;7-8;
ORL
Arron Afflalo;F;47:25;13;21;4;8;10;11;1;4;5;4;2;0;3;4;40;
Jason Maxiell;F;24:04;5;7;0;0;2;2;2;1;3;0;0;0;0;1;12;
Glen Davis;C;45:38;14;21;1;1;2;4;2;1;3;3;2;0;3;3;31;
E'Twaun Moore;G;21:43;1;4;0;2;0;0;1;1;2;2;1;0;0;1;2;
Victor Oladipo;G;46:42;8;18;0;5;10;12;0;9;9;10;3;0;3;3;26;
Andrew Nicholson;;33:27;3;6;0;0;0;0;0;2;2;0;2;1;3;2;6;
Ronnie Price;;34:47;0;5;0;4;1;2;1;5;6;7;1;1;4;3;1;
Maurice Harkless;;8:23;0;0;0;0;0;0;0;0;0;0;0;1;1;3;0;
Solomon Jones;;2:51;0;1;0;0;0;0;0;0;0;0;0;0;0;1;0;
PHI
Evan Turner;F;41:18;7;16;0;1;10;13;2;4;6;5;2;0;7;5;24;
Thaddeus Young;F;43:07;9;18;3;6;2;2;2;9;11;0;2;1;1;1;23;
Spencer Hawes;C;35:38;7;13;3;7;0;0;1;2;3;1;1;1;2;1;17;
Hollis Thompson;G;27:36;4;5;2;2;0;0;1;2;3;1;0;1;0;3;10;
Michael Carter-Williams;G;41:32;10;17;1;5;3;5;6;5;11;8;3;0;6;4;24;
James Anderson;;24:32;5;9;2;4;4;5;2;0;2;0;0;0;1;2;16;
Lavoy Allen;;14:17;0;4;0;0;0;0;1;2;3;0;0;0;0;4;0;
Tony Wroten;;13:18;1;2;0;0;0;0;0;2;2;1;0;0;3;1;2;
Elliot Williams;;10:44;0;2;0;2;2;2;1;2;3;0;0;1;0;1;2;
Brandon Davies;;9:53;0;3;0;1;0;0;1;1;2;2;2;0;0;2;0;
Daniel Orton;;3:05;0;0;0;0;0;0;1;1;2;0;0;0;0;1;0;
