12-28;BKN-IND;91-105;
27-29;29-29;20-28;15-19;
BKN
Paul Pierce;F;36:04;8;14;1;1;1;3;0;5;5;2;3;1;2;3;18;
Mirza Teletovic;F;30:37;7;13;3;8;0;0;2;2;4;1;1;0;1;4;17;
Kevin Garnett;C;20:53;1;5;0;0;0;0;0;7;7;0;0;1;1;3;2;
Joe Johnson;G;36:02;4;12;1;6;0;0;0;3;3;1;1;0;4;2;9;
Deron Williams;G;33:02;6;11;1;3;1;2;0;1;1;6;2;2;3;1;14;
Mason Plumlee;;22:33;3;5;0;0;0;0;1;2;3;0;1;0;0;2;6;
Alan Anderson;;14:54;3;7;2;2;2;2;0;1;1;0;0;0;0;1;10;
Shaun Livingston;;14:58;2;5;0;0;4;4;0;0;0;2;1;0;0;1;8;
Jason Terry;;18:09;1;4;0;1;1;1;0;1;1;1;0;0;1;3;3;
Reggie Evans;;12:48;1;1;0;0;2;4;2;1;3;0;0;0;1;2;4;
IND
Paul George;F;33:03;9;13;3;6;3;4;0;3;3;2;3;0;1;4;24;
David West;F;30:15;5;13;0;0;0;0;1;6;7;6;1;0;5;2;10;
Roy Hibbert;C;31:29;4;7;0;0;3;4;2;3;5;3;1;1;5;4;11;
Lance Stephenson;G;37:35;7;11;1;3;8;8;0;9;9;7;0;0;3;0;23;
George Hill;G;32:53;6;10;3;5;6;7;1;3;4;4;1;0;0;1;21;
Luis Scola;;17:38;2;2;0;0;0;0;0;7;7;3;0;0;1;2;4;
Danny Granger;;22:57;3;9;1;2;1;2;0;3;3;1;1;0;1;2;8;
CJ Watson;;15:14;2;5;0;2;0;0;0;1;1;1;0;0;1;2;4;
Rasual Butler;;1:32;0;1;0;1;0;0;0;0;0;0;0;0;0;0;0;
Ian Mahinmi;;16:31;0;0;0;0;0;0;1;1;2;1;1;1;0;1;0;
Orlando Johnson;;0:53;0;0;0;0;0;0;0;0;0;0;0;0;0;0;0;
