12-29;HOU-OKC;86-117;
14-26;30-30;26-34;16-27;
HOU
Chandler Parsons;F;33:30;5;12;2;6;3;3;1;1;2;1;0;0;0;1;15;
Terrence Jones;F;21:54;1;5;0;0;0;0;2;7;9;0;0;1;0;1;2;
Dwight Howard;C;25:16;4;13;0;0;1;7;2;7;9;1;1;1;1;3;9;
James Harden;G;30:03;2;9;0;3;4;5;2;1;3;3;0;1;2;1;8;
Jeremy Lin;G;24:20;2;9;0;2;2;4;1;2;3;1;0;0;3;0;6;
Francisco Garcia;;21:20;3;5;1;2;1;4;0;1;1;0;1;0;1;4;8;
Aaron Brooks;;23:26;6;14;3;7;2;2;0;1;1;2;1;1;0;1;17;
Omri Casspi;;30:28;6;12;1;5;2;4;3;3;6;0;1;0;2;2;15;
Donatas Motiejunas;;15:58;1;3;0;1;0;0;0;2;2;0;0;0;0;1;2;
Isaiah Canaan;;7:29;1;3;0;2;2;2;0;0;0;0;0;0;0;0;4;
Ronnie Brewer;;6:16;0;0;0;0;0;0;0;2;2;0;0;0;0;0;0;
OKC
Kevin Durant;F;38:13;11;17;3;5;8;9;0;13;13;5;1;1;2;3;33;
Serge Ibaka;F;26:56;4;11;0;1;0;0;0;5;5;2;0;2;2;2;8;
Kendrick Perkins;C;22:45;1;2;0;0;0;0;1;8;9;0;1;1;1;4;2;
Thabo Sefolosha;G;29:28;5;10;1;6;2;2;0;2;2;2;0;0;0;1;13;
Reggie Jackson;G;25:59;7;12;2;4;0;0;1;2;3;8;0;0;0;2;16;
Perry Jones;;21:02;4;5;0;0;0;2;1;2;3;0;0;0;0;5;8;
Jeremy Lamb;;26:11;8;10;3;4;3;3;0;5;5;5;2;1;3;2;22;
Derek Fisher;;16:23;1;3;1;2;0;0;0;0;0;1;2;0;0;1;3;
Nick Collison;;13:14;2;5;0;0;0;0;1;4;5;3;0;0;1;1;4;
Andre Roberson;;7:17;0;1;0;0;0;0;0;2;2;1;0;0;0;3;0;
Steven Adams;;6:16;3;4;0;0;0;0;0;1;1;1;0;0;1;0;6;
Ryan Gomes;;6:16;1;2;0;0;0;0;0;1;1;0;0;0;0;0;2;
