01-14;OKC-MEM;87-90;
16-24;31-19;20-29;20-18;
OKC
Kevin Durant;F;41:09;15;28;0;4;7;9;0;4;4;4;1;0;4;2;37;
Serge Ibaka;F;34:27;5;13;1;2;0;0;1;8;9;0;1;4;1;4;11;
Kendrick Perkins;C;16:57;1;2;0;0;0;0;2;2;4;1;0;1;3;4;2;
Thabo Sefolosha;G;19:21;0;4;0;2;0;0;0;1;1;1;1;0;2;2;0;
Reggie Jackson;G;39:12;6;14;3;5;2;2;3;3;6;3;0;0;7;5;17;
Derek Fisher;;20:42;1;5;1;4;0;0;0;0;0;1;1;0;0;1;3;
Steven Adams;;21:11;2;5;0;0;1;1;4;5;9;0;1;0;0;4;5;
Jeremy Lamb;;28:39;3;9;0;4;3;4;1;6;7;1;0;0;1;3;9;
Nick Collison;;18:22;0;1;0;0;3;4;1;4;5;1;0;0;1;2;3;
MEM
Tayshaun Prince;F;34:26;1;4;0;1;0;0;1;4;5;3;2;0;0;1;2;
Zach Randolph;F;39:48;7;21;0;0;9;12;5;8;13;4;0;1;4;3;23;
Marc Gasol;C;24:12;3;7;0;0;6;8;0;4;4;1;0;0;1;2;12;
Courtney Lee;G;36:19;9;15;2;3;4;4;2;3;5;0;2;0;1;2;24;
Mike Conley;G;36:58;7;18;2;7;3;3;0;3;3;7;2;0;1;2;19;
Ed Davis;;22:06;3;6;0;0;0;0;2;4;6;0;0;0;2;5;6;
Nick Calathes;;9:17;0;1;0;0;0;0;0;2;2;0;0;0;1;2;0;
James Johnson;;20:06;2;5;0;2;0;0;1;2;3;3;2;2;0;2;4;
Mike Miller;;10:39;0;1;0;1;0;0;0;1;1;1;0;0;1;1;0;
Kosta Koufos;;3:06;0;1;0;0;0;0;0;0;0;0;0;0;2;1;0;
Jon Leuer;;3:03;0;1;0;0;0;0;0;1;1;0;0;0;0;0;0;
