10-30;POR-PHX;91-104;
16-30;30-20;23-31;22-23;
POR
Nicolas Batum;F;36:44;3;9;1;5;0;0;2;11;13;4;1;1;4;2;7;
LaMarcus Aldridge;F;39:26;12;22;0;0;4;5;1;3;4;2;0;0;2;2;28;
Robin Lopez;C;33:34;1;4;0;0;1;4;1;1;2;2;2;2;1;3;3;
Wesley Matthews;G;33:09;3;9;1;4;2;2;2;5;7;4;0;0;1;1;9;
Damian Lillard;G;42:12;10;20;6;12;6;8;2;2;4;2;1;1;0;2;32;
Joel Freeland;;12:12;1;3;0;0;1;2;3;1;4;1;0;0;1;2;3;
Mo Williams;;21:53;1;9;0;4;0;0;0;2;2;3;1;1;3;2;2;
Dorell Wright;;12:16;0;2;0;1;3;3;0;1;1;1;0;0;1;0;3;
Thomas Robinson;;8:34;2;3;0;0;0;0;0;2;2;0;0;0;0;0;4;
PHX
PJ Tucker;F;38:36;7;13;2;2;2;2;4;1;5;2;2;0;1;1;18;
Channing Frye;F;22:22;3;7;1;5;0;0;0;3;3;0;1;0;1;4;7;
Miles Plumlee;C;39:56;8;14;0;0;2;2;5;10;15;0;0;3;2;1;18;
Goran Dragic;G;41:06;12;21;1;4;1;1;0;6;6;9;1;0;3;4;26;
Eric Bledsoe;G;38:52;7;12;0;3;8;11;0;7;7;6;1;0;4;2;22;
Marcus Morris;;25:38;3;9;0;4;0;0;0;7;7;1;3;1;3;2;6;
Gerald Green;;16:58;2;3;0;1;1;2;0;1;1;0;0;0;0;0;5;
Alex Len;;8:04;1;1;0;0;0;0;1;1;2;0;0;1;1;3;2;
Archie Goodwin;;8:28;0;3;0;0;0;0;1;0;1;0;0;0;0;0;0;
