01-11;CHA-CHI;97-103;
17-24;25-28;28-18;27-33;
CHA
Chris Douglas-Roberts;F;29:08;0;1;0;0;0;0;0;0;0;1;0;0;1;0;0;
Josh McRoberts;F;38:55;4;11;1;5;0;0;2;4;6;4;1;3;0;5;9;
Al Jefferson;C;38:55;10;22;0;0;0;0;1;10;11;1;0;1;1;2;20;
Gerald Henderson;G;36:58;10;16;1;1;9;9;0;3;3;3;2;1;4;4;30;
Kemba Walker;G;43:47;10;20;2;5;7;8;1;5;6;5;1;0;2;4;29;
Cody Zeller;;9:05;2;3;0;0;1;1;0;2;2;0;1;1;0;0;5;
Anthony Tolliver;;13:45;0;0;0;0;0;0;0;1;1;0;0;0;0;2;0;
Bismack Biyombo;;9:05;0;1;0;0;0;0;1;1;2;0;0;1;0;3;0;
Ramon Sessions;;19:33;1;5;0;0;2;2;1;2;3;4;0;0;1;3;4;
Jannero Pargo;;0:50;0;0;0;0;0;0;0;0;0;0;0;0;0;0;0;
CHI
Mike Dunleavy;F;35:22;8;17;1;3;0;0;1;5;6;2;1;0;1;3;17;
Carlos Boozer;F;28:11;6;17;0;0;0;0;2;8;10;1;3;0;2;2;12;
Joakim Noah;C;33:33;7;12;0;0;5;5;4;10;14;4;0;3;2;3;19;
Tony Snell;G;17:01;0;2;0;1;0;0;0;0;0;0;0;0;0;1;0;
Kirk Hinrich;G;30:38;3;8;2;5;4;6;1;1;2;5;0;0;2;5;12;
D.J. Augustin;;35:08;6;13;1;3;7;7;0;2;2;12;1;1;3;2;20;
Taj Gibson;;29:29;4;7;0;0;4;6;3;5;8;2;1;3;0;3;12;
Cartier Martin;;26:03;4;5;2;2;1;2;0;2;2;0;0;0;0;0;11;
Nazr Mohammed;;4:35;0;0;0;0;0;0;1;1;2;0;0;1;0;0;0;
