11-29;DAL-ATL;87-88;
28-23;25-16;22-25;12-24;
DAL
Shawn Marion;F;35:04;6;14;3;8;0;0;2;10;12;2;2;0;1;2;15;
Dirk Nowitzki;F;31:18;6;13;1;1;3;3;1;2;3;1;0;0;1;4;16;
Samuel Dalembert;C;21:34;1;2;0;0;6;6;1;3;4;0;1;2;0;3;8;
Monta Ellis;G;37:06;6;15;0;0;0;0;0;3;3;4;2;1;7;2;12;
Jose Calderon;G;25:32;5;11;4;7;2;2;0;0;0;3;0;0;1;2;16;
Vince Carter;;31:06;3;10;1;4;2;2;1;2;3;4;2;0;1;2;9;
DeJuan Blair;;26:22;1;3;0;1;7;8;5;13;18;1;0;0;3;4;9;
Jae Crowder;;17:33;1;4;0;2;0;0;0;1;1;1;1;1;0;0;2;
Shane Larkin;;8:51;0;4;0;1;0;0;0;0;0;1;1;0;4;1;0;
Wayne Ellington;;1:36;0;0;0;0;0;0;0;0;0;0;0;0;0;0;0;
Gal Mekel;;3:58;0;1;0;0;0;0;0;0;0;0;0;0;0;1;0;
ATL
DeMarre Carroll;F;34:28;2;7;0;2;5;5;3;7;10;2;2;1;2;2;9;
Paul Millsap;F;38:34;6;14;1;2;2;2;1;5;6;4;3;0;2;3;15;
Al Horford;C;37:28;7;13;0;0;3;4;4;8;12;2;1;1;6;4;17;
Lou Williams;G;24:48;4;8;1;4;3;4;0;2;2;2;0;1;1;0;12;
Jeff Teague;G;34:57;8;14;0;1;9;11;0;1;1;6;2;0;1;1;25;
Cartier Martin;;21:47;1;5;1;4;0;0;0;4;4;1;0;0;2;2;3;
Gustavo Ayon;;3:38;0;1;0;0;0;0;0;0;0;0;0;1;0;0;0;
John Jenkins;;6:54;0;2;0;1;0;0;0;2;2;2;0;0;0;0;0;
Shelvin Mack;;21:06;1;4;0;0;1;2;0;1;1;0;1;0;0;2;3;
Mike Scott;;5:28;1;2;0;1;0;2;0;0;0;0;1;0;0;1;2;
Elton Brand;;10:52;1;3;0;0;0;0;1;4;5;0;0;0;2;1;2;
