01-10;CHA-MIN;92-119;
28-29;20-39;22-27;22-24;
CHA
Chris Douglas-Roberts;F;26:37;6;9;2;4;2;2;0;2;2;0;0;0;1;2;16;
Josh McRoberts;F;26:44;3;7;0;2;0;0;1;0;1;4;4;1;2;2;6;
Al Jefferson;C;27:53;3;9;0;0;2;2;1;6;7;2;0;1;2;3;8;
Gerald Henderson;G;24:00;5;13;0;1;2;5;0;3;3;2;0;0;0;1;12;
Kemba Walker;G;30:31;7;17;1;4;0;0;0;1;1;7;3;0;1;2;15;
Ramon Sessions;;21:08;2;7;0;0;0;0;0;1;1;3;0;0;1;0;4;
Anthony Tolliver;;26:34;8;9;5;5;0;0;0;3;3;0;0;0;0;0;21;
Bismack Biyombo;;20:07;0;1;0;0;4;4;0;7;7;0;0;4;1;2;4;
Cody Zeller;;15:39;1;3;0;0;0;0;2;4;6;2;1;1;0;3;2;
Ben Gordon;;9:33;1;7;0;3;0;0;0;1;1;1;0;0;2;1;2;
Jeff Adrien;;5:37;1;2;0;0;0;1;0;1;1;0;0;0;0;0;2;
Jannero Pargo;;5:37;0;0;0;0;0;0;0;0;0;2;2;0;0;1;0;
MIN
Corey Brewer;F;27:39;2;3;0;0;0;0;0;1;1;1;0;1;2;3;4;
Kevin Love;F;31:53;6;10;2;4;5;7;2;12;14;4;0;1;1;1;19;
Nikola Pekovic;C;27:17;10;14;0;0;6;6;3;3;6;3;2;0;1;2;26;
Kevin Martin;G;24:26;9;12;1;1;0;0;0;4;4;4;1;0;1;1;19;
Ricky Rubio;G;25:32;3;10;2;3;0;0;2;1;3;6;0;0;3;2;8;
Ronny Turiaf;;15:06;1;5;0;0;0;0;2;5;7;0;0;2;0;0;2;
Alexey Shved;;20:09;4;8;1;3;2;4;1;1;2;0;1;0;1;1;11;
Jose Juan Barea;;19:06;2;6;2;3;1;1;0;3;3;5;0;0;1;1;7;
Chase Budinger;;15:54;4;9;0;3;0;0;0;2;2;1;0;0;0;3;8;
Dante Cunningham;;16:07;3;5;0;0;0;0;2;4;6;6;2;1;1;0;6;
Gorgui Dieng;;5:37;1;1;0;0;0;0;0;3;3;0;0;0;1;2;2;
Luc Mbah a Moute;;5:37;2;2;0;0;0;0;0;1;1;0;0;0;1;0;4;
A.J. Price;;5:37;1;3;1;2;0;1;0;2;2;1;0;0;1;0;3;
