04-02;CLE-ORL;119-98;
35-27;35-20;24-21;25-30;
CLE
Luol Deng;F;21:02;4;7;0;1;0;0;0;2;2;2;0;0;0;0;8;
Tristan Thompson;F;32:28;6;10;0;0;8;8;5;6;11;0;2;1;0;4;20;
Spencer Hawes;C;33:30;7;16;4;7;2;2;0;8;8;5;0;0;1;1;20;
Dion Waiters;G;33:31;10;15;3;3;3;4;0;0;0;3;1;0;3;3;26;
Kyrie Irving;G;28:27;7;8;0;1;3;4;0;6;6;8;1;0;4;1;17;
Jarrett Jack;;30:14;5;9;1;3;2;2;0;4;4;4;1;0;3;2;13;
Matthew Dellavedova;;22:05;1;5;1;3;0;0;0;2;2;5;0;0;0;0;3;
Tyler Zeller;;18:39;2;3;0;0;0;0;1;2;3;0;0;2;1;1;4;
Alonzo Gee;;15:39;1;3;0;0;1;2;0;1;1;0;1;1;0;2;3;
Sergey Karasev;;2:36;2;2;0;0;0;0;0;0;0;1;0;0;0;1;4;
Scotty Hopson;;1:49;0;0;0;0;1;2;0;0;0;0;1;0;0;0;1;
ORL
Maurice Harkless;F;21:11;4;7;2;4;0;0;0;2;2;0;1;0;3;2;10;
Kyle O'Quinn;F;18:03;3;5;0;0;2;2;1;4;5;2;0;3;2;4;8;
Nikola Vucevic;C;27:17;3;11;0;0;1;2;4;3;7;2;3;0;3;1;7;
Arron Afflalo;G;28:45;3;10;1;5;0;0;0;4;4;5;0;1;0;0;7;
Jameer Nelson;G;22:55;3;8;1;4;2;3;0;2;2;4;0;0;1;1;9;
Andrew Nicholson;;12:30;2;6;0;1;0;0;0;1;1;1;0;0;0;3;4;
Victor Oladipo;;27:24;4;10;2;4;6;6;0;0;0;4;2;0;2;4;16;
E'Twaun Moore;;19:15;4;7;2;4;0;0;0;0;0;0;0;0;0;3;10;
Tobias Harris;;20:59;5;8;0;1;1;2;2;5;7;1;0;0;1;1;11;
Doron Lamb;;24:30;3;5;3;5;5;5;0;1;1;1;0;0;4;1;14;
Dewayne Dedmon;;17:11;1;2;0;0;0;0;2;3;5;1;0;0;1;1;2;
