02-03;LAC-DEN;115-116;
29-25;31-35;21-22;34-34;
LAC
Matt Barnes;F;31:49;4;10;2;6;0;0;0;4;4;5;0;0;2;4;10;
Blake Griffin;F;37:34;13;21;0;0;10;16;6;5;11;5;1;0;0;4;36;
DeAndre Jordan;C;41:03;7;10;0;0;5;6;2;10;12;1;1;3;3;4;19;
JJ Redick;G;29:59;4;11;1;4;0;0;0;2;2;4;1;0;0;2;9;
Darren Collison;G;25:50;4;12;1;2;0;0;0;1;1;6;4;0;1;3;9;
Jamal Crawford;;28:59;5;8;1;2;8;9;0;1;1;5;1;0;3;3;19;
Jared Dudley;;16:11;2;5;1;4;0;0;0;2;2;3;1;0;1;1;5;
Ryan Hollins;;4:57;1;1;0;0;0;0;1;0;1;0;0;1;0;2;2;
Hedo Turkoglu;;11:33;1;3;0;1;2;3;0;3;3;1;2;0;1;1;4;
Willie Green;;12:05;1;3;0;2;0;0;0;0;0;1;1;1;0;3;2;
DEN
Wilson Chandler;F;33:29;3;8;1;5;7;8;1;1;2;1;0;0;0;4;14;
Kenneth Faried;F;31:07;11;13;0;0;6;9;3;8;11;3;1;2;1;3;28;
JJ Hickson;C;34:51;7;12;0;0;3;6;4;8;12;5;1;1;3;5;17;
Randy Foye;G;40:12;4;11;2;7;4;5;0;7;7;4;1;2;4;3;14;
Ty Lawson;G;44:47;10;19;1;4;6;8;2;4;6;4;3;0;5;1;27;
Timofey Mozgov;;16:30;1;6;0;0;2;2;2;2;4;0;0;0;3;2;4;
Evan Fournier;;9:16;0;1;0;0;1;2;1;1;2;1;0;0;0;2;1;
Darrell Arthur;;13:33;1;7;0;0;0;0;2;2;4;0;1;0;0;3;2;
Quincy Miller;;16:17;3;6;1;2;2;4;2;2;4;0;1;1;1;0;9;
