02-12;CLE-DET;93-89;
22-28;18-23;19-15;34-23;
CLE
Luol Deng;F;35:52;0;9;0;3;4;6;2;5;7;1;1;0;2;1;4;
Tristan Thompson;F;34:07;12;16;0;0;1;3;6;9;15;1;0;0;0;3;25;
Tyler Zeller;C;21:42;4;6;0;0;0;0;0;3;3;1;0;1;0;6;8;
Jarrett Jack;G;27:55;3;7;1;2;2;3;0;2;2;8;2;0;1;2;9;
Kyrie Irving;G;35:30;6;16;2;3;9;9;2;3;5;4;3;0;2;2;23;
Dion Waiters;;20:02;4;8;1;3;0;4;0;3;3;0;0;0;1;1;9;
Anthony Bennett;;14:35;1;4;0;1;0;0;0;2;2;0;1;0;1;2;2;
Matthew Dellavedova;;12:34;0;2;0;0;3;3;0;0;0;2;0;0;1;2;3;
Henry Sims;;13:47;0;3;0;0;0;0;1;4;5;0;2;0;1;1;0;
Alonzo Gee;;3:19;0;2;0;0;0;0;1;0;1;0;0;0;0;0;0;
Earl Clark;;11:47;2;5;0;1;1;2;1;1;2;0;0;1;1;1;5;
CJ Miles;;8:50;2;6;1;2;0;0;0;0;0;0;0;0;0;0;5;
DET
Josh Smith;F;39:31;7;15;1;3;3;6;1;9;10;3;0;4;2;4;18;
Greg Monroe;F;35:08;7;13;0;0;2;4;2;7;9;5;1;1;3;3;16;
Andre Drummond;C;35:15;7;13;0;1;2;3;10;7;17;1;2;0;2;5;16;
Kyle Singler;G;40:36;2;9;0;4;8;8;1;6;7;1;0;0;0;4;12;
Brandon Jennings;G;35:32;3;14;3;11;0;2;1;3;4;5;0;0;2;0;9;
Kentavious Caldwell-Pope;;9:20;0;3;0;1;0;0;0;1;1;1;0;0;2;2;0;
Rodney Stuckey;;12:00;1;5;0;1;2;2;0;1;1;0;1;0;3;2;4;
Will Bynum;;20:08;5;10;0;2;2;2;0;2;2;4;1;0;2;4;12;
Jonas Jerebko;;12:31;1;1;0;0;0;0;0;2;2;1;0;0;0;0;2;
