01-17;CHI-WAS;93-96;
27-30;23-24;24-20;19-22;
CHI
Mike Dunleavy;F;31:44;3;9;1;3;0;0;0;2;2;1;1;0;4;2;7;
Carlos Boozer;F;30:10;5;9;0;0;2;2;1;5;6;1;0;0;3;2;12;
Joakim Noah;C;33:29;2;5;0;0;5;6;4;8;12;6;1;0;2;4;9;
Jimmy Butler;G;38:49;2;9;1;5;4;4;0;3;3;4;4;0;2;0;9;
Kirk Hinrich;G;28:29;8;15;2;6;0;0;0;5;5;5;0;3;2;2;18;
Tony Snell;;25:37;3;8;1;4;1;2;0;1;1;5;1;1;0;0;8;
Taj Gibson;;26:23;6;10;0;0;0;0;2;2;4;0;0;1;2;2;12;
D.J. Augustin;;19:31;5;10;4;6;2;2;0;1;1;2;1;0;0;1;16;
Nazr Mohammed;;5:48;1;1;0;0;0;0;0;0;0;0;0;0;0;2;2;
WAS
Trevor Ariza;F;32:36;2;5;0;2;0;0;0;8;8;3;2;1;2;0;4;
Nene;F;34:37;3;15;0;0;4;6;1;6;7;4;1;2;4;3;10;
Marcin Gortat;C;34:36;6;12;0;0;1;1;1;5;6;1;0;3;2;3;13;
Bradley Beal;G;22:36;6;10;2;2;0;0;0;2;2;0;2;0;1;4;14;
John Wall;G;33:47;9;15;0;1;5;6;2;2;4;11;1;0;4;3;23;
Martell Webster;;36:00;5;8;4;5;0;0;0;1;1;3;2;0;1;0;14;
Trevor Booker;;26:08;6;9;0;0;0;0;3;4;7;0;1;0;1;1;12;
Garrett Temple;;14:23;3;5;0;1;0;0;1;0;1;5;0;1;0;3;6;
Otto Porter;;4:48;0;0;0;0;0;0;0;0;0;0;0;0;1;0;0;
Kevin Seraphin;;0:28;0;0;0;0;0;0;0;0;0;0;0;1;0;0;0;
