12-21;MEM-NYK;95-87;
25-22;25-18;22-21;23-26;
MEM
James Johnson;F;29:60;2;2;1;1;0;0;2;6;8;3;2;0;2;4;5;
Zach Randolph;F;38:01;9;18;0;0;7;10;3;12;15;1;0;0;5;5;25;
Ed Davis;C;25:19;5;6;0;0;0;0;2;2;4;0;0;2;0;1;10;
Tony Allen;G;34:55;8;13;0;1;3;3;2;6;8;2;2;0;1;0;19;
Mike Conley;G;34:22;4;18;0;4;1;1;0;1;1;8;0;0;2;1;9;
Jon Leuer;;16:47;1;4;0;1;0;0;1;4;5;2;0;0;2;1;2;
Jamaal Franklin;;17:27;1;5;0;1;0;0;1;0;1;0;0;0;1;0;2;
Mike Miller;;13:35;1;3;0;1;0;0;1;3;4;0;0;0;0;1;2;
Kosta Koufos;;15:53;5;8;0;0;0;0;1;8;9;1;0;1;0;2;10;
Jerryd Bayless;;13:41;3;5;0;0;5;5;0;1;1;0;1;0;3;1;11;
NYK
Carmelo Anthony;F;41:48;11;22;2;6;6;7;1;6;7;1;2;2;0;0;30;
Andrea Bargnani;F;22:29;1;5;0;1;1;2;1;1;2;1;0;1;1;1;3;
Tyson Chandler;C;32:60;2;7;0;0;4;8;3;3;6;2;1;1;0;4;8;
Iman Shumpert;G;17:39;1;7;0;3;0;0;0;4;4;0;0;0;0;2;2;
Beno Udrih;G;30:36;2;6;0;2;0;0;0;2;2;6;2;1;2;3;4;
J.R. Smith;;37:58;6;12;2;3;2;2;0;4;4;7;4;0;2;1;16;
Tim Hardaway Jr.;;30:04;7;13;2;7;0;0;0;1;1;2;1;1;1;2;16;
Amar'e Stoudemire;;17:09;2;4;0;0;2;4;1;1;2;1;1;0;1;1;6;
Toure Murry;;9:17;1;3;0;0;0;0;0;1;1;1;1;0;0;1;2;
