01-31;GSW-UTA;95-90;
23-21;18-27;25-23;29-19;
GSW
Andre Iguodala;F;36:52;1;6;0;4;2;3;1;5;6;2;2;0;1;0;4;
Harrison Barnes;F;31:32;2;10;0;1;4;4;4;2;6;1;0;0;2;3;8;
Andrew Bogut;C;36:16;8;11;0;0;0;0;4;13;17;5;2;3;1;3;16;
Klay Thompson;G;41:42;3;20;2;6;3;4;0;5;5;2;0;1;1;3;11;
Stephen Curry;G;38:06;14;26;8;13;8;9;0;2;2;4;0;0;2;0;44;
Draymond Green;;29:09;3;6;0;2;1;2;2;1;3;1;4;1;1;5;7;
Marreese Speights;;9:59;1;4;0;0;0;0;2;1;3;0;0;0;0;4;2;
Jordan Crawford;;15:43;1;5;0;0;1;2;1;0;1;2;1;0;0;4;3;
Kent Bazemore;;0:41;0;0;0;0;0;0;0;0;0;0;0;0;0;0;0;
UTA
Richard Jefferson;F;27:45;2;8;1;4;0;0;0;5;5;0;0;0;1;3;5;
Jeremy Evans;F;16:43;5;8;0;0;0;0;1;3;4;1;0;0;0;0;10;
Enes Kanter;C;29:18;6;10;0;0;3;6;2;5;7;1;0;0;2;2;15;
Gordon Hayward;G;40:03;3;10;0;0;2;2;2;7;9;5;0;0;8;0;8;
Trey Burke;G;22:25;2;10;0;3;0;0;0;3;3;6;0;0;1;6;4;
Rudy Gobert;;18:42;1;2;0;0;5;5;1;4;5;0;0;2;1;3;7;
Alec Burks;;33:34;9;14;1;1;7;8;0;5;5;3;0;0;2;2;26;
Diante Garrett;;25:35;6;8;1;1;0;0;0;2;2;1;3;0;2;4;13;
Malcolm Thomas;;10:43;0;1;0;0;0;0;0;1;1;0;0;0;1;0;0;
Brandon Rush;;15:12;1;2;0;0;0;0;0;1;1;1;0;1;0;2;2;
