03-15;MEM-PHI;103-77;
22-21;23-15;29-21;29-20;
MEM
Tayshaun Prince;F;24:55;3;4;0;1;1;2;0;2;2;3;1;0;2;0;7;
Zach Randolph;F;26:03;5;11;0;0;4;5;0;2;2;3;2;0;1;3;14;
Marc Gasol;C;27:59;3;6;0;0;5;6;2;2;4;6;3;2;5;2;11;
Courtney Lee;G;28:31;3;6;0;2;0;1;0;4;4;0;0;0;2;3;6;
Mike Conley;G;23:00;5;9;2;5;7;8;0;4;4;4;1;0;2;1;19;
Nick Calathes;;26:01;3;6;0;2;0;1;0;2;2;6;2;0;3;3;6;
Ed Davis;;19:40;3;4;0;0;0;2;3;8;11;1;1;2;1;1;6;
Tony Allen;;17:03;4;6;1;1;0;0;0;1;1;0;2;0;2;1;9;
Mike Miller;;5:41;1;3;0;0;0;0;0;1;1;1;0;0;1;1;2;
Kosta Koufos;;13:54;4;7;0;0;0;0;2;6;8;1;0;0;2;3;8;
James Johnson;;15:04;2;4;1;3;2;2;0;1;1;2;1;0;1;3;7;
Jon Leuer;;6:04;2;3;0;1;2;3;0;1;1;0;0;0;0;3;6;
Beno Udrih;;6:04;0;1;0;0;2;2;0;0;0;0;0;0;0;0;2;
PHI
Hollis Thompson;F;24:55;0;5;0;1;0;0;3;1;4;1;0;0;1;1;0;
Thaddeus Young;F;34:31;8;19;4;5;0;0;4;3;7;3;6;0;3;4;20;
Henry Sims;C;22:36;1;4;0;0;2;4;2;4;6;2;2;0;1;4;4;
James Anderson;G;32:31;2;11;0;6;0;0;0;0;0;2;0;0;5;0;4;
Michael Carter-Williams;G;33:23;10;16;1;3;2;3;2;6;8;3;1;0;6;2;23;
Tony Wroten;;27:59;6;11;0;1;1;2;1;3;4;2;1;1;3;3;13;
Jarvis Varnado;;11:11;1;1;0;0;2;4;1;2;3;0;0;1;0;3;4;
Byron Mullens;;14:55;0;3;0;2;0;0;0;1;1;0;0;1;0;3;0;
Elliot Williams;;23:12;3;8;1;3;1;2;1;5;6;1;1;0;2;2;8;
Darius Johnson-Odom;;10:23;0;5;0;2;0;2;0;2;2;1;1;0;1;2;0;
Brandon Davies;;4:24;0;0;0;0;1;2;0;1;1;1;0;0;0;0;1;
