02-12;DAL-IND;81-73;
19-19;25-23;16-20;21-11;
DAL
Shawn Marion;F;37:23;2;9;0;1;0;0;1;4;5;2;1;0;1;2;4;
Dirk Nowitzki;F;34:28;7;14;1;3;3;4;2;4;6;1;2;1;1;3;18;
Samuel Dalembert;C;20:02;2;8;0;0;0;0;1;6;7;0;1;0;2;2;4;
Monta Ellis;G;41:16;7;18;0;3;9;10;2;7;9;6;1;2;4;2;23;
Jose Calderon;G;22:29;1;7;1;5;1;2;1;3;4;2;0;1;3;4;4;
Vince Carter;;22:15;4;11;3;6;0;0;0;3;3;4;1;0;0;1;11;
DeJuan Blair;;16:16;4;8;0;0;1;1;2;1;3;1;0;3;0;0;9;
Jae Crowder;;11:31;0;1;0;0;0;0;0;3;3;0;0;2;0;1;0;
Shane Larkin;;22:38;0;5;0;1;1;2;0;2;2;5;0;0;1;3;1;
Brandan Wright;;11:42;3;3;0;0;1;2;1;4;5;0;1;1;1;1;7;
IND
Paul George;F;38:07;4;17;1;6;3;3;1;6;7;2;1;1;1;4;12;
David West;F;34:45;5;12;0;0;2;2;0;5;5;6;1;0;3;4;12;
Roy Hibbert;C;33:23;2;6;0;0;0;0;4;3;7;1;0;2;1;2;4;
Lance Stephenson;G;37:59;6;16;0;3;1;1;1;9;10;2;1;0;3;2;13;
George Hill;G;33:32;5;11;3;8;1;2;0;2;2;5;1;0;3;2;14;
Danny Granger;;20:24;4;9;3;5;2;2;3;2;5;0;0;1;2;0;13;
Luis Scola;;13:05;0;5;0;0;0;0;0;6;6;0;0;1;1;3;0;
Ian Mahinmi;;14:16;1;4;0;0;0;0;1;2;3;0;0;1;0;3;2;
CJ Watson;;14:28;0;4;0;2;3;4;0;2;2;2;1;0;2;2;3;
