12-08;IND-OKC;94-118;
18-28;19-28;32-34;25-28;
IND
Paul George;F;36:26;9;17;4;6;10;11;1;4;5;0;3;0;1;2;32;
David West;F;26:52;5;11;0;0;1;1;0;2;2;3;0;0;4;4;11;
Roy Hibbert;C;25:06;6;12;0;0;0;0;6;3;9;2;1;0;1;2;12;
Lance Stephenson;G;26:25;4;11;0;3;0;0;1;2;3;3;0;0;0;3;8;
George Hill;G;30:42;2;8;0;3;0;0;0;3;3;2;3;1;3;1;4;
Luis Scola;;17:55;2;4;0;0;2;2;0;1;1;0;0;0;0;0;6;
Orlando Johnson;;17:39;0;3;0;1;2;2;0;1;1;0;0;0;0;2;2;
Ian Mahinmi;;19:26;1;4;0;0;1;1;1;1;2;0;0;2;2;2;3;
CJ Watson;;12:45;1;4;1;2;2;2;0;1;1;0;1;1;1;1;5;
Chris Copeland;;6:41;1;4;0;1;0;0;0;0;0;0;0;0;0;0;2;
Donald Sloan;;6:41;0;1;0;1;0;0;0;1;1;2;1;0;1;1;0;
Solomon Hill;;6:41;1;2;0;1;1;2;0;1;1;1;0;0;0;0;3;
Rasual Butler;;6:41;2;4;2;3;0;0;0;0;0;0;0;0;0;0;6;
OKC
Kevin Durant;F;34:51;14;23;2;3;6;6;2;8;10;5;1;0;3;1;36;
Serge Ibaka;F;30:05;6;8;0;0;1;2;0;3;3;1;2;1;3;4;13;
Kendrick Perkins;C;22:00;2;2;0;0;2;2;2;5;7;0;0;2;1;1;6;
Thabo Sefolosha;G;27:00;2;4;0;0;0;0;0;2;2;1;0;1;0;3;4;
Russell Westbrook;G;31:58;11;17;1;6;3;3;1;6;7;13;1;0;5;2;26;
Steven Adams;;17:52;1;1;0;0;3;3;2;2;4;2;1;2;2;4;5;
Reggie Jackson;;26:28;6;11;1;2;2;2;0;4;4;3;1;0;2;3;15;
Jeremy Lamb;;16:14;2;6;1;2;0;0;1;2;3;0;0;0;0;1;5;
Nick Collison;;15:31;0;1;0;0;2;2;1;2;3;1;0;2;0;4;2;
Derek Fisher;;14:03;0;1;0;0;0;0;0;1;1;1;0;0;2;1;0;
Perry Jones;;3:58;3;3;0;0;0;0;1;1;2;0;0;0;0;0;6;
