04-04;IND-TOR;94-102;
28-27;18-27;29-21;19-27;
IND
Paul George;F;40:16;7;17;3;4;9;10;1;5;6;3;0;0;3;3;26;
David West;F;34:21;9;16;0;2;3;3;1;6;7;4;2;0;0;1;21;
Roy Hibbert;C;31:51;5;13;0;0;2;3;1;1;2;0;1;1;1;4;12;
Lance Stephenson;G;28:13;2;5;1;1;1;2;0;3;3;1;1;0;2;4;6;
George Hill;G;35:06;2;5;1;3;3;4;0;4;4;5;1;0;1;1;8;
Ian Mahinmi;;16:08;1;2;0;0;2;2;1;2;3;0;0;1;2;3;4;
Evan Turner;;19:48;1;8;0;0;0;0;3;2;5;1;1;0;1;2;2;
Donald Sloan;;12:54;3;4;1;1;2;2;0;1;1;3;0;0;0;0;9;
Rasual Butler;;7:44;0;1;0;0;0;0;0;3;3;1;0;1;0;0;0;
Luis Scola;;13:39;3;7;0;0;0;2;1;4;5;1;0;0;0;1;6;
TOR
Terrence Ross;F;33:09;8;17;5;8;3;4;2;3;5;1;1;0;0;2;24;
Patrick Patterson;F;25:26;2;5;1;3;0;0;1;6;7;2;2;0;0;3;5;
Jonas Valanciunas;C;33:42;10;14;0;0;2;3;3;6;9;0;0;1;3;3;22;
DeMar DeRozan;G;39:35;8;19;0;1;4;5;0;4;4;9;0;1;3;3;20;
Greivis Vasquez;G;32:43;4;12;2;5;0;0;0;5;5;3;1;0;2;3;10;
Tyler Hansbrough;;19:40;2;4;0;0;1;2;3;2;5;0;0;0;0;3;5;
John Salmons;;15:41;0;1;0;0;0;0;0;2;2;1;0;1;1;2;0;
Charles Hayes;;17:11;3;4;0;0;0;0;0;3;3;2;0;2;0;0;6;
Nando De Colo;;22:53;3;8;2;5;2;2;0;2;2;5;2;0;2;1;10;
