02-22;NOP-WAS;93-94;
21-24;22-19;23-23;27-28;
NOP
Al-Farouq Aminu;F;20:24;2;5;1;1;0;0;0;0;0;1;1;0;1;1;5;
Anthony Davis;F;33:30;11;18;0;0;4;4;3;8;11;0;1;0;0;2;26;
Greg Stiemsma;C;15:19;0;1;0;0;0;0;1;0;1;0;3;0;0;3;0;
Eric Gordon;G;29:16;3;10;1;3;3;3;0;1;1;2;0;0;4;1;10;
Brian Roberts;G;28:50;2;13;0;3;3;4;0;1;1;9;2;0;3;1;7;
Alexis Ajinca;;26:35;3;9;0;0;3;3;2;7;9;0;0;1;1;4;9;
Tyreke Evans;;24:29;3;8;1;2;1;1;2;5;7;7;0;1;4;3;8;
Anthony Morrow;;24:52;7;8;3;3;1;2;0;2;2;0;1;0;0;2;18;
Austin Rivers;;16:09;3;5;0;0;1;2;0;3;3;1;1;0;1;2;7;
Luke Babbitt;;7:21;0;2;0;1;0;0;0;1;1;0;0;0;0;0;0;
Jeff Withey;;13:15;1;2;0;0;1;2;0;2;2;0;0;1;1;3;3;
WAS
Trevor Ariza;F;34:05;2;5;0;1;0;0;1;8;9;2;1;1;4;1;4;
Nene;F;33:12;13;19;0;0;4;6;3;4;7;0;3;2;4;3;30;
Marcin Gortat;C;30:11;6;9;0;0;4;7;3;7;10;1;1;1;1;0;16;
Bradley Beal;G;37:07;4;13;0;5;3;3;0;2;2;4;0;0;1;1;11;
John Wall;G;31:41;4;9;0;2;2;3;0;5;5;12;1;1;5;3;10;
Martell Webster;;25:07;4;9;3;6;1;1;0;3;3;0;0;1;1;2;12;
Trevor Booker;;14:48;0;3;0;0;0;0;0;1;1;1;0;0;0;3;0;
Andre Miller;;16:19;1;3;0;0;3;4;1;2;3;3;0;0;1;1;5;
Kevin Seraphin;;16:57;2;4;0;0;2;2;1;1;2;0;0;1;0;1;6;
Al Harrington;;0:33;0;0;0;0;0;0;0;0;0;0;0;0;0;0;0;
