11-29;MIA-TOR;90-83;
27-22;30-21;21-27;12-13;
MIA
LeBron James;F;36:27;10;17;3;5;4;6;1;5;6;3;1;1;3;2;27;
Shane Battier;F;17:22;1;3;0;2;0;0;0;2;2;0;0;0;1;3;2;
Chris Bosh;C;20:28;2;6;0;0;0;0;0;5;5;1;1;0;1;6;4;
Dwyane Wade;G;34:28;9;16;0;0;4;5;1;6;7;6;4;0;5;4;22;
Mario Chalmers;G;28:24;2;8;2;7;0;0;1;1;2;8;3;1;3;2;6;
Ray Allen;;23:36;3;8;1;1;0;0;0;0;0;4;0;0;3;4;7;
Rashard Lewis;;18:34;1;4;1;4;0;0;0;2;2;1;0;0;0;2;3;
Chris Andersen;;18:46;2;3;0;0;1;2;0;4;4;1;0;2;0;3;5;
Norris Cole;;19:36;2;6;1;2;0;0;0;4;4;0;1;0;0;2;5;
Michael Beasley;;13:35;3;3;1;1;0;0;0;3;3;0;0;0;2;2;7;
Udonis Haslem;;8:44;1;2;0;0;0;0;0;1;1;0;0;0;1;0;2;
TOR
Rudy Gay;F;39:40;9;21;1;3;2;7;2;9;11;3;0;2;3;3;21;
Amir Johnson;F;16:16;1;2;0;0;0;0;0;1;1;0;0;1;0;2;2;
Jonas Valanciunas;C;17:55;1;2;0;0;2;2;1;2;3;1;1;1;2;1;4;
DeMar DeRozan;G;43:58;10;20;2;7;3;7;1;6;7;3;1;1;3;1;25;
Kyle Lowry;G;42:59;4;10;3;8;4;4;1;3;4;6;2;0;7;5;15;
Steve Novak;;16:45;1;5;1;5;0;0;0;0;0;1;0;0;0;0;3;
Terrence Ross;;23:17;0;5;0;5;0;0;0;4;4;0;1;0;0;2;0;
Tyler Hansbrough;;25:02;0;2;0;0;8;12;5;7;12;1;1;0;1;3;8;
Landry Fields;;5:11;0;1;0;0;0;0;0;0;0;0;0;0;0;0;0;
Dwight Buycks;;5:01;1;3;1;2;0;0;0;0;0;1;1;0;0;0;3;
Quincy Acy;;3:55;1;2;0;0;0;0;0;1;1;0;1;0;1;1;2;
