03-07;MEM-CHI;85-77;
15-12;20-27;30-24;20-14;
MEM
Tayshaun Prince;F;22:19;0;2;0;0;0;0;0;0;0;1;0;1;1;1;0;
Zach Randolph;F;36:18;5;13;0;0;0;0;2;9;11;2;0;0;1;1;10;
Marc Gasol;C;33:25;8;16;0;0;2;2;1;9;10;1;0;3;5;3;18;
Courtney Lee;G;28:26;3;8;0;0;0;1;0;2;2;1;0;1;1;2;6;
Mike Conley;G;30:36;4;15;0;2;4;5;1;4;5;7;2;0;2;0;12;
Nick Calathes;;17:24;0;0;0;0;0;0;0;1;1;5;2;0;0;0;0;
Mike Miller;;20:08;5;7;4;5;0;0;0;5;5;0;2;1;1;2;14;
Kosta Koufos;;19:15;6;8;0;0;0;0;4;2;6;1;1;0;1;3;12;
Tony Allen;;25:07;2;6;0;0;2;6;3;2;5;1;2;0;1;2;6;
Jon Leuer;;7:02;2;3;1;1;2;4;0;0;0;0;0;0;0;2;7;
CHI
Mike Dunleavy;F;27:54;2;10;0;3;1;1;1;5;6;1;0;0;1;3;5;
Carlos Boozer;F;24:00;4;12;0;0;0;0;2;6;8;1;0;0;0;3;8;
Joakim Noah;C;40:19;6;9;0;0;3;4;0;8;8;6;1;2;6;3;15;
Jimmy Butler;G;42:36;1;3;0;0;6;6;1;2;3;2;2;0;1;0;8;
Kirk Hinrich;G;32:33;4;10;1;5;0;0;1;3;4;1;0;0;2;5;9;
D.J. Augustin;;30:21;5;14;1;5;3;3;0;1;1;3;0;0;1;2;14;
Taj Gibson;;28:06;9;16;0;0;0;0;1;3;4;0;1;0;1;0;18;
Nazr Mohammed;;3:35;0;0;0;0;0;0;0;1;1;0;0;0;1;1;0;
Tony Snell;;10:36;0;1;0;0;0;0;0;3;3;2;0;0;0;2;0;
