01-05;DEN-LAL;137-115;
26-29;34-32;33-22;44-32;
DEN
Wilson Chandler;F;25:51;6;10;3;6;2;2;0;1;1;1;2;0;1;3;17;
Kenneth Faried;F;26:30;7;13;0;0;3;4;6;7;13;1;2;2;0;3;17;
JJ Hickson;C;22:04;2;5;0;1;2;4;1;4;5;1;0;0;2;2;6;
Randy Foye;G;28:59;6;10;2;5;0;0;1;3;4;2;1;1;1;2;14;
Ty Lawson;G;41:17;7;18;2;7;4;4;1;3;4;12;1;1;4;1;20;
Darrell Arthur;;21:05;2;7;0;0;0;0;3;8;11;6;1;2;4;4;4;
Timofey Mozgov;;21:07;8;10;0;1;4;5;2;5;7;1;2;2;0;5;20;
Evan Fournier;;25:25;5;10;2;3;0;0;0;7;7;3;0;0;3;2;12;
Nate Robinson;;19:51;7;11;3;5;4;5;3;2;5;5;3;0;0;2;21;
Quincy Miller;;2:37;1;2;0;0;0;0;0;0;0;0;0;0;0;0;2;
Jordan Hamilton;;2:37;0;1;0;1;0;0;0;0;0;0;0;0;0;1;0;
Anthony Randolph;;2:37;2;2;0;0;0;0;0;1;1;0;0;0;0;0;4;
LAL
Wesley Johnson;F;26:23;1;5;0;3;0;0;1;2;3;0;1;1;1;0;2;
Pau Gasol;F;36:53;10;22;0;0;5;6;5;5;10;5;1;3;4;2;25;
Robert Sacre;C;26:52;6;6;0;0;3;5;1;4;5;0;2;0;1;2;15;
Jodie Meeks;G;32:56;8;15;0;3;7;7;0;4;4;1;2;0;3;2;23;
Kendall Marshall;G;38:32;3;10;1;5;2;2;0;6;6;17;2;0;3;3;9;
Shawne Williams;;11:23;2;7;1;6;0;2;0;5;5;0;0;1;1;3;5;
Ryan Kelly;;18:51;2;5;0;1;2;3;0;1;1;1;0;0;0;1;6;
Nick Young;;36:08;8;15;1;3;4;4;0;1;1;1;0;0;2;3;21;
Jordan Hill;;12:02;2;4;0;0;5;7;2;1;3;1;0;0;0;2;9;
