12-01;NOP-NYK;103-99;
16-20;28-29;32-25;27-25;
NOP
Anthony Davis;F;10:27;2;6;0;0;3;3;1;3;4;0;0;0;1;0;7;
Anthony Morrow;F;12:36;1;1;1;1;0;0;0;1;1;0;0;0;1;1;3;
Jason Smith;C;24:06;2;5;0;0;1;2;1;4;5;0;1;0;0;3;5;
Eric Gordon;G;33:37;4;10;1;3;1;2;0;3;3;2;3;0;2;1;10;
Jrue Holiday;G;36:20;5;12;0;3;1;2;1;4;5;9;0;0;5;3;11;
Tyreke Evans;;35:24;8;13;0;1;8;11;0;1;1;7;4;0;1;4;24;
Ryan Anderson;;35:39;11;21;7;11;2;2;4;2;6;0;0;0;0;2;31;
Brian Roberts;;15:06;2;4;1;2;0;0;0;0;0;2;0;0;0;2;5;
Josh Childress;;10:34;0;0;0;0;0;0;0;1;1;1;0;0;1;1;0;
Lou Amundson;;6:36;1;2;0;0;0;0;0;1;1;0;0;0;0;1;2;
Al-Farouq Aminu;;15:15;2;3;0;0;1;1;2;3;5;1;2;1;1;1;5;
Austin Rivers;;4:20;0;0;0;0;0;0;0;0;0;0;0;0;0;0;0;
NYK
Carmelo Anthony;F;43:47;9;21;1;7;4;4;1;9;10;3;2;0;3;4;23;
Kenyon Martin;F;17:24;0;2;0;0;0;0;2;1;3;2;3;3;1;1;0;
Andrea Bargnani;C;36:05;5;13;0;3;7;8;1;6;7;0;2;6;2;4;17;
Raymond Felton;G;37:38;4;10;2;6;2;4;2;0;2;8;1;0;1;3;12;
Iman Shumpert;G;21:23;3;5;1;2;0;0;3;4;7;2;0;0;2;4;7;
J.R. Smith;;34:28;4;11;3;8;1;1;3;5;8;3;1;0;3;4;12;
Amar'e Stoudemire;;13:46;2;3;0;0;0;0;0;2;2;0;0;0;3;2;4;
Tim Hardaway Jr.;;24:33;6;10;5;8;4;4;0;0;0;2;0;0;1;1;21;
Pablo Prigioni;;10:22;1;1;1;1;0;0;1;2;3;3;0;0;1;0;3;
Metta World Peace;;0:35;0;0;0;0;0;0;0;0;0;0;0;0;0;0;0;
