03-02;NYK-CHI;90-109;
16-37;32-22;20-21;22-29;
NYK
Iman Shumpert;F;19:37;1;6;1;3;0;0;1;4;5;1;0;1;3;2;3;
Carmelo Anthony;F;38:25;8;17;2;4;3;3;0;2;2;3;0;0;4;3;21;
Tyson Chandler;C;40:01;3;5;0;0;2;4;8;14;22;2;0;3;1;2;8;
Pablo Prigioni;G;17:09;0;1;0;0;2;2;0;0;0;3;0;1;0;2;2;
Raymond Felton;G;30:31;2;10;0;1;4;4;1;1;2;4;0;0;2;2;8;
J.R. Smith;;27:49;6;12;0;2;1;2;0;1;1;2;0;0;0;2;13;
Tim Hardaway Jr.;;25:19;5;14;2;8;2;2;0;2;2;1;0;0;0;2;14;
Amar'e Stoudemire;;22:48;7;8;0;0;0;0;1;5;6;0;0;0;1;6;14;
Earl Clark;;4:39;0;1;0;0;0;0;0;0;0;0;0;0;0;1;0;
Shannon Brown;;4:39;0;1;0;0;0;0;0;0;0;0;0;0;0;1;0;
Jeremy Tyler;;4:39;2;2;0;0;0;0;0;1;1;0;0;0;0;0;4;
Toure Murry;;4:24;1;2;0;0;1;1;1;2;3;1;0;0;1;0;3;
CHI
Mike Dunleavy;F;30:59;4;9;1;3;1;1;0;7;7;3;1;0;0;1;10;
Carlos Boozer;F;24:00;6;13;0;1;2;2;3;4;7;2;1;0;0;3;14;
Joakim Noah;C;37:27;4;10;0;0;5;8;5;7;12;14;2;2;1;0;13;
Jimmy Butler;G;41:42;5;13;0;4;9;14;2;4;6;4;3;0;1;3;19;
Kirk Hinrich;G;30:50;4;6;3;4;0;0;0;2;2;3;0;1;0;1;11;
D.J. Augustin;;26:02;7;10;4;5;5;6;1;2;3;0;1;0;1;3;23;
Taj Gibson;;27:30;6;15;0;0;1;2;3;2;5;2;0;1;0;0;13;
Tony Snell;;11:19;2;4;0;2;0;0;0;1;1;0;1;0;0;0;4;
Erik Murphy;;3:55;0;2;0;2;0;0;0;0;0;1;0;1;0;1;0;
Jimmer Fredette;;3:08;1;2;0;1;0;0;0;2;2;0;0;0;0;0;2;
Tornike Shengelia;;3:08;0;0;0;0;0;0;0;0;0;1;0;0;0;0;0;
