11-23;BOS-ATL;94-87;
25-24;24-29;15-21;30-13;
BOS
Jeff Green;F;35:16;4;10;1;4;7;8;0;5;5;0;0;0;4;1;16;
Brandon Bass;F;32:50;5;11;0;0;7;7;2;5;7;1;1;2;3;1;17;
Jared Sullinger;C;32:32;6;12;1;3;2;4;2;7;9;1;1;2;1;2;15;
Avery Bradley;G;34:21;6;13;0;1;0;2;0;5;5;2;1;0;0;2;12;
Jordan Crawford;G;35:06;3;9;0;5;6;8;0;3;3;10;0;0;4;3;12;
Kris Humphries;;16:30;1;3;0;0;0;0;1;7;8;0;0;1;2;2;2;
Gerald Wallace;;18:39;2;4;1;2;0;0;0;0;0;3;0;1;0;2;5;
Phil Pressey;;3:56;0;0;0;0;0;0;0;0;0;0;0;0;0;0;0;
Courtney Lee;;16:42;2;4;0;0;0;0;0;5;5;1;0;0;1;0;4;
Vitor Faverani;;14:08;4;6;1;1;2;2;2;3;5;0;0;1;2;1;11;
ATL
DeMarre Carroll;F;32:56;2;6;0;4;1;2;1;3;4;3;0;0;1;4;5;
Paul Millsap;F;31:39;6;12;0;0;0;0;0;5;5;2;2;2;3;4;12;
Al Horford;C;34:08;9;19;0;0;0;0;1;6;7;0;0;1;0;4;18;
Kyle Korver;G;31:40;4;8;1;2;0;0;1;3;4;3;2;0;1;4;9;
Jeff Teague;G;34:23;3;15;0;4;7;8;1;3;4;10;3;0;2;2;13;
Cartier Martin;;15:05;2;5;1;2;0;0;0;2;2;1;0;0;0;1;5;
Mike Scott;;15:26;4;6;2;3;0;0;2;2;4;0;1;0;1;3;10;
Pero Antic;;14:53;1;8;0;3;0;0;5;1;6;1;0;0;0;2;2;
Lou Williams;;17:40;2;7;0;0;2;2;1;1;2;2;0;0;0;1;6;
Shelvin Mack;;12:10;3;7;1;2;0;0;0;0;0;1;0;0;0;1;7;
