12-25;LAC-GSW;103-105;
30-22;23-29;25-24;25-30;
LAC
Jared Dudley;F;28:39;2;5;0;1;0;0;0;0;0;0;1;1;0;3;4;
Blake Griffin;F;32:31;8;16;0;1;4;6;3;11;14;5;0;0;4;3;20;
DeAndre Jordan;C;38:59;6;6;0;0;1;2;2;11;13;1;1;6;3;4;13;
Jamal Crawford;G;36:23;9;21;1;5;0;0;0;0;0;0;0;1;2;2;19;
Chris Paul;G;39:58;9;20;1;3;7;7;0;2;2;11;2;0;3;3;26;
Willie Green;;11:37;1;2;1;2;2;2;0;2;2;0;0;0;0;3;5;
Matt Barnes;;20:52;0;3;0;2;0;0;0;4;4;4;1;1;1;4;0;
Ryan Hollins;;7:46;0;0;0;0;1;2;0;0;0;0;0;0;0;1;1;
Darren Collison;;18:11;4;6;1;3;2;2;1;0;1;1;1;0;0;1;11;
Antawn Jamison;;5:06;1;2;0;1;2;2;0;2;2;0;0;0;0;0;4;
GSW
Andre Iguodala;F;33:19;3;5;3;3;0;2;2;2;4;4;2;0;1;0;9;
David Lee;F;39:05;10;20;0;0;3;3;5;8;13;3;0;1;5;4;23;
Andrew Bogut;C;27:48;5;8;0;0;0;0;6;8;14;1;2;0;0;2;10;
Klay Thompson;G;41:49;10;22;3;10;0;2;0;5;5;4;2;2;1;4;23;
Stephen Curry;G;42:29;5;17;2;6;3;3;1;5;6;11;1;0;2;1;15;
Harrison Barnes;;25:08;3;13;1;1;7;9;0;5;5;1;0;1;1;0;14;
Marreese Speights;;11:08;3;5;0;0;2;2;1;0;1;0;1;0;2;5;8;
Toney Douglas;;5:31;1;2;1;2;0;1;0;0;0;1;0;0;0;3;3;
Draymond Green;;7:48;0;3;0;2;0;0;0;0;0;1;0;0;1;2;0;
Kent Bazemore;;4:48;0;0;0;0;0;0;0;0;0;1;0;0;0;1;0;
Hilton Armstrong;;1:08;0;0;0;0;0;0;1;0;1;0;0;0;0;0;0;
