01-05;BOS-OKC;96-119;
26-34;30-32;22-26;18-27;
BOS
Jeff Green;F;33:46;8;15;3;5;0;0;0;1;1;2;1;1;2;1;19;
Brandon Bass;F;22:59;1;5;0;0;2;2;1;4;5;0;0;0;1;2;4;
Jared Sullinger;C;19:02;3;11;0;1;3;6;5;3;8;3;0;0;2;6;9;
Avery Bradley;G;32:06;7;16;2;4;3;4;1;4;5;1;0;0;2;4;19;
Jordan Crawford;G;32:18;6;14;3;7;2;4;0;2;2;7;1;0;2;2;17;
Kris Humphries;;23:01;5;8;0;0;4;4;1;2;3;2;0;3;1;1;14;
Gerald Wallace;;22:53;0;2;0;2;1;4;1;2;3;3;2;0;1;2;1;
Kelly Olynyk;;24:22;3;6;1;2;0;0;3;5;8;1;0;2;1;5;7;
Keith Bogans;;14:14;1;1;1;1;0;0;0;1;1;2;0;0;0;1;3;
Phil Pressey;;8:43;1;2;1;1;0;0;0;0;0;2;0;0;2;2;3;
Vitor Faverani;;6:36;0;0;0;0;0;0;0;1;1;0;1;0;1;0;0;
OKC
Kevin Durant;F;27:10;6;13;0;1;9;10;0;7;7;8;3;0;0;2;21;
Serge Ibaka;F;34:11;8;13;0;1;1;2;5;6;11;3;0;2;1;2;17;
Kendrick Perkins;C;26:18;5;9;0;0;2;2;3;3;6;2;1;1;1;2;12;
Thabo Sefolosha;G;23:42;1;8;1;5;0;0;1;2;3;0;1;1;1;0;3;
Reggie Jackson;G;30:45;9;12;3;3;6;9;0;2;2;2;1;0;2;0;27;
Nick Collison;;19:23;3;4;0;0;2;4;2;1;3;1;0;0;0;1;8;
Jeremy Lamb;;23:00;5;10;3;5;0;0;0;3;3;6;0;0;0;2;13;
Perry Jones;;20:50;2;5;0;1;2;2;0;2;2;2;2;1;0;3;6;
Derek Fisher;;18:33;2;4;2;3;2;2;0;2;2;3;1;0;3;1;8;
Steven Adams;;4:37;0;2;0;0;0;0;1;0;1;0;0;0;0;1;0;
Andre Roberson;;6:36;1;2;0;0;0;0;0;1;1;1;1;0;0;0;2;
Hasheem Thabeet;;4:55;1;1;0;0;0;0;0;2;2;0;0;0;1;2;2;
