12-31;POR-OKC;98-94;
24-30;18-24;29-24;27-16;
POR
Nicolas Batum;F;38:06;6;15;1;7;2;2;2;1;3;3;2;0;3;4;15;
LaMarcus Aldridge;F;39:43;10;23;0;0;5;6;2;12;14;2;0;2;0;3;25;
Robin Lopez;C;39:07;5;8;0;0;2;2;2;3;5;0;0;0;0;2;12;
Wesley Matthews;G;38:06;5;16;2;9;4;4;1;6;7;7;1;0;0;4;16;
Damian Lillard;G;40:35;6;15;4;10;5;5;1;5;6;11;1;0;2;3;21;
Dorell Wright;;7:53;0;2;0;2;0;0;1;0;1;0;1;0;0;0;0;
Mo Williams;;18:32;2;7;1;5;0;2;0;1;1;3;0;0;0;4;5;
Joel Freeland;;11:31;1;3;0;0;0;0;0;3;3;0;0;1;1;2;2;
Meyers Leonard;;4:35;1;2;0;0;0;0;0;2;2;0;0;0;0;0;2;
Earl Watson;;1:52;0;0;0;0;0;0;1;0;1;0;0;0;0;0;0;
OKC
Kevin Durant;F;40:12;12;26;3;9;10;12;3;11;14;3;1;0;1;3;37;
Serge Ibaka;F;31:09;8;14;0;1;1;2;2;2;4;0;0;3;1;3;17;
Kendrick Perkins;C;27:55;1;4;0;0;0;0;0;4;4;1;0;1;1;3;2;
Thabo Sefolosha;G;27:33;1;2;0;0;2;2;0;5;5;0;1;0;0;1;4;
Reggie Jackson;G;28:41;5;13;0;0;2;4;2;5;7;6;1;0;1;2;12;
Nick Collison;;16:51;2;4;0;0;0;0;2;5;7;0;0;0;1;3;4;
Derek Fisher;;19:19;1;4;0;2;2;2;0;2;2;3;0;0;1;1;4;
Steven Adams;;19:48;1;4;0;0;2;2;1;2;3;1;0;0;3;3;4;
Jeremy Lamb;;20:36;5;11;0;2;0;0;0;6;6;1;0;0;1;0;10;
Perry Jones;;7:56;0;0;0;0;0;2;0;0;0;0;0;0;0;1;0;
