12-23;MIL-CHA;110-111;
33-17;21-35;24-26;23-23;9-10;
MIL
Khris Middleton;F;40:31;7;14;3;8;2;2;2;4;6;3;3;0;1;4;19;
Caron Butler;F;29:50;3;11;1;5;4;4;0;4;4;3;1;0;2;3;11;
Miroslav Raduljica;C;19:14;3;3;0;0;2;2;0;4;4;0;0;1;1;3;8;
Giannis Antetokounmpo;G;35:42;4;8;2;4;2;2;2;4;6;2;0;0;0;1;12;
Brandon Knight;G;37:26;11;23;2;5;2;2;1;7;8;14;0;0;2;3;26;
John Henson;;35:11;6;14;0;0;2;3;3;6;9;1;0;6;1;3;14;
O.J. Mayo;;25:16;5;13;2;5;2;2;2;7;9;2;2;1;4;1;14;
Ekpe Udoh;;14:22;1;4;0;0;0;0;2;2;4;2;1;0;1;2;2;
Nate Wolters;;15:34;2;5;0;0;0;0;0;0;0;1;1;0;0;1;4;
Luke Ridnour;;11:54;0;2;0;1;0;0;0;1;1;1;0;0;0;2;0;
CHA
Anthony Tolliver;F;33:33;4;4;4;4;0;0;0;3;3;1;0;1;1;1;12;
Josh McRoberts;F;30:57;3;8;2;4;1;2;1;2;3;2;0;0;0;5;9;
Al Jefferson;C;39:14;12;23;0;0;2;3;2;7;9;1;0;1;0;3;26;
Gerald Henderson;G;37:19;2;10;0;0;4;4;0;4;4;6;0;0;0;1;8;
Kemba Walker;G;38:31;10;22;2;5;3;5;0;9;9;10;0;0;3;3;25;
Cody Zeller;;22:03;6;12;0;0;0;0;3;4;7;4;0;2;1;2;12;
Ramon Sessions;;15:56;2;9;0;1;4;4;2;0;2;3;1;0;0;1;8;
Bismack Biyombo;;13:46;2;5;0;0;0;0;1;3;4;0;0;1;0;0;4;
Chris Douglas-Roberts;;19:27;0;2;0;1;1;2;0;0;0;2;0;2;0;0;1;
Ben Gordon;;14:14;2;4;2;2;0;0;0;2;2;1;1;0;3;1;6;
