12-30;CHA-UTA;80-83;
21-21;13-21;19-21;27-20;
CHA
Anthony Tolliver;F;26:27;1;6;1;2;0;0;3;4;7;0;0;0;2;1;3;
Josh McRoberts;F;32:08;2;6;1;3;0;0;4;4;8;2;0;0;0;4;5;
Al Jefferson;C;35:40;8;23;1;2;1;2;2;8;10;2;3;2;2;1;18;
Gerald Henderson;G;35:32;6;13;2;2;5;8;0;3;3;2;0;0;1;1;19;
Kemba Walker;G;41:53;6;17;1;1;5;5;1;5;6;4;1;0;3;2;18;
Cody Zeller;;5:18;1;1;0;0;0;0;0;0;0;1;0;0;0;1;2;
Chris Douglas-Roberts;;25:18;2;4;1;3;0;0;1;2;3;0;0;0;2;1;5;
Ramon Sessions;;25:24;4;13;0;1;0;0;1;3;4;2;2;0;1;0;8;
Bismack Biyombo;;12:20;1;1;0;0;0;0;0;4;4;0;0;1;0;1;2;
UTA
Richard Jefferson;F;40:09;3;10;2;6;1;2;0;5;5;2;0;1;0;3;9;
Marvin Williams;F;34:22;6;8;1;1;0;0;3;7;10;0;1;1;0;0;13;
Derrick Favors;C;34:23;6;10;0;0;1;2;2;2;4;2;2;3;6;4;13;
Gordon Hayward;G;28:26;3;10;1;3;2;2;0;3;3;5;0;2;3;3;9;
Trey Burke;G;36:00;8;17;3;6;2;2;1;2;3;5;1;1;1;2;21;
Alec Burks;;27:25;6;12;1;3;1;1;0;6;6;1;2;1;1;1;14;
Jeremy Evans;;13:38;0;3;0;0;0;0;2;3;5;1;0;0;0;2;0;
Enes Kanter;;13:37;2;8;0;0;0;0;2;5;7;1;0;0;2;2;4;
Diante Garrett;;11:60;0;2;0;2;0;0;0;3;3;0;0;0;0;0;0;
