03-13;HOU-CHI;87-111;
20-25;22-25;16-35;29-26;
HOU
Chandler Parsons;F;25:48;1;11;0;2;0;0;1;1;2;1;0;0;3;3;2;
Terrence Jones;F;19:44;1;7;0;1;0;0;3;6;9;1;2;0;0;1;2;
Dwight Howard;C;28:35;5;7;0;0;2;2;5;5;10;1;0;4;7;2;12;
James Harden;G;26:36;2;7;1;5;3;4;0;2;2;2;0;1;5;3;8;
Patrick Beverley;G;29:36;3;9;0;4;3;4;2;1;3;3;0;0;0;3;9;
Jeremy Lin;;23:53;7;13;1;2;6;6;1;1;2;3;0;0;0;1;21;
Omer Asik;;19:25;2;3;0;0;2;4;3;1;4;0;0;0;0;1;6;
Francisco Garcia;;13:03;2;4;1;2;0;0;0;1;1;1;1;0;0;3;5;
Donatas Motiejunas;;17:11;1;5;0;2;0;2;1;4;5;1;0;0;0;2;2;
Jordan Hamilton;;18:20;3;7;2;5;4;4;0;7;7;1;0;0;1;0;12;
Omri Casspi;;9:37;0;1;0;1;4;6;1;1;2;1;0;0;0;1;4;
Isaiah Canaan;;8:12;1;5;0;2;2;2;2;0;2;1;0;0;0;1;4;
CHI
Mike Dunleavy;F;36:58;8;15;4;6;1;1;3;4;7;2;1;0;1;1;21;
Carlos Boozer;F;33:18;9;19;0;0;0;0;2;5;7;3;0;0;0;2;18;
Joakim Noah;C;35:10;3;6;0;0;7;7;4;6;10;9;2;0;1;5;13;
Jimmy Butler;G;27:33;4;8;1;1;2;2;0;2;2;5;2;0;1;3;11;
Kirk Hinrich;G;30:19;7;12;5;6;0;0;0;1;1;4;2;1;0;1;19;
D.J. Augustin;;29:17;5;9;3;7;0;1;0;1;1;8;1;0;1;5;13;
Taj Gibson;;18:01;2;7;0;0;1;2;0;4;4;0;0;2;3;3;5;
Nazr Mohammed;;7:14;1;1;0;0;0;0;1;4;5;1;0;1;0;0;2;
Tony Snell;;14:46;2;5;0;2;0;0;0;2;2;1;0;0;0;0;4;
Jimmer Fredette;;3:31;1;3;1;2;0;0;0;0;0;0;0;0;0;2;3;
Erik Murphy;;2:17;1;1;0;0;0;0;0;0;0;1;0;0;0;1;2;
Tornike Shengelia;;1:36;0;0;0;0;0;0;0;0;0;1;0;0;0;1;0;
