01-03;GSW-ATL;101-100;
24-21;22-25;18-26;37-28;
GSW
Andre Iguodala;F;26:48;3;5;1;3;0;0;1;2;3;5;1;0;0;0;7;
David Lee;F;39:03;9;16;0;0;5;7;3;5;8;3;2;0;2;1;23;
Andrew Bogut;C;17:50;3;5;0;0;0;0;3;6;9;3;1;3;2;2;6;
Klay Thompson;G;39:37;8;17;3;7;2;2;1;4;5;6;0;1;3;1;21;
Stephen Curry;G;34:39;7;15;1;7;7;8;0;8;8;9;5;0;9;5;22;
Harrison Barnes;;29:09;4;12;1;2;0;1;3;2;5;2;3;0;0;4;9;
Draymond Green;;17:30;0;3;0;2;0;2;0;2;2;1;2;2;2;4;0;
Toney Douglas;;9:14;2;5;0;2;0;0;0;0;0;0;0;0;0;0;4;
Kent Bazemore;;14:40;1;5;0;3;2;4;0;2;2;1;1;1;1;0;4;
Marreese Speights;;11:30;2;4;0;1;1;1;2;3;5;0;0;0;2;0;5;
ATL
DeMarre Carroll;F;31:48;5;8;1;3;1;2;1;6;7;1;4;0;0;3;12;
Paul Millsap;F;33:39;3;14;0;3;6;6;3;8;11;2;2;2;4;2;12;
Pero Antic;C;26:41;6;9;4;6;0;0;1;6;7;0;1;0;1;4;16;
Kyle Korver;G;32:06;2;7;1;5;0;0;0;3;3;4;1;1;0;1;5;
Jeff Teague;G;30:57;5;13;0;2;4;5;0;3;3;7;2;0;5;4;14;
Elton Brand;;17:55;3;5;0;0;0;0;1;2;3;0;0;1;2;0;6;
Lou Williams;;22:15;3;9;2;6;0;0;0;4;4;4;1;0;3;1;8;
Shelvin Mack;;26:10;6;8;1;3;2;2;0;0;0;4;3;0;2;2;15;
Mike Scott;;18:29;4;7;1;3;3;4;1;2;3;1;1;0;2;2;12;
