11-24;CHI-LAC;82-121;
24-31;28-34;21-31;9-25;
CHI
Luol Deng;F;32:28;6;11;1;2;9;13;0;2;2;6;1;0;3;3;22;
Carlos Boozer;F;25:24;6;13;0;0;2;4;2;4;6;1;0;0;1;1;14;
Joakim Noah;C;22:28;4;6;0;0;0;2;1;3;4;2;0;0;1;1;8;
Mike Dunleavy;G;29:30;6;9;2;4;0;0;0;2;2;3;0;0;2;2;14;
Kirk Hinrich;G;27:48;3;7;1;3;2;3;0;2;2;7;0;0;3;3;9;
Taj Gibson;;20:33;3;13;0;0;0;0;2;6;8;1;1;0;1;1;6;
Tony Snell;;27:40;2;4;0;1;1;1;1;0;1;2;0;0;0;1;5;
Marquis Teague;;20:12;0;7;0;1;0;0;0;3;3;1;0;0;1;2;0;
Nazr Mohammed;;21:13;2;6;0;0;0;0;5;6;11;0;0;1;2;2;4;
Erik Murphy;;6:22;0;2;0;0;0;0;0;0;0;0;0;0;0;1;0;
Mike James;;6:22;0;3;0;1;0;0;0;0;0;1;0;0;0;1;0;
LAC
Jared Dudley;F;21:34;8;10;4;5;1;1;0;1;1;1;0;0;0;4;21;
Blake Griffin;F;27:18;6;10;0;0;3;4;2;10;12;2;1;3;2;4;15;
DeAndre Jordan;C;26:20;1;1;0;0;0;0;1;6;7;2;0;1;2;4;2;
JJ Redick;G;24:46;8;11;1;3;2;2;0;1;1;2;2;0;0;0;19;
Chris Paul;G;27:12;6;10;1;4;3;4;0;1;1;17;2;1;1;1;16;
Reggie Bullock;;26:05;3;6;0;2;0;0;1;3;4;1;0;0;0;2;6;
Jamal Crawford;;17:44;4;11;0;2;0;0;0;3;3;2;1;0;1;1;8;
Ryan Hollins;;21:16;1;3;0;0;0;0;2;3;5;0;0;0;0;3;2;
Darren Collison;;20:48;4;6;0;1;6;6;0;3;3;5;1;0;2;3;14;
Antawn Jamison;;15:13;4;8;1;1;2;2;0;3;3;0;1;0;1;1;11;
Willie Green;;6:15;1;2;0;0;0;0;0;2;2;0;0;0;0;0;2;
Byron Mullens;;5:30;2;4;1;3;0;0;0;2;2;0;0;0;0;0;5;
