03-21;DEN-DAL;106-122;
29-26;24-35;25-29;28-32;
DEN
Wilson Chandler;F;31:09;3;6;0;2;0;0;0;4;4;5;1;0;1;2;6;
Kenneth Faried;F;21:16;2;10;0;0;2;2;2;3;5;3;3;1;1;2;6;
Timofey Mozgov;C;13:35;2;3;0;0;3;3;2;2;4;1;0;1;0;4;7;
Randy Foye;G;27:34;5;10;5;8;0;0;1;2;3;1;1;0;1;1;15;
Ty Lawson;G;38:18;6;12;3;5;2;3;0;1;1;9;0;0;7;1;17;
JJ Hickson;;23:41;8;12;0;0;2;9;3;5;8;0;2;0;2;2;18;
Anthony Randolph;;16:03;4;7;2;4;0;0;0;6;6;0;0;0;0;3;10;
Darrell Arthur;;27:47;4;6;1;2;2;2;1;1;2;2;0;1;2;1;11;
Evan Fournier;;18:17;2;6;1;4;2;2;0;1;1;1;1;1;0;2;7;
Aaron Brooks;;21:09;3;7;0;3;0;0;1;0;1;2;0;0;1;1;6;
Quincy Miller;;1:11;1;2;1;2;0;0;0;0;0;0;0;0;1;0;3;
DAL
Shawn Marion;F;32:21;7;11;0;1;0;0;2;5;7;3;2;0;0;0;14;
Dirk Nowitzki;F;28:56;9;15;1;2;2;3;0;6;6;1;2;1;1;4;21;
Samuel Dalembert;C;16:03;1;6;0;0;2;2;7;3;10;0;1;1;3;0;4;
Monta Ellis;G;33:33;11;14;2;4;2;2;0;4;4;7;1;0;5;4;26;
Jose Calderon;G;26:50;4;9;2;4;0;0;0;4;4;6;0;1;1;1;10;
DeJuan Blair;;11:08;0;3;0;0;2;4;3;1;4;0;0;0;0;2;2;
Vince Carter;;24:31;5;12;3;5;0;0;0;3;3;4;2;1;0;2;13;
Devin Harris;;24:17;1;5;0;1;5;5;0;2;2;3;1;0;3;0;7;
Jae Crowder;;17:59;4;4;4;4;0;0;1;3;4;1;1;0;2;2;12;
Brandan Wright;;20:49;6;9;0;0;1;1;1;2;3;3;0;1;0;3;13;
Wayne Ellington;;1:11;0;1;0;1;0;0;0;0;0;0;0;0;0;0;0;
Shane Larkin;;1:11;0;0;0;0;0;0;0;0;0;0;1;0;0;0;0;
Bernard James;;1:11;0;0;0;0;0;0;1;0;1;0;0;0;1;0;0;
