02-07;LAL-PHI;112-98;
26-35;35-29;26-21;25-13;
LAL
Wesley Johnson;F;42:56;6;13;2;3;3;3;0;3;3;1;5;3;1;1;17;
Ryan Kelly;F;31:17;7;12;1;4;0;0;1;7;8;2;2;0;2;0;15;
Robert Sacre;C;22:47;2;9;0;0;1;2;1;3;4;3;1;1;4;2;5;
Steve Blake;G;36:23;5;10;4;5;0;0;1;3;4;8;2;1;0;2;14;
Steve Nash;G;28:07;8;15;0;2;3;4;0;4;4;5;0;0;2;2;19;
Shawne Williams;;13:06;1;3;0;2;2;2;0;3;3;1;2;0;1;1;4;
Chris Kaman;;25:13;7;14;0;0;3;4;3;5;8;3;1;3;2;3;17;
Kendall Marshall;;19:53;3;6;1;2;0;0;0;0;0;10;1;0;1;2;7;
Jordan Hill;;20:18;6;7;0;0;2;5;1;5;6;1;0;1;1;2;14;
PHI
Evan Turner;F;31:45;6;14;3;7;0;0;0;7;7;3;2;0;4;1;15;
Thaddeus Young;F;34:03;2;9;1;4;0;0;1;3;4;3;1;0;3;4;5;
Spencer Hawes;C;33:30;5;11;3;6;2;3;1;10;11;3;0;0;2;3;15;
James Anderson;G;26:34;4;6;3;4;1;2;1;5;6;2;0;0;0;3;12;
Michael Carter-Williams;G;30:04;4;12;1;4;1;4;1;5;6;7;1;1;4;3;10;
Lavoy Allen;;28:16;4;12;0;0;2;2;6;3;9;3;2;1;1;3;10;
Hollis Thompson;;21:26;2;4;0;1;0;0;0;2;2;1;1;0;2;0;4;
Elliot Williams;;16:15;4;10;3;5;0;2;0;1;1;1;1;0;2;1;11;
Tony Wroten;;17:56;6;9;1;1;3;4;2;2;4;0;0;0;4;0;16;
Lorenzo Brown;;0:11;0;0;0;0;0;0;0;0;0;0;0;0;0;0;0;
