03-03;UTA-MIL;88-114;
21-30;27-25;19-40;21-19;
UTA
Richard Jefferson;F;23:12;3;7;1;3;0;0;0;1;1;2;2;0;2;2;7;
Marvin Williams;F;17:17;2;6;1;3;0;0;3;1;4;2;0;0;1;1;5;
Derrick Favors;C;18:39;1;5;0;0;0;0;2;3;5;0;0;0;0;2;2;
Gordon Hayward;G;33:17;6;15;2;6;6;6;1;3;4;3;1;0;5;1;20;
Trey Burke;G;30:27;2;7;2;5;1;2;1;2;3;5;0;0;2;3;7;
Alec Burks;;29:19;5;12;0;1;2;4;3;1;4;2;0;0;2;3;12;
Enes Kanter;;34:31;8;16;0;0;11;12;6;8;14;1;1;0;0;4;27;
Diante Garrett;;19:47;1;5;0;2;0;0;0;1;1;3;0;0;1;2;2;
Jeremy Evans;;15:40;2;3;0;0;0;0;1;0;1;0;0;1;0;3;4;
Rudy Gobert;;9:53;1;1;0;0;0;2;1;0;1;0;1;4;0;0;2;
Brandon Rush;;7:58;0;2;0;1;0;0;0;1;1;0;0;0;0;0;0;
MIL
Khris Middleton;F;21:21;4;6;1;1;0;0;0;0;0;2;1;0;3;2;9;
Ersan Ilyasova;F;30:06;13;14;2;2;3;4;2;3;5;0;2;1;1;1;31;
Zaza Pachulia;C;25:39;3;4;0;0;8;8;2;4;6;5;0;1;1;2;14;
Nate Wolters;G;21:57;4;6;2;2;0;0;0;6;6;5;1;0;2;1;10;
Brandon Knight;G;25:58;4;7;1;2;2;3;0;1;1;5;2;0;0;2;11;
O.J. Mayo;;24:15;1;5;1;3;0;0;0;0;0;3;0;0;1;3;3;
John Henson;;16:19;3;7;0;0;0;0;5;2;7;1;0;0;1;4;6;
Giannis Antetokounmpo;;26:39;3;9;1;3;1;1;1;3;4;3;0;1;0;1;8;
Jeff Adrien;;19:42;3;8;0;0;2;4;3;8;11;0;1;1;0;5;8;
Ramon Sessions;;23:50;4;7;0;0;6;6;0;4;4;4;0;0;2;2;14;
Miroslav Raduljica;;4:14;0;1;0;0;0;0;0;1;1;0;0;0;2;1;0;
