10-30;BKN-CLE;94-98;
26-27;22-22;22-30;24-19;
BKN
Paul Pierce;F;29:51;5;8;3;4;4;4;0;4;4;2;0;0;1;2;17;
Kevin Garnett;F;26:17;4;8;0;0;0;0;2;8;10;3;2;1;2;4;8;
Brook Lopez;C;33:37;9;18;0;0;3;5;2;3;5;1;0;4;1;3;21;
Joe Johnson;G;34:23;3;10;0;3;7;8;0;0;0;5;1;0;1;1;13;
Deron Williams;G;21:44;2;6;1;2;2;2;0;3;3;9;0;1;4;3;7;
Andray Blatche;;20:17;0;5;0;0;0;0;0;3;3;0;1;1;3;2;0;
Reggie Evans;;15:49;1;5;0;0;2;3;4;4;8;0;0;1;1;3;4;
Alan Anderson;;23:26;4;11;1;6;0;0;0;3;3;0;1;0;1;3;9;
Shaun Livingston;;15:33;0;1;0;0;1;2;1;0;1;3;2;0;0;3;1;
Jason Terry;;19:03;5;10;4;9;0;0;0;0;0;1;1;0;1;3;14;
CLE
Earl Clark;F;27:06;4;10;0;1;1;2;3;5;8;1;0;0;1;2;9;
Tristan Thompson;F;34:51;8;13;0;0;2;4;3;6;9;0;0;0;1;2;18;
Anderson Varejao;C;34:36;5;9;0;0;1;4;3;5;8;3;0;1;0;3;11;
Dion Waiters;G;29:21;5;12;1;3;0;0;1;0;1;2;3;0;2;2;11;
Kyrie Irving;G;30:55;4;16;0;2;7;9;0;7;7;9;2;0;2;4;15;
Jarrett Jack;;22:30;3;6;1;1;5;6;0;3;3;3;1;0;1;1;12;
Alonzo Gee;;18:48;1;2;1;1;4;4;3;1;4;1;1;0;0;2;7;
Anthony Bennett;;14:59;0;5;0;3;2;4;1;4;5;0;0;0;0;1;2;
Andrew Bynum;;7:34;1;5;0;0;1;1;2;1;3;2;0;2;1;1;3;
CJ Miles;;15:20;4;6;2;4;0;0;0;0;0;0;0;0;2;1;10;
Tyler Zeller;;4:00;0;0;0;0;0;0;0;0;0;0;0;0;1;1;0;
