03-21;NOP-ATL;111-105;
20-16;24-28;25-27;42-34;
NOP
Tyreke Evans;F;39:16;7;12;0;0;7;8;1;2;3;4;4;1;6;1;21;
Anthony Davis;F;44:04;11;19;0;0;12;15;2;9;11;2;1;1;4;0;34;
Greg Stiemsma;C;13:58;0;0;0;0;1;2;1;1;2;1;1;0;1;3;1;
Eric Gordon;G;7:41;1;2;0;0;0;0;0;2;2;0;0;0;0;0;2;
Brian Roberts;G;33:31;4;12;0;4;8;8;0;2;2;5;0;0;1;5;16;
Al-Farouq Aminu;;22:09;1;3;0;1;2;2;1;4;5;1;2;0;0;2;4;
Alexis Ajinca;;13:15;3;5;0;0;1;2;1;4;5;0;0;2;0;4;7;
Austin Rivers;;22:25;3;3;0;0;4;6;1;1;2;4;1;1;1;5;10;
Anthony Morrow;;15:21;1;6;0;2;0;0;0;6;6;2;0;0;0;2;2;
Jeff Withey;;5:40;0;0;0;0;0;0;0;0;0;0;0;1;0;1;0;
Darius Miller;;10:28;1;2;1;1;0;0;0;1;1;0;1;0;1;1;3;
Luke Babbitt;;12:12;4;6;3;5;0;0;0;1;1;1;0;0;1;4;11;
ATL
DeMarre Carroll;F;35:58;2;10;0;4;3;3;1;6;7;2;4;0;1;3;7;
Paul Millsap;F;32:37;9;15;1;2;1;1;2;2;4;1;1;0;2;5;20;
Pero Antic;C;28:01;4;9;1;4;5;7;1;5;6;3;0;0;3;5;14;
Shelvin Mack;G;33:15;7;11;4;8;0;0;0;3;3;4;0;0;3;1;18;
Jeff Teague;G;35:45;8;16;2;4;8;11;1;2;3;8;0;0;1;4;26;
Elton Brand;;14:48;0;2;0;0;0;0;0;3;3;0;0;2;0;2;0;
Lou Williams;;14:45;1;4;0;1;0;0;0;0;0;0;0;0;2;1;2;
Cartier Martin;;12:02;0;2;0;2;2;2;0;1;1;1;1;0;0;2;2;
Mike Scott;;15:22;4;8;0;2;2;3;0;1;1;0;0;0;1;2;10;
Dennis Schroder;;12:16;2;5;0;1;0;0;2;2;4;3;1;0;2;3;4;
Mike Muscala;;5:11;1;3;0;0;0;0;1;1;2;0;0;1;1;1;2;
