11-01;UTA-PHX;84-87;
23-29;23-14;16-20;22-24;
UTA
Richard Jefferson;F;21:31;1;6;1;4;4;6;2;2;4;2;0;0;0;2;7;
Derrick Favors;F;37:19;6;12;0;0;2;2;4;13;17;4;0;0;4;3;14;
Enes Kanter;C;38:20;8;22;0;0;4;4;10;2;12;1;0;0;3;4;20;
Gordon Hayward;G;39:28;6;17;3;5;3;4;3;7;10;8;1;0;3;1;18;
John Lucas III;G;31:04;2;10;1;6;0;1;0;0;0;1;0;0;1;3;5;
Rudy Gobert;;7:57;0;0;0;0;1;2;0;0;0;0;0;0;4;1;1;
Jamaal Tinsley;;16:35;2;4;0;1;0;0;1;2;3;3;1;0;1;1;4;
Alec Burks;;26:46;6;9;0;1;3;7;0;2;2;1;0;0;3;2;15;
Michael Harris;;12:28;0;2;0;0;0;0;1;1;2;0;0;0;0;2;0;
Ian Clark;;8:32;0;3;0;0;0;1;1;2;3;0;1;1;1;1;0;
PHX
PJ Tucker;F;32:47;5;8;2;4;0;0;2;2;4;1;2;1;2;3;12;
Channing Frye;F;22:15;2;7;0;1;0;0;1;3;4;1;1;2;1;2;4;
Miles Plumlee;C;34:51;6;11;0;0;1;2;5;8;13;1;0;3;0;1;13;
Goran Dragic;G;24:40;2;11;0;3;1;2;0;2;2;5;1;1;2;2;5;
Eric Bledsoe;G;27:37;4;15;2;7;8;10;1;4;5;6;2;0;5;4;18;
Gerald Green;;12:08;2;4;1;2;2;2;1;0;1;0;0;0;1;3;7;
Markieff Morris;;25:51;3;6;0;0;0;0;2;4;6;0;2;0;1;1;6;
Alex Len;;13:03;1;3;0;0;1;2;1;0;1;0;1;1;1;4;3;
Marcus Morris;;9:07;0;2;0;1;4;4;1;0;1;0;0;0;1;2;4;
Archie Goodwin;;10:52;2;5;0;1;0;0;0;0;0;0;0;2;1;1;4;
Ish Smith;;11:59;1;5;0;1;0;0;1;4;5;1;1;0;0;0;2;
Dionte Christmas;;14:50;3;6;1;2;2;2;1;3;4;0;0;0;1;1;9;
