04-09;SAC-POR;99-100;
20-27;26-29;25-23;28-21;
SAC
Travis Outlaw;F;28:52;2;8;0;2;1;2;0;4;4;3;0;0;1;0;5;
Jason Thompson;F;26:44;4;6;0;0;0;2;3;2;5;0;0;2;1;2;8;
DeMarcus Cousins;C;37:03;14;29;0;0;2;3;3;9;12;2;3;0;3;3;30;
Ben McLemore;G;32:08;6;13;1;3;3;4;0;1;1;0;0;0;1;3;16;
Ray McCallum;G;42:48;7;15;4;4;5;5;1;3;4;8;3;0;0;3;23;
Reggie Evans;;22:51;2;4;0;0;0;0;3;6;9;3;2;0;4;4;4;
Derrick Williams;;29:06;2;9;0;1;3;4;4;4;8;2;0;0;1;1;7;
Quincy Acy;;8:55;1;1;0;0;2;2;0;0;0;0;1;0;0;2;4;
Jared Cunningham;;11:33;1;6;0;1;0;0;0;2;2;1;1;0;0;1;2;
POR
Nicolas Batum;F;36:37;5;8;1;3;0;0;0;1;1;6;0;1;4;3;11;
LaMarcus Aldridge;F;37:05;9;20;0;0;4;6;2;6;8;2;2;1;1;0;22;
Robin Lopez;C;36:48;4;7;0;0;5;6;2;7;9;0;0;1;0;1;13;
Wesley Matthews;G;37:37;7;12;2;7;3;3;0;4;4;3;0;0;2;4;19;
Damian Lillard;G;37:06;6;11;3;7;4;5;1;4;5;10;0;0;5;3;19;
Thomas Robinson;;13:46;4;5;0;0;0;0;0;9;9;0;0;0;4;3;8;
Earl Watson;;12:02;0;1;0;1;0;0;0;3;3;3;0;0;0;3;0;
Will Barton;;13:13;2;6;0;1;1;2;0;0;0;0;0;1;1;1;5;
Dorell Wright;;15:46;1;5;1;4;0;0;0;4;4;2;2;0;1;1;3;
