11-12;DET-GSW;95-113;
16-35;25-27;30-32;24-19;
DET
Josh Smith;F;18:51;1;6;0;2;0;0;0;0;0;2;1;0;0;1;2;
Greg Monroe;F;30:58;6;15;0;0;3;6;3;2;5;2;2;0;3;2;15;
Andre Drummond;C;28:34;8;10;0;0;0;0;8;6;14;0;3;3;0;3;16;
Chauncey Billups;G;5:40;0;1;0;0;0;0;0;0;0;1;0;0;0;0;0;
Brandon Jennings;G;27:02;5;14;0;4;3;4;1;0;1;2;0;0;3;2;13;
Kyle Singler;;17:32;1;2;0;1;2;2;0;0;0;1;0;0;2;3;4;
Rodney Stuckey;;27:37;2;9;0;2;3;3;0;2;2;2;1;0;1;1;7;
Kentavious Caldwell-Pope;;23:45;4;11;1;3;0;0;1;2;3;1;2;0;0;2;9;
Will Bynum;;20:58;4;8;0;0;6;10;0;4;4;4;3;0;1;3;14;
Tony Mitchell;;12:43;1;2;0;0;1;2;2;1;3;1;0;0;0;2;3;
Gigi Datome;;17:25;4;6;2;4;0;0;1;0;1;0;0;1;2;4;10;
Jonas Jerebko;;8:55;1;3;0;2;0;0;0;1;1;0;0;0;0;2;2;
GSW
Andre Iguodala;F;31:57;2;6;2;3;2;2;1;2;3;11;2;0;3;2;8;
David Lee;F;27:02;6;10;0;0;5;6;2;7;9;2;0;0;1;1;17;
Andrew Bogut;C;24:24;4;7;0;0;0;0;2;7;9;1;1;2;4;3;8;
Klay Thompson;G;26:54;6;9;2;4;0;0;0;2;2;3;0;0;0;2;14;
Stephen Curry;G;29:00;7;10;2;4;9;9;1;1;2;8;1;0;2;4;25;
Jermaine O'Neal;;22:56;7;8;0;0;3;5;2;4;6;0;0;0;4;5;17;
Harrison Barnes;;25:51;4;8;0;1;0;2;0;3;3;1;0;0;3;3;8;
Marreese Speights;;13:50;1;3;0;0;0;0;2;2;4;0;0;0;1;0;2;
Kent Bazemore;;9:00;1;2;1;1;0;0;0;1;1;0;0;0;3;3;3;
Draymond Green;;17:34;2;3;1;2;0;0;0;3;3;2;1;0;1;1;5;
Nemanja Nedovic;;6:17;1;2;0;1;2;2;0;0;0;0;0;0;1;0;4;
Ognjen Kuzmic;;5:15;1;2;0;0;0;0;0;1;1;0;0;1;0;1;2;
