02-01;UTA-LAC;87-102;
21-19;21-23;23-34;22-26;
UTA
Richard Jefferson;F;30:23;6;10;4;6;3;4;1;3;4;1;1;1;2;2;19;
Marvin Williams;F;35:35;3;11;0;5;3;4;1;9;10;5;0;0;0;4;9;
Enes Kanter;C;37:54;10;19;0;0;3;6;8;6;14;1;1;0;3;3;23;
Gordon Hayward;G;41:21;3;13;1;6;8;9;2;1;3;3;3;0;2;3;15;
Trey Burke;G;33:36;2;13;2;8;0;0;1;1;2;5;0;0;1;2;6;
Alec Burks;;16:07;1;8;1;3;1;2;0;1;1;2;0;0;2;3;4;
Rudy Gobert;;19:00;2;2;0;0;1;3;1;3;4;0;0;0;1;6;5;
Diante Garrett;;15:54;1;3;1;1;0;0;1;2;3;1;0;0;0;3;3;
Brandon Rush;;6:55;0;0;0;0;0;0;0;1;1;0;0;0;0;1;0;
Malcolm Thomas;;1:46;0;1;0;0;0;0;0;0;0;0;0;0;0;0;0;
Ian Clark;;1:30;1;1;1;1;0;0;0;0;0;1;0;0;0;0;3;
LAC
Matt Barnes;F;27:54;3;7;0;2;3;6;2;2;4;2;0;1;2;5;9;
Blake Griffin;F;35:25;9;19;0;0;7;12;4;7;11;4;0;0;1;2;25;
DeAndre Jordan;C;34:37;4;6;0;0;2;4;6;8;14;1;1;3;0;5;10;
JJ Redick;G;18:30;1;6;0;1;2;2;1;2;3;0;1;0;1;3;4;
Darren Collison;G;31:58;4;8;1;1;2;2;0;3;3;6;2;0;2;0;11;
Ryan Hollins;;12:13;1;1;0;0;0;0;0;1;1;0;0;1;1;1;2;
Jamal Crawford;;30:49;9;15;1;4;8;9;1;2;3;5;1;0;2;2;27;
Jared Dudley;;19:26;1;4;0;3;0;0;0;2;2;0;0;0;2;1;2;
Hedo Turkoglu;;12:34;3;4;0;0;0;2;0;4;4;5;2;0;0;2;6;
Willie Green;;13:54;2;2;0;0;0;0;0;0;0;2;0;1;0;1;4;
Reggie Bullock;;1:30;1;1;0;0;0;0;0;0;0;0;0;0;0;0;2;
Byron Mullens;;1:11;0;1;0;1;0;0;0;0;0;0;0;0;0;0;0;
