03-04;LAC-PHX;104-96;
24-25;20-30;37-18;23-23;
LAC
Matt Barnes;F;40:03;12;17;4;7;0;0;1;5;6;2;1;1;1;3;28;
Blake Griffin;F;36:32;9;18;0;0;4;8;2;3;5;6;1;1;3;3;22;
DeAndre Jordan;C;38:43;4;8;0;0;2;2;6;11;17;1;1;2;1;3;10;
Darren Collison;G;40:03;6;10;2;4;4;4;0;3;3;5;3;0;2;1;18;
Chris Paul;G;37:30;4;14;0;2;6;8;0;3;3;9;1;0;5;3;14;
Willie Green;;12:37;2;3;1;2;0;0;0;0;0;0;0;0;0;3;5;
Glen Davis;;9:16;0;0;0;0;0;0;0;1;1;1;0;0;2;4;0;
Jared Dudley;;11:26;2;3;0;1;0;0;0;2;2;2;0;0;0;1;4;
Danny Granger;;3:46;0;1;0;1;0;0;0;1;1;0;0;0;1;0;0;
Reggie Bullock;;7:15;1;4;1;3;0;0;0;2;2;0;0;0;0;0;3;
Hedo Turkoglu;;2:49;0;0;0;0;0;0;0;0;0;0;0;1;0;0;0;
PHX
PJ Tucker;F;38:47;8;11;0;1;2;5;1;9;10;2;2;0;0;2;18;
Channing Frye;F;20:27;2;6;0;1;0;0;2;3;5;1;0;0;2;3;4;
Alex Len;C;19:00;3;8;0;0;0;0;2;4;6;0;0;0;1;3;6;
Gerald Green;G;36:28;6;19;4;8;1;1;4;4;8;5;3;0;4;3;17;
Goran Dragic;G;37:52;5;14;1;4;3;4;1;3;4;9;1;0;2;3;14;
Markieff Morris;;23:21;4;9;1;2;0;0;2;2;4;1;0;0;4;6;9;
Leandro Barbosa;;10:52;1;3;0;0;0;0;0;2;2;0;1;0;1;1;2;
Marcus Morris;;20:19;5;9;1;3;1;1;1;1;2;3;0;0;3;0;12;
Shavlik Randolph;;13:52;3;4;0;0;3;4;1;2;3;0;0;0;0;3;9;
Ish Smith;;19:03;2;3;0;0;1;4;2;0;2;1;1;0;1;0;5;
