03-31;SAS-IND;103-77;
25-15;23-20;21-24;34-18;
SAS
Kawhi Leonard;F;36:44;5;9;2;4;1;2;3;8;11;2;1;1;1;1;13;
Tim Duncan;F;30:45;3;10;0;0;3;4;2;4;6;4;1;3;3;3;9;
Tiago Splitter;C;31:42;2;5;0;0;5;6;3;3;6;1;0;0;1;1;9;
Danny Green;G;19:21;2;5;1;3;0;0;0;1;1;1;2;1;0;2;5;
Tony Parker;G;33:43;10;18;0;0;2;2;1;0;1;4;0;0;1;1;22;
Boris Diaw;;25:44;5;8;2;4;2;2;2;2;4;4;0;0;0;4;14;
Manu Ginobili;;16:49;2;6;0;1;2;2;1;1;2;2;2;0;2;3;6;
Marco Belinelli;;20:30;2;7;1;3;2;2;1;3;4;0;2;0;0;2;7;
Patty Mills;;13:16;3;5;2;2;2;2;0;1;1;0;1;0;0;0;10;
Austin Daye;;4:12;0;2;0;0;0;0;0;1;1;0;0;0;0;0;0;
Jeff Ayres;;3:37;2;2;0;0;2;3;2;0;2;0;1;0;0;1;6;
Cory Joseph;;3:37;1;3;0;0;0;0;0;1;1;0;0;0;0;1;2;
IND
Paul George;F;35:49;5;13;1;4;5;8;0;6;6;5;3;0;5;2;16;
David West;F;28:58;2;6;0;0;3;4;2;6;8;2;0;0;3;3;7;
Roy Hibbert;C;33:52;5;13;0;0;5;6;2;5;7;0;0;0;1;3;15;
Lance Stephenson;G;27:30;6;13;3;5;0;0;0;3;3;3;0;0;2;1;15;
George Hill;G;36:37;3;6;1;1;0;0;0;3;3;0;0;1;0;0;7;
Evan Turner;;6:59;0;2;0;0;0;0;0;1;1;0;0;0;0;2;0;
Luis Scola;;15:25;1;6;0;0;0;0;1;0;1;3;1;0;0;3;2;
Rasual Butler;;22:05;2;3;1;2;2;2;0;1;1;0;0;1;1;2;7;
Ian Mahinmi;;10:31;1;1;0;0;0;0;2;0;2;0;0;0;1;3;2;
Donald Sloan;;11:23;1;6;0;2;2;2;0;0;0;1;0;0;0;1;4;
Lavoy Allen;;3:37;0;0;0;0;2;2;0;1;1;0;0;1;0;0;2;
Chris Copeland;;3:37;0;0;0;0;0;0;0;0;0;0;0;0;2;0;0;
Solomon Hill;;3:37;0;0;0;0;0;0;0;1;1;0;0;0;0;2;0;
