01-15;UTA-SAS;105-109;
25-28;20-22;24-31;36-28;
UTA
Richard Jefferson;F;31:54;5;10;2;3;3;5;0;4;4;5;2;0;0;1;15;
Marvin Williams;F;21:02;0;2;0;0;0;0;1;2;3;1;0;0;0;0;0;
Derrick Favors;C;31:42;8;16;0;0;3;5;2;10;12;0;0;0;1;2;19;
Alec Burks;G;38:05;8;17;0;1;4;6;2;3;5;4;0;0;0;6;20;
Trey Burke;G;31:33;7;19;2;3;1;1;1;2;3;11;0;0;2;5;17;
Diante Garrett;;16:26;0;4;0;1;0;0;0;1;1;1;0;0;0;0;0;
Enes Kanter;;26:58;12;15;0;0;1;1;5;6;11;0;2;0;4;2;25;
Jeremy Evans;;16:18;3;5;0;0;0;0;0;2;2;0;0;0;1;1;6;
Brandon Rush;;21:41;1;1;0;0;1;1;0;2;2;1;1;1;0;1;3;
John Lucas III;;4:21;0;0;0;0;0;0;0;0;0;0;1;0;2;2;0;
SAS
Kawhi Leonard;F;33:27;6;12;2;6;1;1;0;7;7;6;3;2;0;3;15;
Tim Duncan;F;23:45;7;10;0;0;1;1;0;8;8;4;0;3;1;1;15;
Jeff Ayres;C;28:38;5;6;0;0;0;0;1;3;4;2;0;0;2;4;10;
Manu Ginobili;G;20:43;4;11;2;4;3;4;1;2;3;3;1;1;1;0;13;
Tony Parker;G;33:46;9;16;0;0;7;8;0;1;1;9;1;0;3;1;25;
Boris Diaw;;24:13;1;3;1;1;0;0;0;2;2;1;0;0;2;1;3;
Marco Belinelli;;31:31;5;12;1;2;4;4;1;6;7;1;0;0;1;2;15;
Patty Mills;;14:07;3;6;0;2;0;0;0;0;0;3;0;0;0;2;6;
Cory Joseph;;10:27;2;2;0;0;0;0;0;1;1;0;1;0;1;1;4;
Aron Baynes;;4:45;0;1;0;0;0;0;0;0;0;0;0;0;0;2;0;
Matt Bonner;;14:39;1;1;1;1;0;0;0;1;1;0;0;0;0;1;3;
