01-05;TOR-MIA;97-102;
29-29;22-23;33-27;13-23;
TOR
Terrence Ross;F;33:34;3;8;2;6;0;0;0;1;1;1;0;1;0;6;8;
Amir Johnson;F;36:58;7;13;0;1;3;5;2;6;8;2;0;3;3;2;17;
Jonas Valanciunas;C;34:56;7;8;0;0;3;4;1;4;5;0;0;1;2;2;17;
Kyle Lowry;G;37:13;5;14;2;8;2;4;0;4;4;9;3;0;1;4;14;
DeMar DeRozan;G;37:59;11;19;1;4;3;4;1;3;4;7;2;0;1;3;26;
John Salmons;;21:04;1;2;1;2;1;2;2;1;3;1;0;0;1;2;4;
Patrick Patterson;;23:54;5;13;1;1;0;2;1;6;7;1;0;2;4;4;11;
Landry Fields;;3:36;0;0;0;0;0;0;0;0;0;1;0;0;0;0;0;
Greivis Vasquez;;10:47;0;0;0;0;0;0;0;2;2;2;0;0;1;0;0;
MIA
LeBron James;F;37:47;12;18;0;0;6;7;1;3;4;5;1;0;1;1;30;
Rashard Lewis;F;11:36;1;2;0;1;0;0;0;0;0;1;0;0;0;4;2;
Chris Bosh;C;33:08;2;9;0;2;4;4;3;8;11;1;0;0;1;3;8;
Dwyane Wade;G;34:40;5;13;0;0;4;4;2;7;9;3;2;1;1;1;14;
Mario Chalmers;G;15:09;2;4;1;1;0;0;0;1;1;1;2;0;2;3;5;
Chris Andersen;;15:53;2;2;0;0;0;0;1;3;4;0;0;0;1;6;4;
Ray Allen;;25:13;1;7;0;4;4;4;1;1;2;3;1;0;1;1;6;
Udonis Haslem;;9:57;3;7;0;0;0;1;3;1;4;0;0;1;0;0;6;
Michael Beasley;;20:20;7;12;0;0;3;5;3;1;4;2;1;0;2;2;17;
Norris Cole;;30:24;2;5;1;1;2;2;0;3;3;1;1;0;1;3;7;
Roger Mason Jr.;;5:53;1;2;1;2;0;0;0;0;0;0;0;0;0;0;3;
