11-08;BKN-WAS;108-112;
33-27;25-26;15-20;26-26;9-13;
BKN
Paul Pierce;F;26:32;1;5;0;3;2;3;0;8;8;3;2;0;3;3;4;
Kevin Garnett;F;23:57;2;11;0;1;0;1;0;6;6;2;2;1;0;5;4;
Brook Lopez;C;37:11;10;14;0;0;3;5;3;2;5;0;0;1;1;3;23;
Joe Johnson;G;34:19;7;15;2;5;0;0;2;5;7;4;1;0;1;1;16;
Deron Williams;G;30:44;5;14;2;6;2;3;0;3;3;3;0;0;6;4;14;
Andray Blatche;;27:03;4;5;0;0;2;4;3;10;13;3;2;0;4;5;10;
Andrei Kirilenko;;12:47;0;2;0;0;6;8;0;2;2;2;2;0;0;0;6;
Shaun Livingston;;22:16;5;7;0;0;2;2;1;2;3;2;0;1;1;1;12;
Jason Terry;;20:52;4;9;2;6;1;1;0;2;2;2;0;0;1;0;11;
Reggie Evans;;14:09;0;0;0;0;2;2;2;0;2;0;0;0;3;2;2;
Alan Anderson;;15:10;3;6;0;3;0;0;0;0;0;2;2;0;1;3;6;
WAS
Trevor Ariza;F;43:36;2;8;1;5;0;0;0;1;1;3;3;0;3;1;5;
Nene;F;34:32;8;12;0;0;4;7;2;6;8;3;1;1;2;4;20;
Marcin Gortat;C;35:24;6;11;0;0;3;5;2;10;12;1;1;2;0;3;15;
Bradley Beal;G;46:27;11;20;3;6;4;4;0;3;3;2;0;0;2;0;29;
John Wall;G;42:43;4;14;1;4;8;8;0;6;6;14;4;0;4;1;17;
Al Harrington;;24:54;5;11;4;6;1;2;0;2;2;1;0;0;2;2;15;
Martell Webster;;15:57;0;1;0;1;0;0;0;0;0;2;0;0;0;4;0;
Kevin Seraphin;;11:03;3;5;0;0;0;0;2;1;3;0;0;1;2;3;6;
Eric Maynor;;10:17;2;6;1;2;0;0;1;0;1;2;1;0;1;0;5;
Garrett Temple;;0:07;0;0;0;0;0;0;0;0;0;0;0;0;0;1;0;
