12-03;DEN-BKN;111-87;
27-29;31-21;31-15;22-22;
DEN
Wilson Chandler;F;26:08;3;8;1;3;0;0;1;5;6;0;0;1;1;3;7;
Kenneth Faried;F;24:35;6;11;0;0;3;6;3;4;7;0;0;0;1;1;15;
JJ Hickson;C;16:08;4;8;0;0;0;2;2;5;7;0;0;0;0;2;8;
Randy Foye;G;20:49;4;9;3;5;0;0;0;2;2;3;2;1;0;1;11;
Ty Lawson;G;26:31;4;8;0;1;5;7;3;0;3;6;0;0;3;1;13;
Timofey Mozgov;;30:37;6;9;0;1;5;5;6;14;20;1;1;2;1;4;17;
Darrell Arthur;;16:35;4;5;0;0;2;2;1;4;5;2;1;0;0;5;10;
Nate Robinson;;19:55;3;9;0;2;3;4;1;0;1;3;0;0;0;1;9;
Andre Miller;;22:17;0;0;0;0;0;0;0;2;2;7;0;0;2;1;0;
Jordan Hamilton;;17:08;6;11;3;6;0;0;0;1;1;1;0;0;0;2;15;
Anthony Randolph;;6:50;2;3;0;0;0;0;0;0;0;0;3;2;1;1;4;
Evan Fournier;;6:28;0;1;0;0;0;0;0;1;1;0;0;0;0;0;0;
Quincy Miller;;5:59;1;3;0;0;0;2;0;1;1;0;0;1;1;1;2;
BKN
Alan Anderson;F;29:55;3;6;1;4;1;2;0;4;4;3;3;1;3;2;8;
Kevin Garnett;F;16:51;1;4;0;0;0;0;0;6;6;1;0;1;0;1;2;
Brook Lopez;C;21:14;3;9;0;0;6;6;1;1;2;1;1;1;1;4;12;
Joe Johnson;G;31:10;8;15;1;6;5;5;1;0;1;1;0;0;1;0;22;
Tyshawn Taylor;G;34:19;4;12;0;0;4;4;0;2;2;2;1;0;2;3;12;
Shaun Livingston;;18:28;1;3;0;0;0;0;1;3;4;4;1;0;1;3;2;
Andray Blatche;;24:04;5;12;0;2;5;9;2;4;6;1;0;0;1;2;15;
Mirza Teletovic;;13:56;0;4;0;3;0;0;1;2;3;0;0;1;0;2;0;
Mason Plumlee;;17:47;2;3;0;0;0;0;1;1;2;0;0;0;0;1;4;
Tornike Shengelia;;17:39;3;6;0;1;1;2;0;2;2;2;1;0;1;1;7;
Reggie Evans;;14:37;0;1;0;0;3;6;4;1;5;0;0;0;1;0;3;
