01-17;POR-SAS;109-100;
27-27;27-22;23-29;32-22;
POR
Nicolas Batum;F;36:40;3;6;1;2;2;3;1;8;9;7;0;1;0;0;9;
LaMarcus Aldridge;F;38:25;11;22;0;0;4;4;1;12;13;1;0;1;2;3;26;
Robin Lopez;C;34:12;4;6;0;0;0;0;1;2;3;0;0;1;3;5;8;
Wesley Matthews;G;33:33;9;14;6;7;0;0;1;5;6;0;1;0;3;3;24;
Damian Lillard;G;37:06;6;16;1;5;8;8;1;4;5;9;1;0;2;1;21;
Mo Williams;;26:25;4;13;0;1;5;5;2;0;2;3;1;0;1;3;13;
Joel Freeland;;13:10;0;2;0;0;0;0;0;5;5;0;0;0;0;3;0;
CJ McCollum;;10:54;2;5;0;1;0;0;0;1;1;1;0;0;0;2;4;
Thomas Robinson;;9:35;2;2;0;0;0;0;1;2;3;0;0;1;0;3;4;
SAS
Kawhi Leonard;F;29:12;3;4;1;2;0;0;2;7;9;2;2;0;0;4;7;
Tim Duncan;F;35:49;6;16;0;0;1;3;1;6;7;3;0;2;3;2;13;
Boris Diaw;C;37:42;6;9;0;1;2;2;0;4;4;2;3;0;1;1;14;
Marco Belinelli;G;36:45;5;11;2;5;2;4;0;2;2;4;1;0;3;1;14;
Tony Parker;G;35:36;5;12;0;1;2;2;1;5;6;4;0;0;1;2;12;
Manu Ginobili;;25:09;9;17;4;5;7;7;1;6;7;5;0;1;1;2;29;
Jeff Ayres;;15:42;1;2;0;0;0;0;1;1;2;0;0;0;1;1;2;
Patty Mills;;17:57;3;11;1;5;2;2;0;1;1;1;1;0;2;3;9;
Matt Bonner;;6:09;0;2;0;1;0;0;1;2;3;0;0;0;0;1;0;
