03-10;WAS-MIA;90-99;
23-31;22-22;28-20;17-26;
WAS
Trevor Ariza;F;30:06;2;11;1;7;1;1;2;3;5;1;2;0;5;4;6;
Trevor Booker;F;21:12;3;8;0;0;0;0;2;2;4;0;0;1;0;1;6;
Marcin Gortat;C;32:32;7;15;0;0;0;1;9;9;18;4;0;1;1;0;14;
Bradley Beal;G;36:23;7;18;3;7;1;1;3;2;5;2;0;0;3;2;18;
John Wall;G;33:55;2;8;2;4;1;2;1;5;6;8;1;0;7;3;7;
Martell Webster;;29:44;5;9;4;8;3;4;0;1;1;0;0;1;0;2;17;
Al Harrington;;19:24;1;5;1;3;0;0;2;0;2;3;0;0;1;1;3;
Drew Gooden;;17:13;7;12;1;2;0;0;2;1;3;0;0;0;0;0;15;
Otto Porter;;3:23;1;1;0;0;0;0;0;1;1;0;0;0;0;0;2;
Andre Miller;;14:43;1;2;0;0;0;0;0;5;5;5;0;0;1;1;2;
Garrett Temple;;1:26;0;0;0;0;0;0;0;0;0;1;0;0;0;0;0;
MIA
LeBron James;F;36:45;10;15;3;4;0;0;2;5;7;8;3;0;3;3;23;
Shane Battier;F;15:51;2;3;2;3;0;0;1;0;1;0;0;2;0;0;6;
Chris Bosh;C;34:10;10;14;2;3;0;0;1;6;7;1;2;1;0;2;22;
Dwyane Wade;G;33:27;8;17;0;0;6;6;2;3;5;6;1;1;3;1;22;
Mario Chalmers;G;29:43;0;7;0;3;0;0;0;1;1;6;1;1;1;1;0;
Ray Allen;;28:31;5;9;3;6;0;0;1;2;3;2;0;0;0;1;13;
Chris Andersen;;18:22;3;5;0;0;3;3;0;3;3;0;0;2;2;1;9;
Norris Cole;;23:18;0;4;0;2;0;0;2;1;3;2;0;0;1;1;0;
Michael Beasley;;14:52;2;6;0;0;0;0;0;1;1;1;1;1;0;1;4;
Udonis Haslem;;5:01;0;0;0;0;0;0;0;2;2;0;0;0;0;0;0;
