02-19;ORL-CLE;93-101;
11-26;25-29;32-17;25-29;
ORL
Tobias Harris;F;38:10;6;14;2;5;5;8;0;7;7;3;2;1;2;2;19;
Glen Davis;F;5:42;0;4;0;0;0;0;1;0;1;0;0;0;0;1;0;
Nikola Vucevic;C;36:49;8;15;0;0;4;6;3;9;12;1;1;0;0;4;20;
Arron Afflalo;G;35:22;7;14;2;4;7;8;1;2;3;3;0;0;0;2;23;
Jameer Nelson;G;31:16;2;11;1;5;0;0;0;4;4;9;2;1;1;4;5;
Maurice Harkless;;9:27;0;2;0;1;1;2;1;0;1;0;0;0;1;2;1;
Kyle O'Quinn;;27:58;5;8;0;0;0;0;2;6;8;0;1;0;2;6;10;
Victor Oladipo;;18:27;2;6;0;2;0;0;0;4;4;4;0;0;0;1;4;
Andrew Nicholson;;15:36;4;9;1;2;0;0;1;2;3;1;0;0;0;2;9;
E'Twaun Moore;;17:44;1;6;0;3;0;0;0;1;1;0;1;0;0;1;2;
Jason Maxiell;;3:29;0;0;0;0;0;0;1;0;1;0;0;0;0;0;0;
CLE
Luol Deng;F;33:07;6;14;1;2;4;4;1;2;3;3;1;0;1;0;17;
Tristan Thompson;F;39:15;5;9;0;0;6;9;1;13;14;0;1;0;3;3;16;
Tyler Zeller;C;30:44;4;5;0;0;8;9;1;5;6;2;0;3;2;4;16;
Kyrie Irving;G;37:56;8;18;3;7;3;4;1;6;7;7;1;0;2;2;22;
Jarrett Jack;G;34:20;3;10;1;2;3;4;0;6;6;6;2;2;1;2;10;
CJ Miles;;15:42;1;5;0;2;2;2;0;1;1;1;1;0;0;3;4;
Anthony Bennett;;16:13;2;8;0;2;3;3;3;6;9;1;0;0;1;1;7;
Matthew Dellavedova;;14:47;2;7;0;4;0;0;1;0;1;2;0;0;0;2;4;
Alonzo Gee;;8:08;0;2;0;1;0;0;0;1;1;0;0;0;1;0;0;
Henry Sims;;9:48;2;2;0;0;1;2;2;1;3;0;0;0;0;3;5;
