04-14;BOS-PHI;108-113;
33-33;17-34;34-19;24-27;
BOS
Jeff Green;F;37:38;10;16;2;4;5;6;0;3;3;1;3;2;1;6;27;
Brandon Bass;F;38:02;3;11;0;0;3;4;4;4;8;2;0;2;1;5;9;
Kelly Olynyk;C;35:17;10;19;2;3;6;7;3;6;9;3;0;0;2;4;28;
Avery Bradley;G;42:25;9;22;2;11;3;4;0;2;2;3;1;0;3;2;23;
Rajon Rondo;G;34:58;4;8;0;0;0;1;3;8;11;14;2;0;4;1;8;
Phil Pressey;;14:48;0;1;0;0;2;2;0;1;1;3;0;0;4;1;2;
Joel Anthony;;13:52;0;1;0;0;0;2;2;0;2;0;0;0;0;2;0;
Chris Johnson;;16:50;3;6;2;4;0;0;0;3;3;0;2;0;2;1;8;
Chris Babb;;6:10;1;2;1;2;0;0;0;1;1;0;0;0;0;1;3;
PHI
Hollis Thompson;F;15:22;1;2;0;1;2;3;0;2;2;0;0;0;0;3;4;
Thaddeus Young;F;35:19;5;16;1;4;4;6;3;4;7;7;2;3;0;3;15;
Henry Sims;C;31:51;6;10;0;0;1;2;1;4;5;3;1;0;2;1;13;
James Anderson;G;27:59;1;8;1;4;3;4;0;6;6;2;0;1;1;1;6;
Michael Carter-Williams;G;34:19;9;13;0;0;3;4;1;13;14;6;4;2;3;3;21;
Elliot Williams;;24:38;4;5;0;0;2;4;0;1;1;1;0;0;0;0;10;
Tony Wroten;;28:18;7;12;0;1;6;7;1;1;2;4;2;0;7;4;20;
Jarvis Varnado;;15:52;1;1;0;0;2;6;0;1;1;1;0;2;0;2;4;
Casper Ware;;13:41;4;6;1;2;0;0;0;1;1;1;0;0;0;1;9;
Brandon Davies;;12:41;5;6;0;0;1;2;3;0;3;0;1;0;1;3;11;
