12-15;HOU-SAC;91-106;
28-28;21-29;22-24;20-25;
HOU
Chandler Parsons;F;40:54;7;15;0;2;5;6;4;3;7;5;2;1;3;4;19;
Terrence Jones;F;14:48;1;3;0;0;0;2;0;5;5;0;0;0;1;1;2;
Dwight Howard;C;30:56;4;7;0;0;5;13;2;8;10;0;1;3;5;4;13;
James Harden;G;33:05;8;18;3;9;6;7;1;2;3;3;1;0;3;3;25;
Patrick Beverley;G;31:04;2;7;0;3;2;2;0;1;1;2;1;0;1;2;6;
Greg Smith;;20:27;3;5;0;0;0;0;2;7;9;0;0;1;1;6;6;
Omri Casspi;;15:15;1;5;1;3;1;2;0;0;0;2;0;0;0;2;4;
Aaron Brooks;;27:19;4;8;2;4;3;4;0;1;1;2;1;0;3;1;13;
Francisco Garcia;;19:40;1;6;1;5;0;0;2;2;4;0;0;0;0;2;3;
Donatas Motiejunas;;5:16;0;1;0;1;0;2;0;2;2;0;0;0;0;1;0;
Ronnie Brewer;;1:16;0;0;0;0;0;0;0;0;0;1;0;0;0;0;0;
SAC
Rudy Gay;F;39:28;10;20;1;3;5;6;1;4;5;4;4;1;4;5;26;
Jason Thompson;F;22:57;4;7;0;0;1;2;1;4;5;0;0;2;2;2;9;
DeMarcus Cousins;C;32:19;7;14;0;0;7;7;0;10;10;5;1;0;4;4;21;
Ben McLemore;G;22:31;1;4;0;2;2;2;1;0;1;0;0;0;2;4;4;
Isaiah Thomas;G;41:45;7;12;1;3;4;5;0;2;2;8;2;0;3;4;19;
Derrick Williams;;23:34;3;10;1;3;4;6;2;4;6;0;1;1;0;0;11;
Travis Outlaw;;30:12;3;7;0;2;2;2;0;7;7;0;0;1;0;2;8;
Quincy Acy;;12:48;2;2;0;0;0;0;1;2;3;0;0;1;0;4;4;
Jimmer Fredette;;4:59;1;2;0;0;0;0;0;2;2;0;0;0;0;0;2;
Marcus Thornton;;6:55;1;3;0;0;0;0;1;1;2;0;0;0;0;0;2;
Ray McCallum;;1:16;0;0;0;0;0;0;0;0;0;0;0;0;0;0;0;
Hamady Ndiaye;;1:16;0;0;0;0;0;0;0;0;0;0;0;0;0;0;0;
