03-07;ATL-GSW;97-111;
31-32;21-34;25-19;20-26;
ATL
DeMarre Carroll;F;27:51;4;7;0;2;1;2;2;3;5;2;1;0;0;1;9;
Paul Millsap;F;24:08;6;14;1;5;3;3;4;3;7;3;0;0;6;2;16;
Elton Brand;C;24:45;4;7;0;0;1;2;2;4;6;3;0;1;0;2;9;
Kyle Korver;G;25:21;3;7;1;5;0;0;0;0;0;2;1;0;0;2;7;
Jeff Teague;G;28:43;3;9;1;3;2;2;0;2;2;6;1;0;3;0;9;
Mike Scott;;23:52;6;14;1;7;1;1;0;3;3;1;1;0;2;3;14;
Shelvin Mack;;20:51;4;8;1;3;0;0;0;3;3;2;2;0;4;3;9;
Pero Antic;;17:27;4;8;2;5;0;0;1;1;2;1;0;0;1;3;10;
Dennis Schroder;;19:17;3;8;1;3;0;0;0;3;3;4;0;0;0;2;7;
Cartier Martin;;17:06;2;4;0;1;3;3;1;2;3;1;0;0;1;0;7;
Mike Muscala;;10:39;0;0;0;0;0;0;0;2;2;1;1;0;0;4;0;
GSW
Andre Iguodala;F;31:17;5;9;1;1;2;2;1;1;2;5;1;0;5;1;13;
David Lee;F;25:19;9;12;0;0;0;2;1;5;6;2;1;0;1;2;18;
Andrew Bogut;C;22:07;5;6;0;0;0;0;3;6;9;3;2;1;2;2;10;
Klay Thompson;G;6:09;2;5;0;0;2;2;1;1;2;0;0;0;0;1;6;
Stephen Curry;G;30:02;5;10;1;4;2;2;0;3;3;7;1;0;0;1;13;
Jordan Crawford;;22:22;4;9;0;2;1;1;0;2;2;2;0;0;2;2;9;
Harrison Barnes;;27:56;2;6;0;3;3;4;2;3;5;1;0;1;1;2;7;
Steve Blake;;26:14;2;5;2;5;0;0;0;3;3;3;3;0;1;1;6;
Jermaine O'Neal;;19:11;5;8;0;0;7;9;3;5;8;0;0;1;1;1;17;
Draymond Green;;24:32;3;7;2;4;0;0;0;4;4;5;4;0;2;3;8;
Marreese Speights;;4:51;1;3;0;0;2;2;0;0;0;0;0;0;1;1;4;
