03-31;SAC-NOP;102-97;
29-22;24-33;27-21;22-21;
SAC
Rudy Gay;F;39:48;7;18;1;3;7;8;3;2;5;5;0;0;3;2;22;
Reggie Evans;F;23:08;1;1;0;0;1;2;2;10;12;0;1;0;3;5;3;
DeMarcus Cousins;C;37:26;13;18;0;0;9;12;3;11;14;3;1;2;3;3;35;
Ben McLemore;G;38:22;5;11;1;4;3;4;2;3;5;1;0;1;4;1;14;
Ray McCallum;G;43:56;9;19;1;2;3;5;0;2;2;10;2;0;1;3;22;
Travis Outlaw;;16:57;1;6;0;2;0;0;0;1;1;1;2;0;0;1;2;
Derrick Williams;;8:58;1;2;0;0;0;0;0;0;0;0;0;0;1;0;2;
Jared Cunningham;;4:13;1;3;0;0;0;0;1;0;1;0;0;0;0;1;2;
Jason Thompson;;9:14;0;2;0;0;0;0;0;2;2;0;0;0;2;2;0;
Quincy Acy;;17:60;0;0;0;0;0;0;4;1;5;0;1;0;1;1;0;
NOP
Al-Farouq Aminu;F;19:09;1;1;0;0;2;2;0;2;2;0;3;0;0;2;4;
Anthony Davis;F;37:41;5;13;0;1;12;14;2;6;8;4;2;4;1;3;22;
Greg Stiemsma;C;13:49;1;1;0;0;2;3;0;0;0;0;0;0;0;4;4;
Tyreke Evans;G;25:35;7;15;0;1;1;2;0;2;2;4;2;0;4;3;15;
Brian Roberts;G;21:53;4;12;1;4;0;0;0;1;1;2;0;0;1;1;9;
Darius Miller;;28:50;3;4;0;0;0;0;0;3;3;1;1;1;1;2;6;
Alexis Ajinca;;8:20;0;3;0;0;0;0;1;0;1;0;0;0;1;4;0;
Austin Rivers;;23:50;2;5;0;0;2;4;0;1;1;9;0;0;3;3;6;
Anthony Morrow;;28:15;9;13;4;6;1;1;0;3;3;1;2;0;0;1;23;
Jeff Withey;;28:06;4;4;0;0;0;0;0;7;7;1;1;5;2;3;8;
Luke Babbitt;;4:32;0;2;0;2;0;0;0;2;2;0;0;0;0;0;0;
