02-01;CLE-HOU;92-106;
23-31;29-30;21-23;19-22;
CLE
Luol Deng;F;36:04;10;19;3;8;1;2;1;3;4;2;2;0;0;3;24;
Tristan Thompson;F;35:22;2;6;0;0;2;2;3;4;7;1;0;0;0;0;6;
Tyler Zeller;C;27:21;2;3;0;0;0;0;0;3;3;2;2;1;1;5;4;
Jarrett Jack;G;30:59;3;9;1;6;0;0;0;0;0;6;0;0;1;2;7;
Kyrie Irving;G;38:50;8;19;2;7;3;3;1;3;4;7;3;0;6;4;21;
Dion Waiters;;26:11;8;14;2;3;1;1;0;2;2;4;0;0;4;2;19;
Henry Sims;;20:36;3;7;0;0;1;2;1;5;6;0;1;2;1;2;7;
Anthony Bennett;;12:41;1;3;0;1;0;0;0;4;4;0;0;1;2;4;2;
CJ Miles;;10:56;1;6;0;4;0;0;0;1;1;0;0;0;1;2;2;
Matthew Dellavedova;;1:00;0;1;0;1;0;0;1;0;1;1;0;0;0;0;0;
HOU
Chandler Parsons;F;19:22;3;7;1;4;0;0;0;0;0;0;0;0;2;0;7;
Terrence Jones;F;34:53;8;14;1;2;0;2;1;6;7;0;0;1;0;0;17;
Dwight Howard;C;35:48;10;12;0;0;6;8;1;5;6;1;1;3;4;2;26;
James Harden;G;36:38;10;17;3;8;5;6;1;2;3;4;0;0;3;2;28;
Patrick Beverley;G;40:54;0;5;0;5;0;0;3;7;10;8;5;1;2;2;0;
Jeremy Lin;;29:11;6;12;1;4;2;2;1;10;11;10;2;1;3;3;15;
Omri Casspi;;17:55;2;6;1;1;4;6;1;2;3;0;0;0;2;1;9;
Donatas Motiejunas;;25:19;2;7;0;2;0;0;2;2;4;1;0;1;1;2;4;
