03-11;DAL-GSW;85-108;
22-29;22-26;13-24;28-29;
DAL
Shawn Marion;F;26:12;0;6;0;1;0;0;2;1;3;2;0;0;1;2;0;
Dirk Nowitzki;F;30:18;4;11;0;1;4;4;0;6;6;1;1;0;0;1;12;
Samuel Dalembert;C;19:31;2;3;0;0;4;6;0;5;5;2;0;0;1;1;8;
Monta Ellis;G;34:52;6;13;1;3;2;4;0;3;3;2;2;1;2;1;15;
Jose Calderon;G;29:36;5;11;2;5;1;1;0;2;2;5;0;0;6;0;13;
DeJuan Blair;;15:21;3;10;0;0;2;4;4;4;8;1;1;0;2;2;8;
Vince Carter;;22:06;3;10;2;5;2;2;0;2;2;0;1;0;1;2;10;
Devin Harris;;6:48;0;1;0;0;1;2;0;0;0;0;0;0;0;0;1;
Brandan Wright;;15:47;3;5;0;0;3;4;2;4;6;1;0;1;1;1;9;
Wayne Ellington;;15:09;2;5;0;2;1;1;1;0;1;0;2;0;0;2;5;
Shane Larkin;;15:42;0;4;0;1;0;0;0;1;1;3;3;0;0;0;0;
Gal Mekel;;4:35;1;2;0;0;0;0;0;1;1;1;0;0;0;2;2;
Bernard James;;4:05;1;1;0;0;0;3;2;0;2;0;0;1;3;2;2;
GSW
Andre Iguodala;F;25:31;2;4;0;2;0;2;2;1;3;5;0;2;1;0;4;
David Lee;F;28:31;3;8;0;0;0;0;2;8;10;1;0;0;1;1;6;
Andrew Bogut;C;30:02;7;9;0;0;1;2;2;8;10;1;0;1;1;5;15;
Klay Thompson;G;23:50;6;10;2;2;0;0;0;3;3;1;1;0;5;4;14;
Stephen Curry;G;22:17;4;12;1;5;1;1;0;2;2;4;3;0;3;1;10;
Steve Blake;;25:46;3;7;3;5;0;0;0;3;3;8;0;0;3;3;9;
Harrison Barnes;;19:48;4;6;1;3;4;4;0;1;1;0;0;1;0;3;13;
Jermaine O'Neal;;15:15;1;5;0;0;4;4;2;5;7;0;0;0;1;1;6;
Draymond Green;;17:35;2;4;2;2;0;0;0;6;6;3;3;0;2;4;6;
Jordan Crawford;;22:16;8;12;3;6;0;0;0;1;1;2;0;0;0;2;19;
Nemanja Nedovic;;4:35;0;1;0;0;2;2;0;0;0;1;0;0;1;0;2;
Marreese Speights;;4:35;1;2;0;0;2;2;0;0;0;0;0;2;1;0;4;
