11-22;CLE-NOP;100-104;
20-21;31-21;20-28;29-34;
CLE
Alonzo Gee;F;27:51;2;5;0;1;0;0;0;5;5;1;1;1;0;2;4;
Tristan Thompson;F;22:46;6;10;0;0;0;0;3;5;8;1;1;0;1;1;12;
Andrew Bynum;C;18:11;3;5;0;0;2;3;1;0;1;4;0;2;1;3;8;
Matthew Dellavedova;G;11:59;0;1;0;1;0;0;0;2;2;1;0;0;1;5;0;
Kyrie Irving;G;32:49;9;22;1;6;3;5;2;3;5;2;3;1;4;1;22;
Jarrett Jack;;32:42;9;13;1;3;0;0;0;1;1;4;0;0;3;1;19;
Dion Waiters;;25:50;5;9;1;4;3;5;0;4;4;2;1;0;4;4;14;
Anderson Varejao;;27:31;1;3;0;0;2;3;0;9;9;0;1;1;1;2;4;
Carrick Felix;;1:38;0;0;0;0;0;0;0;0;0;0;0;0;2;0;0;
Earl Clark;;27:32;4;6;3;5;0;0;0;2;2;0;0;0;1;3;11;
Sergey Karasev;;11:11;2;3;2;3;0;0;0;0;0;0;0;0;1;4;6;
NOP
Al-Farouq Aminu;F;15:54;1;4;0;0;2;4;3;3;6;0;1;0;0;1;4;
Anthony Davis;F;34:38;5;13;0;0;7;8;9;4;13;1;2;3;3;4;17;
Jason Smith;C;25:47;4;10;0;0;3;4;2;4;6;1;1;1;2;4;11;
Eric Gordon;G;35:34;7;16;1;5;4;4;1;3;4;2;0;0;4;1;19;
Jrue Holiday;G;37:49;5;10;1;1;4;5;0;3;3;11;3;1;3;4;15;
Tyreke Evans;;32:24;7;16;1;2;4;4;2;8;10;4;1;0;0;1;19;
Ryan Anderson;;31:27;4;10;3;5;2;2;0;3;3;0;1;1;0;0;13;
Austin Rivers;;10:12;1;3;0;2;0;2;1;1;2;0;0;0;0;2;2;
Anthony Morrow;;12:40;2;6;0;2;0;0;1;0;1;1;2;0;0;2;4;
Lou Amundson;;3:36;0;0;0;0;0;0;0;0;0;0;0;0;0;1;0;
