12-28;DEN-MEM;99-120;
29-27;27-28;16-30;27-35;
DEN
Wilson Chandler;F;33:49;6;14;3;6;4;6;1;3;4;2;0;1;1;3;19;
JJ Hickson;F;33:59;5;9;0;0;0;0;2;4;6;2;1;1;0;3;10;
Timofey Mozgov;C;31:60;1;3;0;0;2;2;1;1;2;1;0;1;1;1;4;
Jordan Hamilton;G;26:08;4;8;2;6;2;2;0;2;2;0;0;1;1;2;12;
Ty Lawson;G;33:17;8;14;0;1;4;4;0;3;3;8;3;0;6;2;20;
Nate Robinson;;17:33;4;8;3;5;0;0;1;1;2;0;0;0;4;3;11;
Kenneth Faried;;12:51;0;3;0;0;3;4;1;1;2;0;0;1;0;0;3;
Anthony Randolph;;10:26;0;2;0;0;2;2;0;0;0;0;1;0;0;1;2;
Andre Miller;;11:05;1;1;0;0;2;3;0;1;1;2;0;2;0;2;4;
Randy Foye;;13:44;3;5;1;3;4;5;0;1;1;2;0;0;1;1;11;
Quincy Miller;;10:49;1;2;1;1;0;0;0;2;2;0;0;0;0;0;3;
Evan Fournier;;4:19;0;1;0;0;0;0;0;0;0;0;0;0;0;0;0;
MEM
Tayshaun Prince;F;24:00;4;7;0;0;1;2;2;3;5;2;1;0;1;0;9;
Zach Randolph;F;30:34;8;15;0;0;4;4;1;5;6;5;1;0;0;2;20;
Kosta Koufos;C;25:54;4;10;0;0;1;1;7;5;12;0;2;1;2;3;9;
Tony Allen;G;26:56;3;10;0;1;0;1;2;3;5;2;1;0;0;2;6;
Mike Conley;G;30:48;5;14;1;5;3;4;3;3;6;4;2;0;2;2;14;
Ed Davis;;22:50;6;8;0;0;5;8;1;0;1;1;1;1;0;4;17;
Jerryd Bayless;;20:46;6;10;2;5;1;2;0;2;2;1;0;0;0;3;15;
Mike Miller;;21:15;4;6;3;5;0;0;0;1;1;4;2;0;1;1;11;
James Johnson;;22:30;5;7;1;2;3;3;3;4;7;6;1;1;0;2;14;
Jon Leuer;;9:03;2;3;1;1;0;0;0;1;1;0;1;0;0;2;5;
Jamaal Franklin;;2:42;0;1;0;0;0;0;0;0;0;0;0;0;1;1;0;
Nick Calathes;;2:42;0;0;0;0;0;0;0;0;0;1;0;0;0;0;0;
