01-22;DAL-TOR;85-93;
34-15;17-31;22-22;12-25;
DAL
Shawn Marion;F;30:54;3;11;0;2;0;0;1;3;4;2;1;0;1;0;6;
Jae Crowder;F;20:59;2;3;1;2;2;2;1;3;4;0;0;1;2;3;7;
Samuel Dalembert;C;17:22;1;3;0;0;2;2;3;4;7;0;1;0;3;4;4;
Monta Ellis;G;37:42;9;18;2;5;1;2;0;1;1;6;0;0;8;3;21;
Jose Calderon;G;34:09;5;11;2;4;1;2;1;3;4;5;0;0;1;2;13;
DeJuan Blair;;17:47;4;5;0;0;0;0;1;6;7;1;0;0;2;2;8;
Vince Carter;;22:11;3;7;1;2;1;1;0;1;1;4;1;0;1;5;8;
Brandan Wright;;25:10;5;7;0;0;3;5;0;3;3;0;1;0;1;2;13;
Shane Larkin;;11:14;1;3;0;1;0;0;0;0;0;1;0;0;1;2;2;
Devin Harris;;14:16;1;3;1;3;0;0;0;1;1;3;1;0;0;1;3;
Wayne Ellington;;7:52;0;2;0;1;0;0;0;1;1;0;0;0;1;0;0;
Ricky Ledo;;0:24;0;0;0;0;0;0;0;0;0;0;0;0;0;0;0;
TOR
Terrence Ross;F;19:14;1;7;1;5;0;0;0;3;3;3;1;0;0;3;3;
Amir Johnson;F;31:20;4;7;1;1;0;0;1;5;6;0;1;0;0;2;9;
Jonas Valanciunas;C;25:40;3;6;0;0;6;8;2;8;10;0;0;0;4;3;12;
DeMar DeRozan;G;37:49;15;22;1;1;9;14;1;2;3;3;1;1;4;1;40;
Kyle Lowry;G;35:01;0;10;0;6;3;4;0;4;4;5;2;0;1;4;3;
John Salmons;;21:51;1;4;1;2;0;0;0;2;2;0;0;0;0;0;3;
Patrick Patterson;;19:04;3;7;0;1;0;0;4;1;5;1;0;0;2;2;6;
Greivis Vasquez;;33:31;5;13;3;7;4;6;0;2;2;7;3;0;2;2;17;
Charles Hayes;;16:30;0;0;0;0;0;0;1;4;5;1;3;0;0;2;0;
