04-14;LAL-UTA;119-104;
23-30;34-21;29-35;33-18;
LAL
Wesley Johnson;F;37:55;3;6;2;3;4;4;2;4;6;4;5;3;1;3;12;
Ryan Kelly;F;32:13;2;9;0;4;0;0;3;2;5;3;0;1;4;2;4;
Jordan Hill;C;23:31;10;13;0;0;1;1;2;4;6;0;0;1;1;3;21;
Jodie Meeks;G;35:11;8;13;2;3;5;6;0;2;2;0;3;0;1;1;23;
Kendall Marshall;G;23:36;1;4;0;1;0;0;0;4;4;15;2;0;3;2;2;
Robert Sacre;;29:05;6;8;0;0;0;0;2;7;9;0;1;1;0;2;12;
Nick Young;;34:05;14;23;6;11;7;9;0;3;3;3;0;0;2;2;41;
Jordan Farmar;;21:59;1;6;0;2;2;2;0;1;1;6;0;0;1;1;4;
MarShon Brooks;;2:25;0;0;0;0;0;0;0;0;0;0;0;0;0;0;0;
UTA
Gordon Hayward;F;35:38;7;13;1;3;6;8;0;6;6;4;0;0;4;1;21;
Derrick Favors;F;29:42;6;10;0;0;0;1;1;4;5;4;1;3;4;5;12;
Enes Kanter;C;37:27;8;12;0;0;3;4;5;7;12;2;1;1;3;1;19;
Alec Burks;G;34:23;8;10;2;2;4;5;0;3;3;2;0;0;2;3;22;
Trey Burke;G;36:46;8;22;1;9;0;0;1;0;1;7;1;0;4;3;17;
Jeremy Evans;;24:01;1;3;0;0;1;2;2;3;5;3;0;0;1;0;3;
Richard Jefferson;;21:09;2;6;1;3;0;0;0;1;1;0;1;0;0;2;5;
Diante Garrett;;13:39;1;3;0;1;0;0;0;1;1;3;1;0;0;1;2;
Rudy Gobert;;2:25;0;1;0;0;0;0;0;2;2;0;0;0;0;0;0;
Ian Clark;;2:25;1;1;1;1;0;0;0;1;1;0;0;0;0;0;3;
Malcolm Thomas;;2:25;0;0;0;0;0;0;0;0;0;0;0;0;0;0;0;
