03-14;LAC-UTA;96-87;
22-33;21-18;34-21;19-15;
LAC
Matt Barnes;F;31:03;6;9;3;6;0;0;0;2;2;3;1;1;4;3;15;
Blake Griffin;F;36:22;7;17;0;1;6;6;1;4;5;5;2;0;2;2;20;
DeAndre Jordan;C;36:28;4;6;0;0;1;3;1;9;10;0;2;1;0;3;9;
Darren Collison;G;41:15;5;15;2;7;2;4;1;0;1;4;2;0;1;1;14;
Chris Paul;G;35:41;8;12;0;1;2;3;0;6;6;7;3;0;2;2;18;
Willie Green;;19:04;4;9;3;6;1;2;0;1;1;1;1;0;1;4;12;
Danny Granger;;16:57;0;4;0;0;0;0;1;4;5;0;0;0;1;0;0;
Glen Davis;;16:27;2;2;0;0;1;2;2;0;2;0;0;1;0;1;5;
Hedo Turkoglu;;6:43;1;2;1;2;0;0;0;0;0;0;1;0;0;0;3;
UTA
Richard Jefferson;F;36:25;6;12;1;4;1;1;0;3;3;1;0;0;0;2;14;
Enes Kanter;F;41:49;5;17;0;0;1;2;3;12;15;0;1;0;2;2;11;
Derrick Favors;C;30:52;7;10;0;0;4;4;4;5;9;1;0;0;1;3;18;
Gordon Hayward;G;36:54;2;8;2;2;1;2;0;3;3;10;2;1;2;3;7;
Trey Burke;G;35:18;7;10;2;3;2;2;0;2;2;4;1;0;3;2;18;
Jeremy Evans;;21:28;3;6;0;0;0;0;0;4;4;0;1;1;0;1;6;
Alec Burks;;22:41;4;12;1;4;1;2;2;1;3;2;2;0;5;3;10;
Diante Garrett;;12:42;1;2;1;1;0;0;0;0;0;0;0;0;1;1;3;
Rudy Gobert;;1:52;0;0;0;0;0;0;0;0;0;0;0;1;2;0;0;
