12-18;SAC-ATL;107-124;
26-28;28-25;33-32;20-39;
SAC
Rudy Gay;F;35:59;8;13;0;0;6;8;1;0;1;3;3;1;3;1;22;
Jason Thompson;F;19:49;2;6;0;0;0;1;2;5;7;0;0;0;0;3;4;
DeMarcus Cousins;C;34:57;10;20;0;0;8;9;3;4;7;6;1;0;4;4;28;
Ben McLemore;G;34:20;5;6;0;0;0;0;0;5;5;1;0;0;1;2;10;
Isaiah Thomas;G;37:42;7;15;3;7;3;3;0;2;2;10;2;0;2;3;20;
Quincy Acy;;20:17;1;3;0;1;0;0;1;3;4;1;0;0;0;2;2;
Derrick Williams;;25:22;3;8;2;4;4;4;0;2;2;3;0;0;1;0;12;
Travis Outlaw;;14:31;0;4;0;1;0;0;0;2;2;0;0;0;0;0;0;
Jimmer Fredette;;9:27;4;8;1;2;0;0;0;2;2;1;0;0;1;1;9;
Aaron Gray;;5:54;0;0;0;0;0;0;0;0;0;0;0;0;1;4;0;
Hamady Ndiaye;;0:51;0;0;0;0;0;0;0;1;1;0;0;0;0;0;0;
Ray McCallum;;0:51;0;1;0;0;0;0;0;0;0;0;0;0;0;0;0;
ATL
DeMarre Carroll;F;34:25;6;9;1;2;2;2;1;2;3;0;3;0;1;2;15;
Paul Millsap;F;28:49;4;10;3;4;3;4;3;5;8;4;1;1;3;1;14;
Al Horford;C;30:52;12;19;0;0;1;2;3;7;10;5;1;4;4;3;25;
Kyle Korver;G;36:23;10;15;8;10;0;0;0;4;4;2;1;0;0;3;28;
Jeff Teague;G;31:24;6;11;1;2;5;6;1;7;8;15;0;0;6;3;18;
Elton Brand;;12:16;2;2;0;0;2;2;0;2;2;0;0;0;0;5;6;
Lou Williams;;20:26;1;5;0;2;0;0;0;1;1;3;0;0;0;0;2;
John Jenkins;;3:55;0;0;0;0;0;0;0;2;2;0;0;0;1;1;0;
Shelvin Mack;;16:42;2;4;0;2;2;2;0;3;3;6;1;0;1;0;6;
Mike Scott;;19:11;4;5;2;2;0;0;1;1;2;3;0;1;0;1;10;
Pero Antic;;5:39;0;1;0;1;0;0;0;1;1;0;0;0;0;2;0;
