12-14;LAL-CHA;88-85;
22-23;22-20;20-25;24-17;
LAL
Wesley Johnson;F;35:37;3;8;3;6;0;0;0;4;4;2;1;1;0;0;9;
Jordan Hill;F;30:59;5;7;0;0;5;6;4;5;9;1;0;0;1;0;15;
Pau Gasol;C;32:14;6;18;0;0;3;3;0;7;7;3;1;4;6;3;15;
Jodie Meeks;G;22:56;1;4;0;1;0;0;1;1;2;0;1;0;0;1;2;
Kobe Bryant;G;32:14;8;15;2;5;3;3;0;7;7;8;0;0;7;1;21;
Shawne Williams;;16:55;2;4;1;2;0;0;0;5;5;2;0;1;1;2;5;
Xavier Henry;;20:59;1;6;0;2;2;2;0;1;1;2;0;1;0;0;4;
Nick Young;;32:20;2;10;1;4;8;9;2;1;3;1;0;1;0;1;13;
Robert Sacre;;15:46;2;5;0;0;0;0;1;1;2;0;1;0;0;3;4;
CHA
Jeff Taylor;F;27:32;3;13;0;4;1;2;2;3;5;0;3;1;0;2;7;
Josh McRoberts;F;29:41;3;5;0;1;0;0;0;7;7;5;2;1;3;3;6;
Al Jefferson;C;33:56;7;18;0;0;0;0;3;6;9;4;1;2;0;1;14;
Gerald Henderson;G;33:33;6;13;0;0;1;2;1;5;6;0;1;2;0;1;13;
Kemba Walker;G;35:08;10;13;2;4;2;2;2;1;3;8;1;0;2;2;24;
Ramon Sessions;;22:48;1;7;0;1;0;0;1;2;3;3;1;0;3;1;2;
Cody Zeller;;18:19;1;5;0;0;1;2;2;4;6;1;0;0;1;2;3;
Bismack Biyombo;;14:04;3;4;0;0;0;0;1;4;5;0;0;2;2;2;6;
Ben Gordon;;24:59;5;11;0;3;0;0;0;2;2;1;1;1;2;2;10;
