11-11;DET-POR;103-109;
30-34;25-24;23-25;25-26;
DET
Josh Smith;F;35:48;4;9;1;3;2;3;1;2;3;2;1;0;1;1;11;
Greg Monroe;F;36:55;9;17;0;0;1;1;4;4;8;2;0;0;0;4;19;
Andre Drummond;C;42:27;8;9;0;0;0;2;7;9;16;2;2;1;0;1;16;
Chauncey Billups;G;14:14;2;5;0;0;0;0;0;1;1;0;0;0;1;1;4;
Brandon Jennings;G;31:38;11;24;1;4;5;5;1;3;4;5;3;0;2;2;28;
Rodney Stuckey;;33:46;4;15;1;3;4;6;3;1;4;3;2;1;1;1;13;
Kyle Singler;;23:25;0;2;0;2;2;2;1;3;4;0;0;0;0;1;2;
Will Bynum;;16:22;3;7;0;0;2;2;1;1;2;6;2;0;3;2;8;
Charlie Villanueva;;5:25;1;3;0;2;0;0;0;0;0;0;0;0;0;0;2;
POR
Nicolas Batum;F;30:53;5;11;1;5;1;2;2;1;3;8;1;0;2;3;12;
LaMarcus Aldridge;F;36:55;8;19;0;1;2;2;1;11;12;4;1;1;2;2;18;
Robin Lopez;C;32:58;7;10;0;0;3;3;4;6;10;1;1;0;2;1;17;
Wesley Matthews;G;29:37;1;3;1;3;0;0;1;0;1;1;2;0;0;0;3;
Damian Lillard;G;35:00;7;16;5;8;6;6;0;5;5;4;0;1;2;3;25;
Joel Freeland;;19:08;3;5;0;0;0;0;4;2;6;1;0;0;1;2;6;
Mo Williams;;31:41;7;9;1;1;2;2;1;2;3;4;1;0;5;3;17;
Dorell Wright;;18:43;4;7;3;5;0;0;0;4;4;0;0;0;0;1;11;
Thomas Robinson;;5:05;0;2;0;0;0;0;0;0;0;0;1;0;1;1;0;
