01-02;ORL-CLE;81-87;
23-19;16-22;23-16;17-22;2-8;
ORL
Tobias Harris;F;28:07;5;11;0;3;0;0;0;5;5;1;1;2;1;1;10;
Glen Davis;F;42:30;6;19;0;0;4;8;2;11;13;1;1;2;2;6;16;
Jason Maxiell;C;42:46;1;6;0;0;4;6;1;5;6;2;2;3;3;3;6;
Arron Afflalo;G;39:16;5;15;2;5;0;0;0;6;6;5;0;0;2;1;12;
Jameer Nelson;G;43:04;5;9;4;8;0;0;0;6;6;9;0;0;2;3;14;
Andrew Nicholson;;20:02;5;11;0;3;2;2;3;3;6;0;0;1;1;2;12;
E'Twaun Moore;;13:35;1;2;1;2;0;2;0;1;1;2;0;0;0;1;3;
Victor Oladipo;;25:44;3;9;0;4;0;0;1;3;4;1;0;2;3;2;6;
Maurice Harkless;;9:56;1;2;0;0;0;0;1;1;2;0;1;2;0;1;2;
CLE
Earl Clark;F;19:51;2;10;0;5;0;0;1;1;2;2;2;2;2;0;4;
Tristan Thompson;F;40:39;6;13;0;0;4;8;3;7;10;2;0;0;1;2;16;
Anderson Varejao;C;39:24;8;17;0;0;2;4;8;17;25;3;0;1;1;3;18;
CJ Miles;G;27:58;4;8;3;5;3;3;0;2;2;1;0;1;0;4;14;
Jarrett Jack;G;42:02;5;16;1;2;3;3;1;6;7;7;0;0;1;3;14;
Dion Waiters;;38:45;6;20;0;3;5;6;1;3;4;3;0;0;1;0;17;
Tyler Zeller;;14:13;0;0;0;0;0;0;1;4;5;0;0;1;1;1;0;
Matthew Dellavedova;;21:29;1;5;0;3;0;0;1;0;1;2;2;0;2;3;2;
Anthony Bennett;;11:14;0;4;0;1;0;0;1;2;3;1;1;0;2;3;0;
Alonzo Gee;;9:25;1;3;0;0;0;0;0;0;0;1;1;0;1;2;2;
