12-30;PHX-LAC;107-88;
30-24;31-16;27-19;19-29;
PHX
PJ Tucker;F;23:33;3;6;1;1;5;6;1;6;7;3;0;0;0;1;12;
Channing Frye;F;20:58;4;10;4;7;0;0;1;2;3;3;2;2;0;1;12;
Miles Plumlee;C;20:52;3;5;0;0;0;2;2;5;7;1;0;3;2;3;6;
Goran Dragic;G;31:48;10;15;1;3;5;6;0;1;1;8;5;0;3;3;26;
Eric Bledsoe;G;31:06;3;10;0;1;1;4;0;3;3;4;2;0;2;3;7;
Markieff Morris;;29:43;5;10;0;1;1;3;5;7;12;3;1;1;3;3;11;
Gerald Green;;27:36;8;14;5;10;0;0;0;2;2;0;2;2;0;2;21;
Archie Goodwin;;17:36;0;2;0;1;0;0;1;2;3;1;1;0;1;2;0;
Marcus Morris;;21:56;0;6;0;5;1;1;0;7;7;1;3;1;3;1;1;
Ish Smith;;5:39;1;2;0;0;0;0;0;0;0;2;1;0;0;1;2;
Dionte Christmas;;5:39;3;4;1;2;0;0;0;0;0;0;0;0;0;0;7;
Viacheslav Kravtsov;;3:34;1;1;0;0;0;0;0;0;0;0;0;0;2;0;2;
LAC
Jared Dudley;F;23:21;3;5;0;0;3;3;2;2;4;2;0;0;2;3;9;
Blake Griffin;F;28:28;5;15;0;0;5;7;2;3;5;1;1;0;4;4;15;
DeAndre Jordan;C;32:36;1;2;0;0;0;2;6;13;19;0;0;2;1;3;2;
Jamal Crawford;G;30:50;4;13;2;5;5;7;1;0;1;0;1;1;1;2;15;
Chris Paul;G;29:56;5;14;0;0;1;2;0;4;4;7;2;0;4;2;11;
Matt Barnes;;26:27;5;10;3;7;0;0;0;4;4;0;0;1;2;3;13;
Darren Collison;;30:21;3;10;0;1;5;5;2;0;2;6;0;0;2;2;11;
Willie Green;;19:26;3;7;1;3;0;0;1;5;6;0;2;0;3;2;7;
Stephen Jackson;;14:00;2;8;1;4;0;0;0;2;2;1;1;0;1;2;5;
Byron Mullens;;4:35;0;1;0;0;0;0;0;1;1;0;1;0;0;0;0;
