11-24;PHX-ORL;104-96;
31-21;22-23;27-28;24-24;
PHX
PJ Tucker;F;29:13;3;7;1;1;0;0;3;3;6;3;0;1;1;2;7;
Channing Frye;F;33:06;6;15;2;9;0;1;1;6;7;1;1;2;2;3;14;
Miles Plumlee;C;26:16;4;10;0;0;0;0;2;5;7;0;2;2;1;2;8;
Gerald Green;G;34:46;8;15;4;9;0;0;1;7;8;2;2;0;3;2;20;
Goran Dragic;G;33:30;10;17;2;5;1;2;0;1;1;13;0;0;0;1;23;
Markieff Morris;;28:31;6;11;0;2;0;0;1;5;6;2;0;1;1;2;12;
Marcus Morris;;26:54;7;13;2;2;0;0;2;5;7;2;0;1;1;1;16;
Ish Smith;;14:30;2;6;0;1;0;0;0;1;1;2;0;2;0;1;4;
Archie Goodwin;;13:14;0;1;0;0;0;0;0;1;1;0;0;0;0;0;0;
ORL
Arron Afflalo;F;35:56;6;14;0;2;4;4;1;6;7;6;0;0;3;1;16;
Maurice Harkless;F;14:50;2;4;1;2;0;0;0;2;2;0;0;2;1;3;5;
Nikola Vucevic;C;33:36;10;16;0;0;0;0;2;8;10;0;0;1;1;0;20;
Victor Oladipo;G;39:30;3;12;0;4;0;2;0;5;5;5;2;1;4;3;6;
Jameer Nelson;G;38:46;6;13;1;4;2;2;1;2;3;9;0;0;1;2;15;
Andrew Nicholson;;25:47;5;8;3;4;6;6;2;6;8;0;0;0;0;1;19;
Glen Davis;;21:47;3;7;0;0;0;0;1;3;4;4;2;1;1;3;6;
E'Twaun Moore;;13:44;1;2;1;2;0;0;0;1;1;0;0;0;0;0;3;
Tobias Harris;;16:04;3;8;0;3;0;0;0;1;1;0;0;0;1;2;6;
