04-16;DAL-MEM;105-106;
24-29;29-22;20-24;20-18;12-13;
DAL
Shawn Marion;F;32:20;4;8;1;3;0;0;3;2;5;1;1;0;0;1;9;
Dirk Nowitzki;F;45:55;12;22;3;9;3;3;0;5;5;2;0;4;2;1;30;
Samuel Dalembert;C;11:28;1;2;0;0;0;0;1;2;3;0;0;0;2;5;2;
Monta Ellis;G;41:40;8;21;2;4;0;0;1;5;6;4;2;0;2;0;18;
Jose Calderon;G;27:26;4;8;1;5;0;0;1;1;2;5;0;0;1;3;9;
DeJuan Blair;;16:51;2;5;0;0;4;4;5;2;7;0;2;0;0;2;8;
Vince Carter;;26:24;4;11;1;4;0;2;0;2;2;0;2;0;2;4;9;
Devin Harris;;25:34;4;8;0;3;2;2;0;3;3;10;2;0;4;2;10;
Brandan Wright;;24:41;5;5;0;0;0;0;2;1;3;0;0;0;0;4;10;
Jae Crowder;;12:41;0;2;0;2;0;0;2;1;3;0;2;0;0;1;0;
MEM
Tayshaun Prince;F;25:22;2;7;0;0;0;0;2;3;5;2;0;0;0;0;4;
Zach Randolph;F;46:03;11;22;0;0;5;6;9;5;14;1;1;0;3;5;27;
Marc Gasol;C;46:02;9;13;0;1;1;4;1;8;9;9;2;1;0;2;19;
Courtney Lee;G;35:15;3;10;2;8;3;3;0;1;1;3;0;0;2;1;11;
Mike Conley;G;41:39;8;16;1;5;5;7;0;4;4;5;2;0;3;4;22;
Nick Calathes;;11:15;1;2;1;1;0;0;1;0;1;1;1;0;1;0;3;
Tony Allen;;22:48;6;11;0;1;1;5;4;3;7;2;1;0;3;2;13;
Ed Davis;;12:10;2;2;0;0;0;0;2;2;4;0;0;0;2;1;4;
Mike Miller;;24:26;1;5;1;4;0;0;1;2;3;2;0;0;3;1;3;
