11-06;WAS-PHI;116-102;
39-27;21-24;29-25;27-26;
WAS
Trevor Ariza;F;34:52;5;10;3;4;2;2;0;6;6;3;3;0;2;2;15;
Nene;F;29:19;4;10;0;0;2;2;2;3;5;2;1;2;1;4;10;
Marcin Gortat;C;38:14;8;12;0;0;3;3;5;7;12;2;1;1;1;3;19;
Bradley Beal;G;38:44;7;20;3;9;0;2;1;4;5;8;3;1;2;3;17;
John Wall;G;35:49;8;16;5;8;3;4;0;3;3;9;1;1;2;4;24;
Al Harrington;;16:53;4;9;2;4;0;1;0;2;2;1;0;0;2;2;10;
Martell Webster;;25:42;4;10;4;7;2;2;0;4;4;3;1;0;0;0;14;
Kevin Seraphin;;8:16;1;4;0;0;0;0;1;1;2;1;0;0;1;2;2;
Eric Maynor;;12:11;2;7;1;1;0;0;1;0;1;3;0;0;0;0;5;
PHI
Evan Turner;F;38:22;9;13;1;2;5;6;2;5;7;4;1;0;1;1;24;
Thaddeus Young;F;34:05;3;11;0;1;1;2;3;3;6;2;1;0;2;1;7;
Spencer Hawes;C;38:35;9;16;2;4;3;4;2;11;13;5;1;2;6;3;23;
James Anderson;G;32:41;5;10;2;4;1;1;0;4;4;0;0;0;1;2;13;
Michael Carter-Williams;G;36:39;8;21;1;4;2;4;2;3;5;7;2;1;2;1;19;
Lavoy Allen;;16:47;1;1;0;0;1;2;1;6;7;0;0;0;2;2;3;
Tony Wroten;;18:01;1;6;0;3;0;0;0;3;3;3;0;0;2;1;2;
Darius Morris;;13:44;2;3;0;0;0;1;0;1;1;4;0;0;3;2;4;
Daniel Orton;;6:33;1;2;0;0;3;3;0;3;3;0;0;0;1;2;5;
Hollis Thompson;;4:33;0;0;0;0;2;3;1;0;1;1;0;0;0;0;2;
