03-06;OKC-PHX;122-128;
41-32;24-29;33-40;24-27;
OKC
Kevin Durant;F;43:55;12;24;3;9;7;7;0;7;7;5;0;0;4;2;34;
Serge Ibaka;F;37:27;7;11;0;0;4;4;1;4;5;2;1;3;1;4;18;
Steven Adams;C;11:21;0;0;0;0;0;0;0;1;1;0;0;0;0;2;0;
Perry Jones;G;10:30;0;2;0;1;0;0;0;0;0;0;0;0;0;3;0;
Russell Westbrook;G;30:28;13;22;4;9;6;6;2;7;9;9;4;0;3;1;36;
Andre Roberson;;13:25;0;0;0;0;0;0;1;1;2;1;0;1;0;3;0;
Caron Butler;;29:16;4;11;4;8;2;2;0;1;1;1;0;0;0;4;14;
Reggie Jackson;;17:32;2;8;0;1;0;0;1;2;3;3;0;0;1;2;4;
Nick Collison;;10:33;2;2;0;0;0;0;2;2;4;0;0;0;0;3;4;
Derek Fisher;;22:23;2;4;1;2;0;0;0;1;1;0;1;0;0;0;5;
Jeremy Lamb;;13:10;3;6;1;3;0;0;0;0;0;0;1;0;0;3;7;
PHX
PJ Tucker;F;42:37;2;3;1;2;2;2;2;7;9;4;2;0;1;4;7;
Channing Frye;F;23:10;4;8;1;3;2;2;3;2;5;2;0;1;2;0;11;
Alex Len;C;11:11;2;3;0;0;2;3;3;0;3;0;0;0;0;5;6;
Gerald Green;G;40:44;12;22;8;13;9;11;0;5;5;2;3;1;3;3;41;
Goran Dragic;G;34:59;8;18;2;4;4;7;0;2;2;4;0;0;2;3;22;
Markieff Morris;;29:54;8;13;0;1;8;10;1;5;6;3;1;0;3;5;24;
Marcus Morris;;28:43;5;7;3;4;2;2;0;3;3;2;0;0;0;2;15;
Archie Goodwin;;3:28;0;0;0;0;0;0;0;0;0;0;0;0;0;0;0;
Ish Smith;;19:51;1;5;0;0;0;0;1;7;8;4;0;0;1;1;2;
Shavlik Randolph;;5:23;0;1;0;0;0;2;1;2;3;0;0;0;2;1;0;
