12-02;ORL-WAS;80-98;
22-22;19-30;20-23;19-23;
ORL
Arron Afflalo;F;31:14;10;16;0;1;1;1;0;5;5;2;0;0;3;0;21;
Glen Davis;F;20:39;1;8;0;0;0;0;2;0;2;1;0;0;2;4;2;
Nikola Vucevic;C;26:11;5;11;0;0;0;0;3;5;8;2;1;0;5;2;10;
Victor Oladipo;G;26:20;4;12;0;3;5;6;0;6;6;2;0;0;1;2;13;
E'Twaun Moore;G;28:12;1;8;0;3;4;4;1;2;3;0;2;0;1;4;6;
Andrew Nicholson;;22:55;0;2;0;1;4;4;1;4;5;0;1;0;1;2;4;
Ronnie Price;;21:26;1;4;1;2;2;2;1;1;2;4;3;0;0;0;5;
Maurice Harkless;;28:35;7;13;1;4;1;2;0;4;4;1;2;2;2;4;16;
Jason Maxiell;;9:49;0;0;0;0;0;0;0;1;1;0;0;1;0;2;0;
Doron Lamb;;8:13;1;2;1;1;0;0;0;1;1;0;0;0;0;0;3;
Solomon Jones;;8:13;0;1;0;0;0;0;0;0;0;0;0;0;0;2;0;
Kyle O'Quinn;;8:13;0;0;0;0;0;0;1;2;3;2;0;1;1;2;0;
WAS
Martell Webster;F;34:25;2;6;1;2;0;0;0;4;4;0;0;0;0;3;5;
Nene;F;30:50;5;12;0;0;4;5;0;6;6;1;1;3;2;3;14;
Marcin Gortat;C;28:52;4;7;0;0;5;6;0;5;5;1;0;0;1;1;13;
Trevor Ariza;G;30:52;8;9;4;4;4;4;1;5;6;2;1;0;3;1;24;
John Wall;G;29:24;5;14;2;4;4;4;1;3;4;13;1;0;3;1;16;
Jan Vesely;;18:55;0;3;0;0;2;6;3;2;5;0;1;1;1;5;2;
Chris Singleton;;24:24;4;7;1;2;2;2;0;6;6;0;0;0;3;4;11;
Eric Maynor;;18:36;1;4;0;0;0;0;0;0;0;3;0;0;1;2;2;
Trevor Booker;;14:23;3;6;0;0;0;0;2;3;5;1;1;0;2;0;6;
Glen Rice Jr.;;4:34;1;3;1;1;2;2;0;1;1;0;0;0;1;0;5;
Kevin Seraphin;;3:00;0;1;0;0;0;0;0;0;0;0;0;0;0;1;0;
Garrett Temple;;1:45;0;1;0;0;0;0;0;0;0;0;0;0;0;1;0;
