02-07;POR-IND;113-118;
28-16;22-29;27-26;26-32;10-15;
POR
Nicolas Batum;F;44:48;1;8;0;3;2;2;2;4;6;4;2;2;4;2;4;
LaMarcus Aldridge;F;40:12;9;24;0;0;4;5;2;7;9;1;0;1;2;6;22;
Robin Lopez;C;40:13;8;15;0;1;1;2;5;9;14;1;0;0;1;1;17;
Wesley Matthews;G;39:14;7;22;2;8;3;3;0;2;2;1;1;0;0;1;19;
Damian Lillard;G;44:48;15;26;4;7;4;5;0;3;3;11;0;0;3;5;38;
CJ McCollum;;12:03;4;4;1;1;0;0;0;1;1;1;0;0;1;2;9;
Earl Watson;;12:12;1;1;0;0;0;0;1;2;3;1;0;0;2;5;2;
Joel Freeland;;17:36;0;2;0;0;0;0;0;5;5;1;0;1;0;2;0;
Thomas Robinson;;7:31;0;2;0;0;0;0;1;0;1;0;0;0;0;3;0;
Dorell Wright;;6:23;0;0;0;0;2;3;2;1;3;0;0;1;0;0;2;
IND
Paul George;F;46:46;5;23;1;6;6;6;2;4;6;7;2;0;3;3;17;
David West;F;39:59;13;16;0;0;4;6;1;9;10;1;1;2;3;3;30;
Roy Hibbert;C;39:18;2;8;0;0;0;0;3;3;6;2;1;2;1;2;4;
Danny Granger;G;40:10;3;10;0;1;1;1;1;5;6;3;0;2;1;1;7;
George Hill;G;38:19;12;19;2;4;11;12;2;7;9;8;2;1;1;4;37;
CJ Watson;;14:55;1;5;0;0;3;4;0;1;1;1;1;1;2;2;5;
Rasual Butler;;19:17;3;4;2;2;2;2;1;1;2;0;1;0;0;1;10;
Luis Scola;;13:01;3;7;0;0;1;2;1;1;2;0;1;0;1;1;7;
Ian Mahinmi;;13:15;0;0;0;0;1;2;0;4;4;0;1;1;0;3;1;
