01-20;LAC-DET;112-103;
26-28;38-25;30-25;18-25;
LAC
Matt Barnes;F;26:46;4;8;2;4;0;0;1;4;5;2;2;0;2;3;10;
Blake Griffin;F;32:49;9;16;0;2;7;12;3;2;5;5;1;0;4;3;25;
DeAndre Jordan;C;40:04;8;11;0;0;0;6;9;12;21;1;0;4;0;3;16;
JJ Redick;G;36:29;5;9;3;5;7;9;0;0;0;6;0;0;2;2;20;
Darren Collison;G;30:60;0;6;0;2;4;4;0;1;1;6;3;1;4;1;4;
Jamal Crawford;;27:04;9;13;3;5;5;6;1;2;3;4;0;0;3;0;26;
Jared Dudley;;18:03;3;3;1;1;0;0;1;0;1;2;1;0;1;1;7;
Darius Morris;;5:06;0;0;0;0;0;0;0;1;1;0;0;0;0;3;0;
Ryan Hollins;;7:57;2;2;0;0;0;0;0;1;1;0;0;1;1;2;4;
Hedo Turkoglu;;14:43;0;4;0;2;0;0;0;6;6;1;0;1;1;1;0;
DET
Josh Smith;F;42:03;12;22;0;3;0;3;0;6;6;0;1;0;1;2;24;
Greg Monroe;F;29:40;1;3;0;0;4;4;1;2;3;3;2;0;3;2;6;
Andre Drummond;C;34:13;5;6;0;0;5;8;3;8;11;0;2;2;2;4;15;
Kentavious Caldwell-Pope;G;20:12;2;4;0;1;2;2;0;1;1;2;3;0;0;5;6;
Brandon Jennings;G;28:19;0;7;0;3;0;0;0;0;0;6;0;0;1;5;0;
Rodney Stuckey;;34:25;11;20;1;2;6;7;1;3;4;4;0;1;2;3;29;
Kyle Singler;;28:31;3;10;0;3;2;2;2;2;4;1;2;0;1;1;8;
Will Bynum;;17:02;5;6;0;1;1;1;0;0;0;1;0;1;2;3;11;
Josh Harrellson;;5:22;1;1;1;1;1;2;1;0;1;0;0;0;0;2;4;
Jonas Jerebko;;0:13;0;0;0;0;0;0;0;0;0;0;0;0;0;1;0;
