12-07;BKN-MIL;90-82;
20-18;19-22;26-19;25-23;
BKN
Alan Anderson;F;37:47;5;11;2;6;1;2;1;3;4;1;0;0;1;4;13;
Kevin Garnett;F;25:40;2;9;0;0;2;2;1;7;8;1;1;2;0;4;6;
Brook Lopez;C;40:07;11;13;0;0;10;11;2;5;7;4;0;2;2;5;32;
Joe Johnson;G;42:37;6;14;2;8;1;2;0;4;4;5;1;0;1;2;15;
Shaun Livingston;G;34:58;2;6;0;1;0;0;1;2;3;3;1;1;0;0;4;
Andray Blatche;;19:41;4;12;0;1;3;4;3;5;8;1;1;0;2;3;11;
Tyshawn Taylor;;13:02;1;2;0;0;0;0;0;0;0;0;2;1;1;0;2;
Reggie Evans;;10:32;2;2;0;0;0;2;1;1;2;0;0;0;1;2;4;
Mirza Teletovic;;15:36;1;5;1;2;0;0;2;3;5;1;0;0;0;1;3;
MIL
Khris Middleton;F;37:29;3;9;1;4;2;2;0;6;6;2;0;0;1;1;9;
Ekpe Udoh;F;25:49;0;1;0;0;0;2;1;1;2;0;1;1;0;5;0;
John Henson;C;33:38;8;15;0;1;2;6;2;5;7;3;0;1;1;3;18;
O.J. Mayo;G;34:50;7;16;2;5;6;6;0;4;4;5;0;0;2;2;22;
Brandon Knight;G;37:06;3;12;2;5;2;2;3;3;6;3;1;0;3;2;10;
Giannis Antetokounmpo;;14:08;1;3;0;2;1;2;0;2;2;1;1;1;1;1;3;
Ersan Ilyasova;;29:22;2;6;0;1;0;0;1;4;5;2;0;0;1;2;4;
Nate Wolters;;10:54;1;3;0;0;0;0;0;1;1;2;0;0;1;0;2;
Gary Neal;;7:15;2;3;2;2;0;0;0;1;1;1;0;0;0;1;6;
Miroslav Raduljica;;9:29;3;5;0;0;2;2;1;1;2;1;0;0;1;2;8;
