11-13;CHA-BOS;89-83;
27-21;24-22;20-21;18-19;
CHA
Michael Kidd-Gilchrist;F;27:39;3;6;0;0;0;0;0;3;3;1;1;0;2;6;6;
Anthony Tolliver;F;25:38;3;7;3;6;2;2;0;1;1;1;1;1;1;3;11;
Al Jefferson;C;32:59;8;17;0;0;6;6;2;9;11;3;0;2;1;3;22;
Gerald Henderson;G;34:36;5;14;0;0;3;5;3;6;9;5;1;0;2;2;13;
Kemba Walker;G;34:07;1;13;0;3;1;2;2;7;9;2;3;0;2;1;3;
Jeff Taylor;;29:23;4;8;0;1;4;4;0;1;1;1;0;0;0;2;12;
Cody Zeller;;22:22;2;7;0;0;4;4;4;5;9;2;2;1;3;1;8;
Bismack Biyombo;;15:01;2;3;0;0;0;0;1;3;4;0;0;1;0;2;4;
Ramon Sessions;;18:15;2;7;0;2;6;7;0;3;3;1;0;0;0;0;10;
BOS
Jeff Green;F;31:58;7;13;1;5;4;7;0;1;1;0;0;0;1;3;19;
Brandon Bass;F;27:05;2;9;0;0;3;3;1;7;8;2;0;1;0;4;7;
Kelly Olynyk;C;33:17;1;4;0;2;4;4;3;8;11;4;0;0;4;4;6;
Avery Bradley;G;22:55;3;8;1;2;0;0;0;3;3;0;1;0;1;5;7;
Jordan Crawford;G;35:22;6;15;0;2;4;5;1;4;5;6;2;0;2;3;16;
Gerald Wallace;;32:13;4;7;2;3;0;0;2;6;8;2;2;0;2;1;10;
Vitor Faverani;;22:02;2;8;1;2;2;4;3;6;9;1;0;1;3;3;7;
Courtney Lee;;14:17;4;8;2;4;0;0;0;0;0;0;0;0;1;2;10;
Phil Pressey;;11:04;0;4;0;1;0;0;0;0;0;0;0;0;1;1;0;
Kris Humphries;;9:47;0;1;0;0;1;2;0;0;0;0;0;0;0;0;1;
