10-29;ORL-IND;87-97;
18-23;26-17;20-29;23-28;
ORL
Jason Maxiell;F;26:19;0;5;0;0;0;0;1;4;5;0;1;2;2;2;0;
Maurice Harkless;F;23:30;6;13;2;2;0;1;1;0;1;0;1;0;0;4;14;
Nikola Vucevic;C;30:39;4;11;0;0;0;0;5;5;10;3;2;1;5;4;8;
Arron Afflalo;G;32:59;3;14;1;5;2;3;1;2;3;1;0;0;1;1;9;
Jameer Nelson;G;30:34;4;13;3;7;1;1;1;4;5;7;2;0;2;1;12;
Victor Oladipo;;22:35;4;11;1;2;3;5;1;2;3;2;1;0;3;2;12;
Andrew Nicholson;;19:17;8;10;2;2;0;0;1;3;4;0;1;0;1;4;18;
E'Twaun Moore;;25:45;3;6;0;1;0;0;1;0;1;1;2;0;2;2;6;
Kyle O'Quinn;;14:23;3;7;0;0;0;0;0;4;4;0;0;3;1;2;6;
Ronnie Price;;8:37;1;2;0;0;0;0;0;1;1;3;0;0;0;2;2;
Solomon Jones;;5:22;0;1;0;0;0;0;1;1;2;0;0;0;0;2;0;
IND
Paul George;F;36:05;8;16;3;6;5;7;1;5;6;5;1;3;4;0;24;
David West;F;30:43;4;11;0;0;5;5;0;5;5;3;2;5;5;2;13;
Roy Hibbert;C;26:54;3;6;0;0;2;4;6;10;16;0;1;7;3;0;8;
Lance Stephenson;G;35:38;8;12;2;3;1;2;2;5;7;5;0;1;1;2;19;
George Hill;G;29:04;2;8;0;2;3;4;0;2;2;0;0;0;1;0;7;
Orlando Johnson;;15:12;3;4;1;2;2;2;0;1;1;0;0;0;1;1;9;
Luis Scola;;20:43;4;7;0;0;0;0;0;1;1;1;0;0;1;2;8;
CJ Watson;;19:54;2;5;1;4;0;2;0;2;2;3;0;0;1;0;5;
Solomon Hill;;8:07;0;1;0;0;0;0;0;1;1;0;0;0;1;1;0;
Ian Mahinmi;;16:42;0;1;0;0;4;6;1;2;3;0;0;2;2;5;4;
Rasual Butler;;0:58;0;0;0;0;0;0;0;0;0;0;0;0;0;0;0;
