02-01;TOR-POR;103-106;
19-31;21-26;34-26;29-23;
TOR
Terrence Ross;F;26:23;3;12;0;4;2;2;0;3;3;0;0;0;1;4;8;
Amir Johnson;F;15:30;1;2;0;1;0;0;1;3;4;0;0;0;1;4;2;
Jonas Valanciunas;C;30:53;8;11;0;0;2;5;2;3;5;0;0;0;1;5;18;
DeMar DeRozan;G;41:04;14;29;2;4;6;9;1;3;4;12;0;1;3;3;36;
Kyle Lowry;G;43:47;7;15;3;7;6;7;0;5;5;8;2;0;2;5;23;
John Salmons;;22:45;0;3;0;1;0;0;0;1;1;1;0;0;1;0;0;
Patrick Patterson;;27:22;6;10;1;1;0;0;3;6;9;3;0;1;1;4;13;
Tyler Hansbrough;;4:20;0;1;0;0;1;2;0;1;1;0;0;0;1;2;1;
Steve Novak;;10:22;0;1;0;1;0;0;0;1;1;0;0;1;0;0;0;
Charles Hayes;;13:21;1;3;0;1;0;0;2;1;3;2;0;0;0;2;2;
Julyan Stone;;4:13;0;0;0;0;0;0;0;2;2;1;0;0;1;1;0;
POR
Nicolas Batum;F;34:37;5;10;1;4;7;8;2;3;5;4;1;1;4;1;18;
LaMarcus Aldridge;F;36:24;8;22;0;1;11;14;2;13;15;1;2;0;4;2;27;
Robin Lopez;C;28:40;4;8;0;0;0;0;3;4;7;1;0;2;1;4;8;
Wesley Matthews;G;33:35;7;11;5;7;2;2;0;0;0;3;1;0;2;5;21;
Damian Lillard;G;37:07;8;15;1;4;4;5;0;6;6;7;1;0;0;2;21;
Joel Freeland;;19:20;1;2;0;0;2;2;2;3;5;0;0;0;1;4;4;
Mo Williams;;18:23;1;4;1;1;0;0;0;0;0;4;0;0;0;3;3;
CJ McCollum;;14:07;1;3;0;1;2;2;0;1;1;0;0;0;1;1;4;
Thomas Robinson;;11:36;0;1;0;0;0;2;2;1;3;0;0;0;1;1;0;
Dorell Wright;;6:11;0;0;0;0;0;0;0;0;0;0;0;0;0;1;0;
