11-03;PHX-OKC;96-103;
24-21;21-23;25-23;26-36;
PHX
PJ Tucker;F;39:14;2;5;2;4;0;0;1;4;5;2;0;0;2;4;6;
Channing Frye;F;33:44;7;14;3;8;2;2;0;5;5;0;1;2;2;4;19;
Miles Plumlee;C;23:45;0;2;0;0;0;0;3;2;5;0;0;1;3;3;0;
Goran Dragic;G;19:54;5;9;0;1;0;0;0;3;3;2;1;0;1;1;10;
Eric Bledsoe;G;40:02;7;17;2;8;10;12;2;5;7;14;3;0;8;3;26;
Markieff Morris;;18:55;2;8;0;1;2;2;2;1;3;1;0;0;0;1;6;
Marcus Morris;;17:58;1;6;1;3;0;0;1;3;4;0;2;0;3;3;3;
Gerald Green;;33:14;7;14;5;10;2;2;1;7;8;2;1;0;4;4;21;
Viacheslav Kravtsov;;4:34;0;1;0;0;1;2;1;0;1;0;0;0;0;0;1;
Ish Smith;;2:50;0;2;0;0;0;0;0;0;0;0;2;0;0;0;0;
Dionte Christmas;;5:50;1;2;1;2;1;2;1;1;2;0;1;0;0;0;4;
OKC
Kevin Durant;F;39:42;10;19;2;5;11;13;1;9;10;1;2;0;3;1;33;
Serge Ibaka;F;24:52;4;12;0;1;1;1;4;6;10;0;0;0;1;3;9;
Kendrick Perkins;C;16:03;1;3;0;0;1;2;0;1;1;1;1;0;1;2;3;
Thabo Sefolosha;G;23:32;1;5;0;3;0;0;0;1;1;1;0;0;0;2;2;
Russell Westbrook;G;32:45;5;16;0;2;11;14;1;3;4;7;1;0;4;3;21;
Jeremy Lamb;;15:53;3;5;0;2;2;2;0;2;2;1;0;1;0;3;8;
Reggie Jackson;;27:46;5;12;0;4;0;0;0;4;4;5;1;1;2;1;10;
Nick Collison;;20:34;1;2;0;0;2;2;0;1;1;2;1;0;3;3;4;
Derek Fisher;;20:04;3;4;0;1;3;3;0;2;2;1;2;0;0;2;9;
Perry Jones;;10:02;1;1;0;0;0;0;0;2;2;1;0;1;0;0;2;
Steven Adams;;8:47;1;3;0;0;0;0;4;0;4;0;0;1;1;2;2;
