11-15;MIL-IND;77-104;
21-31;16-21;24-23;16-29;
MIL
Khris Middleton;F;30:51;5;13;1;3;0;0;2;5;7;1;1;1;3;2;11;
Zaza Pachulia;F;24:42;2;14;0;0;0;0;9;2;11;1;0;0;0;0;4;
Ekpe Udoh;C;14:38;1;3;0;0;0;0;0;1;1;0;0;0;2;5;2;
O.J. Mayo;G;30:06;7;17;3;5;3;3;1;2;3;1;0;0;0;3;20;
Nate Wolters;G;33:36;4;11;0;2;0;0;0;2;2;5;2;2;2;1;8;
John Henson;;28:48;3;8;0;0;2;2;2;6;8;1;0;3;1;2;8;
Gary Neal;;26:20;4;12;3;5;0;0;0;0;0;3;0;0;5;4;11;
Miroslav Raduljica;;18:13;0;2;0;0;4;6;2;4;6;1;0;2;0;3;4;
Luke Ridnour;;21:00;2;6;0;0;0;0;0;0;0;1;0;1;1;0;4;
Giannis Antetokounmpo;;11:46;2;2;1;1;0;0;1;1;2;0;0;1;1;4;5;
IND
Paul George;F;29:33;10;18;2;8;0;0;0;2;2;1;2;0;1;3;22;
David West;F;23:50;2;3;0;0;3;4;0;7;7;0;0;1;1;3;7;
Roy Hibbert;C;30:53;8;10;0;0;8;8;3;7;10;1;0;8;5;3;24;
Lance Stephenson;G;24:17;4;10;0;1;3;4;1;3;4;1;1;0;2;1;11;
George Hill;G;32:49;4;13;1;3;0;0;1;1;2;5;0;2;1;2;9;
Solomon Hill;;18:56;0;2;0;2;2;2;0;3;3;1;1;0;0;2;2;
Luis Scola;;21:18;3;7;0;0;2;2;2;5;7;3;0;0;0;3;8;
CJ Watson;;25:20;3;3;0;0;0;0;0;4;4;1;0;0;0;0;6;
Ian Mahinmi;;17:07;1;3;0;0;0;0;1;2;3;0;1;0;2;2;2;
Orlando Johnson;;10:14;3;5;0;0;1;1;1;1;2;1;0;0;1;0;7;
Chris Copeland;;2:52;2;4;2;2;0;0;0;0;0;0;0;0;0;1;6;
Donald Sloan;;2:52;0;1;0;0;0;0;0;0;0;0;0;0;0;0;0;
