10-30;LAL-GSW;94-125;
16-26;24-33;23-37;31-29;
LAL
Nick Young;F;19:43;2;9;1;2;1;1;0;2;2;1;0;0;0;4;6;
Shawne Williams;F;11:31;0;1;0;0;0;0;2;0;2;0;0;0;0;2;0;
Pau Gasol;C;23:03;5;10;0;0;2;2;2;5;7;3;0;1;3;1;12;
Jodie Meeks;G;22:16;4;8;1;3;5;6;1;2;3;0;0;0;2;0;14;
Steve Blake;G;31:40;4;13;2;3;0;0;0;3;3;4;2;0;2;1;10;
Chris Kaman;;17:43;5;9;0;0;1;2;2;2;4;0;0;0;0;1;11;
Wesley Johnson;;24:57;4;11;3;6;0;0;0;3;3;3;2;2;1;5;11;
Xavier Henry;;35:31;4;11;0;1;6;9;0;4;4;1;0;0;4;5;14;
Jordan Farmar;;25:35;5;13;1;3;1;1;0;3;3;5;0;0;3;1;12;
Jordan Hill;;12:49;1;2;0;0;0;0;2;5;7;1;0;0;0;2;2;
Elias Harris;;7:36;0;1;0;0;0;0;0;0;0;1;1;0;0;0;0;
Robert Sacre;;7:36;1;1;0;0;0;0;0;1;1;0;0;1;1;0;2;
GSW
Andre Iguodala;F;27:49;3;7;1;3;0;0;0;4;4;4;2;1;2;1;7;
David Lee;F;26:34;8;13;0;0;8;9;3;5;8;5;0;1;4;3;24;
Andrew Bogut;C;17:59;1;2;0;0;0;0;1;7;8;4;2;2;0;4;2;
Klay Thompson;G;31:04;15;19;5;7;3;4;1;2;3;1;0;0;1;3;38;
Stephen Curry;G;23:57;4;10;2;5;0;0;0;4;4;6;1;0;1;4;10;
Jermaine O'Neal;;19:50;2;5;0;0;3;4;0;1;1;1;1;2;1;1;7;
Draymond Green;;18:59;3;4;1;1;0;0;0;7;7;2;0;2;0;1;7;
Marreese Speights;;19:45;2;10;1;2;2;2;1;7;8;3;1;0;0;2;7;
Toney Douglas;;24:29;5;8;3;6;0;0;1;3;4;4;0;0;2;1;13;
Kent Bazemore;;12:13;2;5;2;2;1;2;0;1;1;4;1;0;1;0;7;
Ognjen Kuzmic;;9:45;1;2;0;0;1;2;0;0;0;0;0;1;3;2;3;
Nemanja Nedovic;;7:36;0;1;0;1;0;0;0;0;0;0;0;0;0;0;0;
