11-09;ORL-ATL;94-104;
22-28;23-18;26-26;23-32;
ORL
Maurice Harkless;F;27:48;3;5;0;1;0;0;1;4;5;0;2;0;1;2;6;
Jason Maxiell;F;22:27;6;11;0;0;0;0;2;2;4;0;0;0;2;5;12;
Nikola Vucevic;C;33:43;3;10;0;0;1;2;1;5;6;4;1;0;1;4;7;
Arron Afflalo;G;36:33;8;16;3;6;2;4;0;3;3;7;2;0;4;3;21;
Jameer Nelson;G;31:29;4;9;3;6;2;2;0;3;3;6;0;0;4;1;13;
Andrew Nicholson;;25:31;5;9;0;1;3;5;1;5;6;1;1;0;2;4;13;
Kyle O'Quinn;;14:19;4;6;0;0;0;0;1;2;3;0;1;1;0;2;8;
Victor Oladipo;;20:07;2;8;1;2;0;2;1;2;3;2;1;1;3;1;5;
Ronnie Price;;3:23;1;3;0;0;0;0;1;0;1;0;0;0;0;1;2;
E'Twaun Moore;;24:40;2;5;1;1;2;3;1;1;2;2;1;0;0;1;7;
ATL
DeMarre Carroll;F;31:49;5;5;2;2;0;2;1;6;7;1;0;0;5;1;12;
Paul Millsap;F;34:04;8;16;0;1;2;4;2;9;11;4;4;2;0;2;18;
Al Horford;C;29:45;7;14;0;0;1;2;1;6;7;7;1;4;0;3;15;
Kyle Korver;G;39:36;6;10;2;5;0;0;2;6;8;5;1;0;2;2;14;
Jeff Teague;G;40:16;6;15;1;2;6;6;1;0;1;13;1;0;2;1;19;
Pero Antic;;18:15;1;4;0;3;0;0;0;1;1;2;0;0;0;4;2;
Cartier Martin;;21:57;3;7;0;3;1;1;0;2;2;2;2;0;0;0;7;
Mike Scott;;13:57;7;11;1;2;2;2;0;2;2;1;0;0;2;2;17;
Dennis Schroder;;9:58;0;8;0;1;0;0;0;0;0;1;0;0;1;0;0;
Shelvin Mack;;0:24;0;0;0;0;0;0;0;0;0;0;0;0;0;0;0;
