01-01;IND-TOR;82-95;
18-26;26-14;19-26;19-29;
IND
Paul George;F;36:30;5;14;0;3;2;2;0;8;8;3;1;1;6;5;12;
David West;F;31:25;3;9;0;1;3;4;1;6;7;2;1;0;2;2;9;
Roy Hibbert;C;21:18;6;10;0;0;4;5;2;1;3;0;0;1;4;6;16;
Lance Stephenson;G;34:20;4;9;0;1;0;1;1;5;6;4;0;0;3;3;8;
George Hill;G;31:06;2;6;2;4;0;0;0;1;1;2;0;0;2;4;6;
Danny Granger;;22:38;4;7;1;2;2;2;0;2;2;3;1;0;1;1;11;
Luis Scola;;20:24;3;10;0;0;1;2;1;3;4;1;1;0;2;2;7;
Ian Mahinmi;;21:37;2;2;0;0;1;4;2;1;3;0;3;1;1;4;5;
CJ Watson;;16:54;3;7;2;3;0;0;0;1;1;1;1;0;1;0;8;
Orlando Johnson;;1:16;0;0;0;0;0;0;0;0;0;0;0;0;0;0;0;
Rasual Butler;;1:16;0;0;0;0;0;0;0;1;1;0;0;0;0;0;0;
Donald Sloan;;1:16;0;0;0;0;0;0;0;0;0;0;0;0;0;0;0;
TOR
Terrence Ross;F;38:13;6;12;2;5;4;4;1;3;4;2;3;0;3;4;18;
Amir Johnson;F;32:15;3;5;0;0;0;0;1;4;5;1;0;2;2;1;6;
Jonas Valanciunas;C;31:23;5;10;0;0;3;4;4;5;9;2;1;1;1;4;13;
DeMar DeRozan;G;39:04;9;24;0;1;8;9;2;7;9;3;3;0;3;1;26;
Kyle Lowry;G;33:33;4;9;1;4;4;4;0;4;4;14;2;1;1;3;13;
John Salmons;;18:43;2;6;1;4;0;0;0;0;0;2;0;0;2;2;5;
Patrick Patterson;;16:27;1;4;1;1;0;0;0;2;2;1;2;0;2;1;3;
Tyler Hansbrough;;15:55;2;2;0;0;1;2;1;5;6;0;1;0;2;2;5;
Greivis Vasquez;;14:27;2;6;2;4;0;0;0;0;0;2;0;0;1;0;6;
