01-21;POR-OKC;97-105;
27-21;25-30;23-26;22-28;
POR
Nicolas Batum;F;35:25;1;4;1;2;0;0;2;3;5;2;2;2;2;2;3;
LaMarcus Aldridge;F;37:01;12;26;0;0;5;8;5;11;16;2;0;0;3;0;29;
Robin Lopez;C;33:25;5;10;0;0;0;0;3;7;10;2;0;1;0;1;10;
Wesley Matthews;G;35:10;7;15;4;8;3;4;1;3;4;4;1;0;1;0;21;
Damian Lillard;G;35:24;6;15;0;5;2;4;0;2;2;4;1;1;0;1;14;
Mo Williams;;26:20;6;10;1;2;0;0;1;1;2;9;0;0;3;3;13;
Joel Freeland;;13:47;1;2;0;0;0;0;1;1;2;0;0;0;0;4;2;
CJ McCollum;;12:36;2;3;1;2;0;0;0;0;0;0;0;0;0;1;5;
Thomas Robinson;;10:52;0;1;0;0;0;0;0;4;4;0;0;1;0;0;0;
OKC
Kevin Durant;F;37:45;17;25;6;7;6;7;0;5;5;4;0;0;4;2;46;
Serge Ibaka;F;31:30;4;15;0;0;2;2;1;4;5;0;0;5;1;2;10;
Kendrick Perkins;C;27:01;2;4;0;0;0;0;3;5;8;2;1;1;1;4;4;
Thabo Sefolosha;G;30:34;2;3;1;1;0;0;0;2;2;0;0;1;0;0;5;
Reggie Jackson;G;38:22;7;18;1;2;0;0;2;5;7;5;0;0;1;1;15;
Nick Collison;;19:13;1;2;0;0;0;0;5;2;7;1;0;0;0;2;2;
Jeremy Lamb;;20:30;4;10;0;2;1;4;2;2;4;1;1;0;0;0;9;
Steven Adams;;17:19;2;3;0;0;0;0;2;4;6;1;0;1;0;2;4;
Derek Fisher;;17:46;3;7;2;3;2;4;0;1;1;2;1;0;0;1;10;
