11-22;CHI-POR;95-98;
32-22;27-22;12-34;24-20;
CHI
Luol Deng;F;42:53;6;17;0;2;3;3;6;8;14;0;1;0;3;1;15;
Carlos Boozer;F;24:33;6;10;0;0;4;4;2;5;7;0;0;0;4;2;16;
Joakim Noah;C;27:02;3;6;0;0;1;2;0;2;2;3;1;1;2;3;7;
Mike Dunleavy;G;31:33;3;6;2;4;3;3;1;2;3;1;1;0;0;2;11;
Derrick Rose;G;27:31;6;19;2;5;6;7;1;4;5;3;2;0;4;0;20;
Kirk Hinrich;;33:38;4;12;1;3;4;4;1;6;7;3;1;0;0;4;13;
Taj Gibson;;26:22;3;10;0;0;2;2;2;3;5;0;0;0;1;2;8;
Marquis Teague;;8:29;1;2;0;0;2;2;0;0;0;1;0;0;0;1;4;
Nazr Mohammed;;17:59;0;1;0;0;1;2;4;5;9;0;2;0;0;2;1;
POR
Nicolas Batum;F;39:05;5;12;3;7;4;4;0;8;8;3;5;1;2;2;17;
LaMarcus Aldridge;F;40:26;4;20;0;0;4;4;2;4;6;4;3;1;2;1;12;
Robin Lopez;C;35:51;6;10;0;0;1;2;8;8;16;0;0;1;2;1;13;
Wesley Matthews;G;36:36;12;19;4;8;0;0;0;2;2;1;2;0;2;1;28;
Damian Lillard;G;34:59;6;14;3;5;5;5;0;2;2;6;1;0;2;5;20;
Mo Williams;;20:43;3;7;2;3;0;0;0;1;1;4;0;0;0;3;8;
Dorell Wright;;12:50;0;4;0;3;0;0;0;1;1;3;0;0;0;0;0;
Joel Freeland;;14:22;0;0;0;0;0;0;0;2;2;0;0;0;1;3;0;
Thomas Robinson;;5:08;0;2;0;0;0;0;0;1;1;0;0;0;1;2;0;
