04-16;HOU-NOP;100-105;
30-28;20-25;28-27;22-25;
HOU
Omri Casspi;F;28:39;4;10;1;2;0;0;1;7;8;1;0;0;0;1;9;
Terrence Jones;F;26:26;7;11;0;0;3;6;5;3;8;4;0;0;1;1;17;
Dwight Howard;C;25:31;1;5;0;1;5;7;0;4;4;4;0;3;3;3;7;
Troy Daniels;G;43:55;8;16;6;11;0;0;0;1;1;5;0;0;1;4;22;
Patrick Beverley;G;22:09;4;6;2;3;4;5;0;2;2;2;0;0;4;0;14;
Jordan Hamilton;;27:03;5;10;4;7;0;0;0;1;1;3;1;0;1;2;14;
Isaiah Canaan;;25:51;1;6;0;3;0;2;0;1;1;4;1;0;0;2;2;
Donatas Motiejunas;;16:59;3;9;1;1;4;4;7;3;10;0;1;0;3;1;11;
Josh Powell;;19:22;2;6;0;0;0;0;0;5;5;0;0;1;1;1;4;
Robert Covington;;4:05;0;2;0;2;0;0;0;1;1;0;0;0;0;1;0;
NOP
Darius Miller;F;34:16;4;7;1;1;0;0;2;1;3;1;2;0;0;1;9;
Jeff Withey;F;19:56;3;5;0;0;0;0;1;5;6;1;1;5;1;4;6;
Alexis Ajinca;C;23:13;5;7;0;0;1;2;1;3;4;2;1;3;1;4;11;
Tyreke Evans;G;35:14;11;20;1;1;2;4;2;4;6;10;0;1;2;2;25;
Austin Rivers;G;43:58;6;11;2;3;4;5;0;5;5;8;3;0;3;2;18;
Melvin Ely;;17:26;2;3;0;0;0;0;0;0;0;0;0;1;0;4;4;
Anthony Morrow;;27:03;6;14;1;4;2;3;1;2;3;1;2;0;0;0;15;
Brian Roberts;;4:02;0;0;0;0;3;4;0;1;1;1;0;0;0;1;3;
Luke Babbitt;;17:27;3;10;1;3;1;2;2;6;8;0;1;0;1;0;8;
Al-Farouq Aminu;;17:25;3;5;0;0;0;0;2;4;6;0;0;0;0;0;6;
