02-09;SAC-WAS;84-93;
24-28;21-29;19-18;20-18;
SAC
Rudy Gay;F;32:17;2;11;0;2;1;2;2;2;4;4;0;1;4;2;5;
Jason Thompson;F;29:58;3;4;0;0;0;2;2;7;9;1;0;0;1;5;6;
DeMarcus Cousins;C;38:35;3;16;0;1;8;9;6;6;12;2;2;2;4;3;14;
Marcus Thornton;G;22:44;2;7;2;4;0;0;0;1;1;0;0;0;1;2;6;
Isaiah Thomas;G;43:12;11;24;0;1;8;8;2;1;3;8;3;0;4;2;30;
Quincy Acy;;15:15;1;2;0;0;0;0;1;6;7;1;3;0;1;1;2;
Derrick Williams;;19:46;2;2;0;0;2;2;0;2;2;0;0;0;1;0;6;
Ben McLemore;;25:16;5;12;0;2;1;1;2;4;6;1;1;0;1;1;11;
Jimmer Fredette;;4:48;0;1;0;1;2;2;0;0;0;0;0;0;1;1;2;
Carl Landry;;2:53;0;0;0;0;0;0;0;2;2;0;0;0;0;2;0;
Aaron Gray;;5:17;0;3;0;0;2;2;2;1;3;0;0;0;0;0;2;
WAS
Trevor Ariza;F;37:41;2;11;1;4;3;5;2;3;5;2;4;1;1;2;8;
Nene;F;34:55;6;13;0;0;6;7;2;3;5;5;2;3;1;3;18;
Marcin Gortat;C;33:07;6;10;0;0;5;5;2;6;8;1;0;0;2;3;17;
Bradley Beal;G;34:01;6;10;4;5;0;0;0;6;6;5;1;0;2;2;16;
John Wall;G;36:17;5;13;1;4;1;2;0;2;2;4;1;1;5;2;12;
Martell Webster;;24:18;3;10;2;8;0;0;0;2;2;0;0;2;0;1;8;
Kevin Seraphin;;22:50;5;9;0;0;0;0;4;4;8;0;0;0;2;3;10;
Trevor Booker;;4:48;0;0;0;0;0;0;0;0;0;0;0;0;0;1;0;
Garrett Temple;;12:03;1;3;0;0;2;3;0;2;2;3;1;1;1;1;4;
