01-16;BKN-ATL;127-110;
31-27;34-26;34-21;28-36;
BKN
Joe Johnson;F;30:24;11;15;6;8;1;1;2;2;4;5;0;0;2;1;29;
Paul Pierce;F;26:52;8;16;2;4;0;0;0;3;3;6;1;0;3;3;18;
Kevin Garnett;C;18:18;6;8;0;0;0;0;0;3;3;2;0;1;0;2;12;
Alan Anderson;G;27:02;5;9;4;6;1;1;0;1;1;4;1;1;3;5;15;
Shaun Livingston;G;22:05;3;6;0;0;0;0;2;3;5;1;2;0;1;3;6;
Andray Blatche;;27:04;10;18;0;1;0;1;6;8;14;6;1;1;5;2;20;
Andrei Kirilenko;;21:21;1;1;0;0;2;2;2;2;4;3;0;1;2;0;4;
Jason Terry;;25:55;2;7;1;5;0;0;0;1;1;7;1;0;0;1;5;
Mirza Teletovic;;22:19;3;4;3;3;0;0;0;5;5;1;0;0;0;3;9;
Tornike Shengelia;;8:01;1;1;0;0;0;0;0;0;0;3;0;0;0;0;2;
Tyshawn Taylor;;8:01;2;5;0;0;0;0;0;0;0;0;1;0;1;1;4;
Mason Plumlee;;2:38;1;1;0;0;1;2;0;0;0;0;0;0;0;0;3;
ATL
Kyle Korver;F;28:47;1;9;1;8;0;0;0;0;0;4;0;1;1;0;3;
Paul Millsap;F;29:03;5;14;0;2;3;3;2;1;3;1;3;1;2;1;13;
Pero Antic;C;22:54;4;5;1;2;2;2;0;5;5;1;1;0;2;2;11;
Lou Williams;G;25:05;3;7;1;2;2;2;0;4;4;4;1;0;2;1;9;
Jeff Teague;G;27:27;4;13;0;3;8;8;1;1;2;2;1;0;2;3;16;
Elton Brand;;21:30;3;3;0;0;1;1;0;4;4;0;0;4;0;1;7;
Shelvin Mack;;21:57;6;9;3;3;2;2;0;2;2;7;2;0;2;2;17;
Mike Scott;;28:12;6;9;1;3;4;4;2;2;4;4;0;0;0;1;17;
Dennis Schroder;;19:03;4;7;0;0;0;0;0;1;1;2;2;0;3;0;8;
Gustavo Ayon;;8:01;2;2;0;0;0;0;2;1;3;0;0;0;1;1;4;
James Nunnally;;8:01;2;3;1;2;0;0;0;0;0;1;0;1;0;0;5;
