03-19;ORL-PHX;93-109;
25-25;27-27;24-30;17-27;
ORL
Maurice Harkless;F;32:14;0;2;0;0;1;2;0;2;2;0;1;1;0;1;1;
Kyle O'Quinn;F;31:37;2;9;0;0;2;3;4;7;11;4;2;1;4;1;6;
Nikola Vucevic;C;9:28;4;7;0;0;0;1;2;1;3;0;0;0;1;1;8;
Arron Afflalo;G;38:35;6;10;3;4;5;5;0;3;3;1;0;0;2;2;20;
Victor Oladipo;G;37:01;6;18;1;6;1;2;0;3;3;9;2;0;6;2;14;
Tobias Harris;;32:21;7;13;1;2;8;11;2;7;9;3;0;0;1;2;23;
Andrew Nicholson;;13:37;3;7;1;1;2;2;1;3;4;0;0;0;1;4;9;
E'Twaun Moore;;20:24;0;7;0;0;0;0;3;2;5;0;2;0;1;0;0;
Ronnie Price;;9:27;1;3;0;0;2;2;0;0;0;1;1;0;2;1;4;
Dewayne Dedmon;;8:57;2;3;0;0;2;2;0;0;0;0;1;1;1;0;6;
Doron Lamb;;6:19;1;1;0;0;0;0;1;2;3;0;0;0;0;1;2;
PHX
PJ Tucker;F;25:21;4;7;0;2;0;0;0;4;4;1;2;0;1;3;8;
Channing Frye;F;21:39;5;10;2;5;0;0;0;5;5;1;0;3;2;1;12;
Miles Plumlee;C;20:23;5;10;0;0;0;0;6;3;9;0;0;2;2;2;10;
Goran Dragic;G;33:42;8;13;2;3;0;0;0;1;1;6;2;0;1;2;18;
Eric Bledsoe;G;24:26;3;11;1;3;0;0;1;6;7;6;3;0;2;1;7;
Markieff Morris;;25:13;4;8;0;1;4;5;1;4;5;1;1;0;1;3;12;
Gerald Green;;25:24;5;10;4;6;0;1;0;2;2;1;1;0;4;3;14;
Alex Len;;11:25;4;5;0;0;1;2;2;3;5;1;0;0;0;2;9;
Ish Smith;;19:46;2;3;0;0;0;0;0;2;2;2;1;1;2;2;4;
Marcus Morris;;22:19;2;8;2;5;2;2;0;2;2;3;0;0;0;1;8;
Archie Goodwin;;7:18;2;2;0;0;1;2;0;1;1;0;1;0;0;1;5;
Dionte Christmas;;1:32;1;2;0;0;0;0;0;0;0;0;0;0;0;0;2;
Shavlik Randolph;;1:32;0;0;0;0;0;0;0;0;0;0;0;0;1;1;0;
