02-05;DET-ORL;98-112;
26-26;17-31;31-31;24-24;
DET
Josh Smith;F;41:12;11;19;0;4;3;9;1;11;12;3;1;1;2;5;25;
Greg Monroe;F;30:53;6;11;0;0;0;0;0;4;4;3;1;0;2;2;12;
Andre Drummond;C;39:08;6;10;0;0;3;5;8;6;14;1;0;2;3;5;15;
Kyle Singler;G;32:08;3;5;3;4;2;2;0;0;0;0;1;1;2;1;11;
Brandon Jennings;G;43:09;5;23;2;10;3;4;2;0;2;10;2;0;3;4;15;
Rodney Stuckey;;27:09;6;13;1;2;1;1;0;1;1;2;1;0;1;0;14;
Jonas Jerebko;;8:39;1;1;0;0;2;2;0;2;2;0;0;0;1;2;4;
Kentavious Caldwell-Pope;;12:51;0;0;0;0;0;0;0;1;1;0;0;0;0;1;0;
Will Bynum;;3:08;0;2;0;0;0;0;0;0;0;0;2;0;1;0;0;
Gigi Datome;;1:43;1;1;0;0;0;0;0;0;0;0;0;0;0;0;2;
ORL
Tobias Harris;F;18:51;3;6;0;2;3;4;2;2;4;1;0;0;0;3;9;
Glen Davis;F;26:15;8;12;0;0;2;2;1;3;4;4;1;1;0;2;18;
Nikola Vucevic;C;27:50;6;13;0;0;2;2;3;3;6;0;1;0;2;5;14;
Arron Afflalo;G;32:35;5;14;3;6;2;2;1;4;5;7;1;0;0;2;15;
Jameer Nelson;G;29:21;2;6;1;2;2;2;0;4;4;11;0;0;1;1;7;
Maurice Harkless;;24:26;5;11;2;4;3;3;4;5;9;0;2;1;4;2;15;
Kyle O'Quinn;;20:10;4;8;0;0;0;0;0;5;5;1;2;6;2;1;8;
Victor Oladipo;;27:36;8;10;0;1;4;4;1;3;4;3;2;0;1;3;20;
E'Twaun Moore;;16:13;2;5;0;1;0;1;0;1;1;2;0;0;1;0;4;
Doron Lamb;;16:43;1;4;0;2;0;0;0;2;2;0;1;0;0;1;2;
