11-08;OKC-DET;119-110;
20-22;35-29;29-25;35-34;
OKC
Kevin Durant;F;44:00;9;15;2;3;17;19;2;6;8;7;3;1;3;3;37;
Serge Ibaka;F;27:20;5;9;0;1;1;2;4;5;9;2;0;3;0;1;11;
Kendrick Perkins;C;16:53;0;2;0;0;0;0;1;2;3;0;0;2;1;4;0;
Thabo Sefolosha;G;29:28;3;9;1;6;2;2;3;4;7;2;0;0;4;1;9;
Russell Westbrook;G;30:05;5;19;1;3;9;10;2;3;5;0;3;0;4;3;20;
Reggie Jackson;;18:15;2;7;0;0;2;2;0;6;6;6;0;0;1;1;6;
Steven Adams;;30:31;7;10;0;0;3;4;5;5;10;3;1;3;0;5;17;
Nick Collison;;20:40;3;3;0;0;3;3;0;4;4;1;1;0;0;0;9;
Jeremy Lamb;;16:08;3;6;2;3;2;2;0;0;0;0;0;0;0;3;10;
Derek Fisher;;6:40;0;2;0;1;0;0;0;0;0;1;1;0;0;1;0;
DET
Josh Smith;F;33:10;10;20;3;7;2;3;1;7;8;2;1;1;2;6;25;
Greg Monroe;F;38:53;8;13;0;0;4;5;10;5;15;3;2;3;2;1;20;
Andre Drummond;C;22:41;2;3;0;0;0;0;2;1;3;0;1;2;1;4;4;
Chauncey Billups;G;28:22;1;6;1;5;0;0;0;5;5;2;2;0;3;1;3;
Brandon Jennings;G;35:25;7;17;4;10;4;6;0;5;5;11;4;0;3;4;22;
Kyle Singler;;22:56;2;9;1;4;0;0;1;1;2;1;0;0;0;6;5;
Rodney Stuckey;;23:06;5;7;2;2;5;7;2;0;2;3;0;0;2;1;17;
Gigi Datome;;12:22;2;5;0;2;2;2;0;1;1;0;0;0;0;2;6;
Will Bynum;;12:35;2;7;0;0;4;4;0;1;1;0;0;0;0;1;8;
Jonas Jerebko;;3:53;0;2;0;1;0;0;0;0;0;0;0;0;0;0;0;
Kentavious Caldwell-Pope;;6:37;0;2;0;0;0;0;0;0;0;0;0;0;0;1;0;
