03-05;ATL-POR;78-102;
19-29;19-27;17-23;23-23;
ATL
DeMarre Carroll;F;25:32;3;11;1;5;2;2;1;5;6;2;0;0;0;1;9;
Mike Scott;F;29:19;2;6;0;1;0;0;1;2;3;2;0;0;3;3;4;
Elton Brand;C;19:37;3;6;0;0;0;0;0;3;3;0;0;0;0;3;6;
Kyle Korver;G;28:01;1;9;0;5;3;3;0;2;2;3;0;1;0;1;5;
Jeff Teague;G;25:03;4;12;0;1;2;2;0;2;2;3;0;0;1;0;10;
Mike Muscala;;14:44;2;6;0;0;0;0;2;2;4;0;1;1;0;4;4;
Lou Williams;;5:12;0;1;0;1;4;4;0;0;0;0;0;0;0;1;4;
Shelvin Mack;;29:52;2;11;0;3;1;1;1;4;5;7;0;0;0;0;5;
Pero Antic;;16:06;3;5;2;4;2;2;0;4;4;0;0;0;3;2;10;
Dennis Schroder;;23:03;2;7;0;2;1;3;0;2;2;3;0;0;1;1;5;
Cartier Martin;;23:32;7;14;1;5;1;2;3;3;6;0;3;0;0;1;16;
POR
Nicolas Batum;F;29:18;5;9;3;5;1;2;1;17;18;1;0;0;4;1;14;
LaMarcus Aldridge;F;29:02;1;13;0;0;8;8;2;4;6;1;0;2;2;2;10;
Robin Lopez;C;23:34;4;5;0;0;4;4;2;3;5;0;1;0;2;2;12;
Wesley Matthews;G;28:37;3;8;2;4;2;2;1;0;1;1;1;0;0;2;10;
Damian Lillard;G;24:56;4;9;2;5;2;2;0;4;4;7;1;0;1;2;12;
Mo Williams;;25:16;6;9;3;3;0;0;0;4;4;5;0;0;2;4;15;
Meyers Leonard;;17:25;2;3;0;0;0;0;1;6;7;4;1;0;2;2;4;
Dorell Wright;;16:19;1;4;1;3;2;3;0;4;4;1;0;0;0;0;5;
CJ McCollum;;21:17;4;9;1;5;0;0;0;3;3;3;0;0;1;2;9;
Will Barton;;12:00;4;7;1;2;0;0;0;0;0;0;0;0;1;3;9;
Victor Claver;;6:08;0;1;0;1;0;0;0;1;1;0;0;0;1;0;0;
Allen Crabbe;;6:08;1;2;0;1;0;0;0;0;0;0;0;0;0;1;2;
