03-07;LAL-DEN;126-134;
35-42;31-35;25-33;35-24;
LAL
Kent Bazemore;F;16:16;1;3;1;3;0;0;0;2;2;3;0;0;2;2;3;
Wesley Johnson;F;18:53;2;6;0;2;0;0;1;5;6;0;1;1;1;3;4;
Pau Gasol;C;30:29;12;21;0;0;3;6;0;5;5;1;1;0;0;2;27;
Jodie Meeks;G;33:58;6;15;1;4;3;4;1;2;3;3;0;0;2;1;16;
Kendall Marshall;G;26:47;3;9;2;5;0;0;1;2;3;14;1;0;1;2;8;
Xavier Henry;;31:20;3;7;0;0;4;4;1;4;5;3;2;0;3;4;10;
Ryan Kelly;;32:46;7;14;4;8;6;6;3;8;11;1;1;1;1;4;24;
Jordan Farmar;;21:23;8;14;4;5;4;4;0;2;2;4;2;1;4;2;24;
Robert Sacre;;17:31;3;6;0;0;2;4;4;4;8;1;0;1;0;1;8;
MarShon Brooks;;10:37;0;2;0;0;2;2;1;1;2;0;0;2;0;0;2;
DEN
Wilson Chandler;F;27:38;8;11;3;4;0;1;0;5;5;2;1;0;0;3;19;
Kenneth Faried;F;37:44;14;20;0;0;4;6;3;10;13;2;3;1;2;4;32;
Timofey Mozgov;C;25:47;5;10;0;0;3;5;0;6;6;2;1;1;0;3;13;
Randy Foye;G;32:52;4;8;4;7;0;0;0;2;2;6;2;1;0;3;12;
Ty Lawson;G;40:44;12;22;5;7;1;3;2;2;4;17;0;0;4;3;30;
Evan Fournier;;23:31;4;6;1;2;4;6;0;4;4;2;0;0;2;1;13;
JJ Hickson;;14:38;4;8;0;0;0;0;2;3;5;2;0;1;1;1;8;
Darrell Arthur;;8:59;0;4;0;1;0;0;0;2;2;1;0;0;1;2;0;
Aaron Brooks;;19:17;3;8;1;3;0;0;0;2;2;2;0;0;2;1;7;
Jan Vesely;;8:52;0;2;0;0;0;0;0;0;0;0;1;0;0;3;0;
