12-10;MIL-CHI;78-74;
20-14;15-28;20-15;23-17;
MIL
Khris Middleton;F;32:48;2;6;1;2;3;3;0;4;4;0;1;1;0;2;8;
Ekpe Udoh;F;22:27;2;3;0;0;0;2;4;1;5;0;1;2;0;3;4;
John Henson;C;40:55;11;17;0;0;3;4;6;8;14;2;3;6;3;3;25;
O.J. Mayo;G;44:11;2;12;0;4;3;3;1;0;1;7;0;2;1;4;7;
Brandon Knight;G;43:53;8;23;1;3;2;2;1;9;10;2;0;0;6;2;19;
Ersan Ilyasova;;31:09;4;9;0;2;2;2;0;1;1;1;2;0;2;2;10;
Giannis Antetokounmpo;;9:59;0;1;0;0;1;2;0;0;0;0;0;0;2;0;1;
Nate Wolters;;13:15;1;4;0;0;2;2;0;4;4;2;0;0;1;0;4;
Miroslav Raduljica;;1:23;0;0;0;0;0;0;0;0;0;0;0;0;0;0;0;
CHI
Mike Dunleavy;F;43:53;9;15;2;4;4;6;1;4;5;3;0;2;1;4;24;
Carlos Boozer;F;36:56;9;23;0;0;3;4;4;8;12;0;4;1;6;5;21;
Nazr Mohammed;C;12:25;0;2;0;0;1;2;1;3;4;1;0;1;1;2;1;
Tony Snell;G;37:38;6;14;1;5;0;0;2;4;6;3;0;2;2;2;13;
Kirk Hinrich;G;39:55;0;10;0;4;1;2;2;2;4;6;3;0;1;3;1;
Erik Murphy;;10:10;1;3;0;1;0;0;1;0;1;0;0;0;0;1;2;
Taj Gibson;;36:23;5;9;0;0;0;0;2;7;9;2;0;2;6;4;10;
Marquis Teague;;22:40;1;7;0;1;0;0;0;1;1;6;0;0;1;2;2;
