04-09;HOU-DEN;116-123;
18-30;40-38;30-37;28-18;
HOU
Chandler Parsons;F;22:35;5;13;2;4;4;4;1;2;3;4;1;0;2;4;16;
Terrence Jones;F;17:24;5;8;1;1;0;1;2;2;4;1;2;1;0;3;11;
Omer Asik;C;24:15;5;8;0;0;2;2;2;10;12;1;0;0;2;1;12;
James Harden;G;25:46;1;9;0;4;8;8;0;4;4;6;1;0;1;0;10;
Jeremy Lin;G;23:31;6;11;4;6;2;2;1;0;1;6;0;0;2;4;18;
Francisco Garcia;;8:49;1;2;0;1;0;0;0;1;1;1;0;0;0;2;2;
Donatas Motiejunas;;29:50;4;9;0;1;3;4;0;4;4;1;0;1;1;1;11;
Isaiah Canaan;;24:09;2;10;1;8;1;2;2;1;3;6;2;2;4;3;6;
Omri Casspi;;11:34;1;4;0;2;0;0;0;3;3;1;0;0;0;0;2;
Jordan Hamilton;;29:57;4;9;2;6;1;2;3;5;8;1;2;1;1;1;11;
Troy Daniels;;11:05;4;6;4;6;0;0;0;2;2;0;0;0;1;1;12;
Robert Covington;;11:05;2;3;1;1;0;0;1;1;2;0;1;0;1;0;5;
DEN
Quincy Miller;F;40:29;4;15;1;4;0;0;3;5;8;2;1;4;1;4;9;
Kenneth Faried;F;26:22;11;17;0;0;1;2;1;8;9;1;0;0;3;4;23;
Timofey Mozgov;C;25:09;9;13;0;1;4;4;0;6;6;1;0;2;0;1;22;
Randy Foye;G;38:18;10;17;6;10;4;4;2;3;5;15;2;0;1;1;30;
Aaron Brooks;G;36:50;5;15;1;6;2;2;0;5;5;7;2;1;3;4;13;
Evan Fournier;;26:56;5;9;3;6;1;2;0;1;1;1;0;0;2;3;14;
Jan Vesely;;22:51;3;5;0;0;0;0;4;2;6;3;3;0;0;3;6;
Anthony Randolph;;5:16;1;3;0;0;0;0;0;1;1;0;1;0;1;1;2;
Darrell Arthur;;17:49;2;7;0;1;0;0;0;3;3;1;1;1;0;0;4;
