12-11;ORL-CHA;92-83;
16-18;27-24;24-20;25-21;
ORL
Arron Afflalo;F;38:18;6;18;1;4;3;3;1;3;4;5;0;0;1;1;16;
Glen Davis;F;36:56;8;17;1;1;0;0;4;8;12;3;1;1;1;3;17;
Nikola Vucevic;C;32:55;4;9;0;0;4;4;4;10;14;0;1;1;2;2;12;
Victor Oladipo;G;30:58;5;10;0;0;0;0;2;2;4;2;2;1;4;3;10;
Jameer Nelson;G;40:35;6;16;3;7;2;2;1;6;7;6;1;1;3;1;17;
Andrew Nicholson;;16:59;4;9;2;6;0;0;0;3;3;0;0;0;3;4;10;
E'Twaun Moore;;24:27;5;9;0;1;0;0;2;3;5;2;1;0;0;2;10;
Jason Maxiell;;9:10;0;2;0;0;0;0;0;3;3;0;0;0;0;0;0;
Maurice Harkless;;9:42;0;0;0;0;0;0;0;0;0;0;0;0;0;1;0;
CHA
Jeff Taylor;F;30:48;3;8;1;2;1;2;0;1;1;2;0;0;0;1;8;
Josh McRoberts;F;32:32;5;7;1;3;0;0;3;2;5;3;0;0;2;2;11;
Al Jefferson;C;34:10;4;10;0;0;2;2;3;8;11;1;1;1;1;1;10;
Gerald Henderson;G;30:27;3;14;1;3;5;5;0;4;4;3;0;1;0;3;12;
Kemba Walker;G;35:45;4;18;0;4;2;2;1;1;2;4;3;4;5;2;10;
Cody Zeller;;15:28;5;7;0;0;0;0;1;5;6;2;1;1;0;2;10;
Ramon Sessions;;21:53;3;11;0;3;3;3;0;4;4;3;0;0;1;1;9;
Jeff Adrien;;13:50;1;1;0;0;2;2;0;2;2;0;1;0;0;1;4;
Ben Gordon;;25:07;3;8;1;2;2;2;1;5;6;5;0;0;1;1;9;
