02-20;DEN-MIL;101-90;
31-22;19-20;28-25;23-23;
DEN
Anthony Randolph;F;27:48;3;11;1;4;1;4;0;3;3;3;2;0;1;3;8;
Kenneth Faried;F;38:31;11;15;0;0;4;5;4;2;6;2;1;0;3;1;26;
JJ Hickson;C;29:02;6;9;0;0;2;7;3;7;10;1;2;0;2;2;14;
Wilson Chandler;G;31:59;6;8;3;3;0;0;1;5;6;1;0;0;1;1;15;
Randy Foye;G;39:48;5;12;2;6;0;0;0;0;0;10;1;2;4;1;12;
Evan Fournier;;27:21;3;9;1;4;0;0;2;3;5;3;0;0;2;2;7;
Timofey Mozgov;;23:03;3;6;0;0;8;10;2;7;9;1;0;3;2;6;14;
Darrell Arthur;;22:28;2;6;1;1;0;0;0;2;2;1;0;1;0;4;5;
MIL
Caron Butler;F;31:16;7;17;1;4;2;3;0;4;4;1;1;2;1;0;17;
Ersan Ilyasova;F;35:20;5;14;1;3;3;4;4;7;11;0;1;0;0;4;14;
Zaza Pachulia;C;23:41;1;5;0;0;3;4;1;2;3;2;0;0;4;3;5;
Khris Middleton;G;27:44;2;9;0;5;2;2;0;1;1;1;0;0;0;3;6;
Nate Wolters;G;39:35;6;14;0;2;0;0;1;1;2;5;0;0;1;2;12;
John Henson;;24:49;6;8;0;0;0;0;3;4;7;2;0;1;5;4;12;
Giannis Antetokounmpo;;32:20;3;7;1;3;4;5;3;1;4;4;2;3;0;1;11;
O.J. Mayo;;23:21;5;8;1;4;0;0;0;3;3;0;0;0;1;1;11;
Miroslav Raduljica;;1:54;0;0;0;0;2;2;0;1;1;0;0;0;0;2;2;
