03-14;WAS-ORL;105-101;
27-21;17-20;23-25;20-21;18-14;
WAS
Trevor Ariza;F;43:56;6;16;4;8;5;6;3;8;11;5;1;0;2;2;21;
Trevor Booker;F;39:32;5;9;0;0;1;2;4;7;11;1;1;1;2;0;11;
Marcin Gortat;C;44:05;6;13;0;0;7;8;0;14;14;3;1;2;1;2;19;
Bradley Beal;G;42:05;8;19;2;5;2;2;1;3;4;2;1;1;2;1;20;
John Wall;G;40:54;7;18;4;6;3;5;0;5;5;11;0;0;3;3;21;
Martell Webster;;19:16;0;4;0;3;0;0;1;0;1;1;0;0;0;1;0;
Al Harrington;;8:10;1;2;0;1;0;0;0;1;1;0;0;0;1;1;2;
Drew Gooden;;6:33;0;3;0;0;0;0;0;3;3;0;0;0;0;1;0;
Andre Miller;;12:49;1;3;0;0;5;6;1;0;1;1;1;0;0;2;7;
Kevin Seraphin;;7:29;2;3;0;0;0;0;1;0;1;0;0;0;0;1;4;
Garrett Temple;;0:12;0;0;0;0;0;0;0;0;0;0;0;0;0;0;0;
ORL
Maurice Harkless;F;30:45;3;5;0;1;0;0;0;7;7;4;3;1;2;2;6;
Kyle O'Quinn;F;22:43;3;5;0;0;0;0;1;5;6;2;0;4;3;5;6;
Nikola Vucevic;C;36:48;4;9;0;0;0;1;3;9;12;1;0;0;2;2;8;
Arron Afflalo;G;42:29;7;21;2;5;2;2;2;3;5;3;0;0;2;4;18;
Jameer Nelson;G;32:07;5;16;1;8;2;3;1;5;6;8;1;0;1;3;13;
Andrew Nicholson;;8:39;3;5;0;0;0;0;0;1;1;0;0;0;0;0;6;
Victor Oladipo;;35:40;7;15;1;4;0;0;0;3;3;6;0;0;1;2;15;
Tobias Harris;;31:41;8;14;1;4;4;4;2;3;5;2;1;0;2;1;21;
E'Twaun Moore;;17:59;3;6;2;3;0;0;0;1;1;0;0;1;0;3;8;
Jason Maxiell;;6:09;0;1;0;0;0;0;0;0;0;0;1;0;1;2;0;
