02-18;MIA-DAL;117-106;
30-28;30-26;24-31;33-21;
MIA
LeBron James;F;38:28;16;23;4;8;6;8;2;7;9;6;2;0;3;2;42;
Shane Battier;F;22:49;1;4;0;2;0;0;0;3;3;3;1;0;0;3;2;
Chris Bosh;C;33:07;8;12;2;4;4;6;0;5;5;1;3;2;3;5;22;
Dwyane Wade;G;33:42;4;7;0;0;5;6;1;2;3;7;0;1;1;1;13;
Mario Chalmers;G;29:54;4;8;2;6;0;0;0;2;2;9;4;0;2;4;10;
Ray Allen;;21:36;0;5;0;3;0;0;0;1;1;1;0;0;0;1;0;
Chris Andersen;;26:49;7;9;1;1;3;3;2;1;3;0;0;1;0;4;18;
Michael Beasley;;6:33;1;2;0;0;0;0;0;0;0;0;0;1;1;1;2;
Norris Cole;;21:42;1;4;1;2;0;0;1;0;1;2;1;0;2;1;3;
Greg Oden;;5:20;2;3;0;0;1;1;1;0;1;0;0;0;0;1;5;
DAL
Shawn Marion;F;27:30;3;9;1;4;0;0;3;4;7;0;1;0;4;4;7;
Dirk Nowitzki;F;36:16;7;14;1;5;7;7;2;7;9;7;1;0;1;1;22;
Samuel Dalembert;C;19:07;3;8;0;0;1;2;4;5;9;0;0;0;0;2;7;
Monta Ellis;G;37:18;4;13;1;3;3;4;0;2;2;2;3;0;3;2;12;
Jose Calderon;G;29:04;4;9;2;6;2;2;0;3;3;3;0;0;2;2;12;
Vince Carter;;26:26;2;9;1;5;10;11;6;1;7;1;1;0;2;3;15;
DeJuan Blair;;6:09;1;2;0;0;0;0;0;0;0;0;0;0;0;0;2;
Devin Harris;;18:54;2;3;1;1;4;4;0;4;4;5;0;0;3;1;9;
Jae Crowder;;13:53;2;3;1;1;0;0;2;1;3;1;0;0;0;1;5;
Brandan Wright;;22:45;5;13;0;0;2;2;3;2;5;0;0;1;1;0;12;
Bernard James;;0:54;0;0;0;0;0;0;1;0;1;1;0;0;0;0;0;
Shane Larkin;;0:54;0;0;0;0;0;0;0;0;0;0;0;0;0;0;0;
Wayne Ellington;;0:54;1;2;1;2;0;0;0;0;0;0;0;0;0;0;3;
