10-31;GSW-LAC;115-126;
26-36;29-32;25-25;35-33;
GSW
Andre Iguodala;F;42:49;5;8;1;3;3;6;1;3;4;11;2;0;3;1;14;
David Lee;F;28:51;8;15;0;0;6;8;2;3;5;2;1;0;1;6;22;
Andrew Bogut;C;28:09;6;7;0;0;5;7;2;4;6;0;0;1;1;5;17;
Klay Thompson;G;38:09;3;7;1;2;3;3;0;1;1;1;2;0;2;4;10;
Stephen Curry;G;38:29;14;23;9;14;1;1;0;3;3;9;0;0;11;3;38;
Jermaine O'Neal;;15:51;1;6;0;0;2;2;2;1;3;0;0;1;1;3;4;
Draymond Green;;21:28;1;3;1;1;1;4;2;6;8;1;2;0;2;5;4;
Toney Douglas;;9:59;0;2;0;1;0;0;0;1;1;1;0;0;1;4;0;
Marreese Speights;;11:41;2;5;0;0;2;2;1;1;2;0;0;0;1;3;6;
Kent Bazemore;;2:57;0;0;0;0;0;0;0;0;0;1;0;0;0;0;0;
Nemanja Nedovic;;0:49;0;0;0;0;0;0;0;0;0;0;0;0;0;0;0;
Ognjen Kuzmic;;0:49;0;0;0;0;0;0;0;0;0;0;0;0;1;1;0;
LAC
Jared Dudley;F;32:57;4;6;2;4;0;0;1;0;1;2;2;0;2;5;10;
Blake Griffin;F;34:13;9;12;0;1;5;8;0;10;10;2;2;1;3;6;23;
DeAndre Jordan;C;41:06;3;9;0;0;3;12;10;7;17;1;2;1;0;2;9;
JJ Redick;G;28:07;5;11;3;7;4;4;1;4;5;2;0;0;0;4;17;
Chris Paul;G;37:26;12;20;2;6;16;17;1;1;2;15;6;0;6;4;42;
Jamal Crawford;;23:23;7;14;2;5;1;2;0;1;1;1;1;0;4;1;17;
Matt Barnes;;17:58;0;4;0;1;4;4;1;2;3;2;0;0;1;3;4;
Ryan Hollins;;4:22;2;2;0;0;0;0;0;1;1;0;1;1;0;1;4;
Darren Collison;;11:13;0;3;0;0;0;1;1;1;2;1;0;0;1;1;0;
Byron Mullens;;8:58;0;4;0;4;0;2;1;1;2;1;1;1;1;3;0;
Reggie Bullock;;0:18;0;0;0;0;0;0;0;0;0;0;0;0;0;0;0;
