11-27;CHI-DET;99-79;
25-29;26-24;25-15;23-11;
CHI
Luol Deng;F;40:47;11;17;1;2;4;4;0;6;6;5;2;1;0;2;27;
Carlos Boozer;F;26:53;3;11;0;0;0;0;1;6;7;3;0;0;2;2;6;
Joakim Noah;C;33:30;6;11;0;0;1;3;3;2;5;3;1;0;1;3;13;
Tony Snell;G;36:58;5;9;3;5;0;0;1;1;2;3;2;0;3;0;13;
Kirk Hinrich;G;37:08;4;10;2;7;3;3;0;3;3;7;3;0;4;4;13;
Taj Gibson;;26:52;11;13;0;1;1;2;2;6;8;1;0;0;1;1;23;
Mike Dunleavy;;18:15;1;4;0;2;0;0;0;7;7;0;0;0;3;1;2;
Marquis Teague;;10:52;0;3;0;0;0;0;0;0;0;2;0;0;1;2;0;
Nazr Mohammed;;7:05;1;1;0;0;0;0;1;0;1;0;1;0;0;0;2;
Erik Murphy;;1:40;0;0;0;0;0;0;0;1;1;0;0;0;1;0;0;
DET
Josh Smith;F;33:41;6;12;1;4;0;4;2;9;11;3;0;1;4;1;13;
Greg Monroe;F;22:25;2;5;0;0;1;2;1;2;3;1;2;0;2;4;5;
Andre Drummond;C;39:01;5;10;0;0;0;2;4;7;11;0;2;0;2;3;10;
Kentavious Caldwell-Pope;G;18:51;0;4;0;0;0;0;0;2;2;1;3;0;1;1;0;
Brandon Jennings;G;33:22;5;13;1;4;1;1;0;1;1;4;1;0;2;1;12;
Kyle Singler;;21:32;1;1;0;0;0;0;1;3;4;0;0;1;1;3;2;
Rodney Stuckey;;29:09;9;16;0;2;7;8;1;1;2;2;0;1;1;1;25;
Josh Harrellson;;8:26;2;3;0;1;0;0;1;0;1;0;1;0;0;2;4;
Will Bynum;;14:38;1;7;0;0;0;0;0;1;1;0;1;1;1;2;2;
Charlie Villanueva;;4:12;0;1;0;1;0;0;0;0;0;0;0;0;1;0;0;
Jonas Jerebko;;10:33;1;3;0;0;0;0;0;0;0;1;1;0;0;1;2;
Tony Mitchell;;2:05;0;0;0;0;0;2;2;0;2;0;0;0;0;0;0;
Gigi Datome;;2:05;2;2;0;0;0;0;0;0;0;0;0;0;0;0;4;
