11-27;MIA-CLE;95-84;
22-28;27-14;21-18;25-24;
MIA
LeBron James;F;37:06;9;19;1;3;9;11;0;8;8;8;3;0;1;3;28;
Rashard Lewis;F;22:10;1;3;0;2;2;3;0;1;1;1;3;0;1;2;4;
Chris Bosh;C;30:13;3;9;0;3;0;0;0;7;7;2;2;2;2;3;6;
Dwyane Wade;G;35:56;10;14;0;0;2;2;1;3;4;3;2;0;6;1;22;
Mario Chalmers;G;30:19;1;4;0;3;1;2;0;3;3;2;0;0;1;3;3;
Ray Allen;;20:23;3;9;1;4;0;0;0;3;3;2;1;1;0;3;7;
Chris Andersen;;17:47;1;1;0;0;0;0;0;5;5;0;0;2;1;3;2;
Michael Beasley;;25:35;5;10;0;1;7;7;1;8;9;2;0;1;1;1;17;
Norris Cole;;20:32;2;3;2;3;0;0;0;1;1;3;0;1;1;0;6;
CLE
Alonzo Gee;F;13:12;1;2;0;1;0;0;0;2;2;0;0;0;1;2;2;
Tristan Thompson;F;23:22;1;6;0;0;2;4;3;8;11;1;0;0;1;0;4;
Andrew Bynum;C;23:27;2;10;0;0;0;0;3;4;7;1;0;0;2;3;4;
Matthew Dellavedova;G;7:36;0;2;0;1;0;0;0;1;1;0;0;0;0;0;0;
Kyrie Irving;G;34:10;6;19;0;5;4;4;2;1;3;3;1;0;4;3;16;
Jarrett Jack;;37:13;3;6;2;4;0;0;1;4;5;6;1;1;5;1;8;
Anderson Varejao;;21:55;3;10;0;1;4;5;2;5;7;3;2;0;0;0;10;
Dion Waiters;;32:58;7;14;4;8;6;11;0;6;6;3;0;0;3;2;24;
Earl Clark;;27:16;5;11;3;5;0;0;1;1;2;2;2;0;0;4;13;
Sergey Karasev;;18:51;1;3;1;3;0;0;0;3;3;0;1;1;2;3;3;
