11-17;MEM-SAC;97-86;
25-18;22-16;27-31;23-21;
MEM
Tayshaun Prince;F;31:23;3;8;0;1;0;0;1;8;9;4;0;1;1;2;6;
Zach Randolph;F;33:50;9;12;0;0;4;8;2;8;10;2;0;0;3;3;22;
Marc Gasol;C;39:23;8;14;0;0;3;3;1;7;8;9;0;0;3;2;19;
Tony Allen;G;29:31;5;10;0;3;2;2;2;3;5;4;2;0;2;4;12;
Mike Conley;G;38:16;8;12;3;5;0;0;1;0;1;9;1;1;2;0;19;
Mike Miller;;20:53;0;0;0;0;0;0;0;3;3;2;1;0;3;1;0;
Jerryd Bayless;;16:18;3;9;1;3;1;1;0;2;2;0;0;0;1;5;8;
Quincy Pondexter;;14:36;2;3;0;1;1;2;0;5;5;0;0;0;1;2;5;
Kosta Koufos;;13:28;2;3;0;0;2;2;0;6;6;0;0;2;0;1;6;
Ed Davis;;2:22;0;1;0;0;0;0;0;0;0;0;0;0;0;0;0;
SAC
Luc Mbah a Moute;F;26:16;1;6;0;1;2;4;3;0;3;2;0;1;0;2;4;
Jason Thompson;F;9:52;1;2;0;0;1;2;0;0;0;2;0;0;0;2;3;
DeMarcus Cousins;C;18:11;4;11;0;0;1;1;1;4;5;1;1;0;3;2;9;
Ben McLemore;G;19:28;2;6;1;3;0;0;1;4;5;1;0;0;2;1;5;
Greivis Vasquez;G;19:28;4;7;0;0;0;0;0;1;1;3;1;0;1;1;8;
Charles Hayes;;11:29;0;2;0;0;0;0;2;1;3;0;1;0;1;3;0;
John Salmons;;33:31;4;12;0;4;2;2;0;3;3;5;1;0;0;0;10;
Isaiah Thomas;;31:53;5;17;3;6;2;2;1;1;2;4;2;0;1;2;15;
Marcus Thornton;;28:32;5;13;1;7;1;1;0;1;1;1;2;0;0;1;12;
Hamady Ndiaye;;24:35;1;2;0;0;0;1;1;5;6;1;0;1;0;2;2;
Travis Outlaw;;16:45;6;9;2;2;4;4;2;4;6;1;0;0;0;4;18;
