11-29;PHX-UTA;112-101;
31-33;31-18;33-27;17-23;
PHX
PJ Tucker;F;36:41;1;6;0;3;4;4;1;3;4;2;0;0;1;2;6;
Channing Frye;F;22:25;5;7;3;5;0;0;1;1;2;1;0;1;0;4;13;
Miles Plumlee;C;32:45;6;9;0;0;3;4;2;8;10;2;0;1;0;3;15;
Gerald Green;G;29:01;5;11;3;8;0;0;0;1;1;1;0;0;1;0;13;
Goran Dragic;G;38:57;7;12;0;2;5;5;0;3;3;9;0;2;2;1;19;
Markieff Morris;;28:28;8;13;1;2;6;6;1;2;3;0;1;1;2;3;23;
Eric Bledsoe;;28:15;7;11;1;2;4;6;1;5;6;2;3;0;2;2;19;
Marcus Morris;;17:18;2;5;0;2;0;0;0;0;0;1;0;0;0;1;4;
Archie Goodwin;;4:11;0;1;0;1;0;0;0;1;1;0;0;0;0;1;0;
Dionte Christmas;;1:59;0;0;0;0;0;0;0;0;0;0;0;0;0;0;0;
UTA
Richard Jefferson;F;23:29;2;5;0;3;2;2;1;1;2;3;0;0;2;1;6;
Marvin Williams;F;27:40;7;11;2;6;2;2;2;5;7;2;0;0;0;0;18;
Derrick Favors;C;25:09;6;8;0;0;3;4;1;3;4;2;0;0;2;0;15;
Gordon Hayward;G;34:24;4;10;0;2;3;3;2;5;7;6;1;0;2;2;11;
Trey Burke;G;25:25;6;14;1;4;0;0;0;1;1;3;1;0;0;2;13;
John Lucas III;;16:39;2;6;2;4;0;0;0;0;0;1;1;0;0;1;6;
Brandon Rush;;12:31;0;2;0;1;0;0;0;1;1;2;0;0;1;0;0;
Enes Kanter;;18:42;3;7;0;0;0;0;2;2;4;0;0;0;2;5;6;
Jeremy Evans;;26:16;5;8;0;0;0;2;3;4;7;1;2;1;1;4;10;
Alec Burks;;24:06;5;12;0;0;6;7;2;3;5;0;0;0;1;2;16;
Andris Biedrins;;4:09;0;0;0;0;0;0;0;0;0;0;0;0;0;1;0;
Diante Garrett;;1:30;0;0;0;0;0;0;0;1;1;1;0;0;0;0;0;
