04-10;DEN-GSW;100-99;
15-28;28-25;30-22;27-24;
DEN
Quincy Miller;F;24:20;2;6;2;6;0;0;0;2;2;1;1;0;1;3;6;
Kenneth Faried;F;32:54;8;18;0;0;2;7;8;9;17;1;1;0;6;0;18;
Timofey Mozgov;C;42:45;10;15;0;2;3;4;9;20;29;3;1;3;2;3;23;
Randy Foye;G;38:56;7;23;4;13;2;2;3;4;7;7;1;1;2;2;20;
Aaron Brooks;G;39:28;3;14;0;3;2;2;1;1;2;7;1;0;2;0;8;
Evan Fournier;;28:19;3;11;2;6;1;2;1;1;2;4;2;0;3;2;9;
Darrell Arthur;;20:14;4;15;2;4;0;0;1;0;1;0;1;0;0;2;10;
Jan Vesely;;13:04;2;2;0;0;2;2;2;1;3;0;1;1;0;6;6;
GSW
Andre Iguodala;F;26:56;2;6;0;3;2;2;1;3;4;3;2;0;0;2;6;
Draymond Green;F;24:12;2;5;0;1;0;0;0;2;2;2;1;0;3;3;4;
Andrew Bogut;C;26:41;2;4;0;0;0;0;3;5;8;1;0;2;1;3;4;
Klay Thompson;G;30:14;8;19;3;6;2;2;1;1;2;1;0;0;2;2;21;
Stephen Curry;G;33:36;8;19;2;7;6;6;0;7;7;6;4;0;2;1;24;
Jermaine O'Neal;;21:32;5;8;0;0;2;2;0;5;5;1;0;1;3;2;12;
Harrison Barnes;;29:30;4;7;1;2;0;0;0;5;5;2;1;1;0;1;9;
Marreese Speights;;15:37;4;9;0;0;1;3;0;2;2;0;0;0;0;2;9;
Steve Blake;;16:06;0;1;0;1;0;0;0;1;1;2;0;0;2;0;0;
Jordan Crawford;;15:37;5;10;0;3;0;0;1;1;2;1;1;0;0;1;10;
