03-12;DET-TOR;87-101;
21-29;24-23;24-22;18-27;
DET
Josh Smith;F;36:38;5;17;2;5;1;5;1;5;6;1;1;1;2;2;13;
Greg Monroe;F;33:32;5;10;0;0;3;4;1;9;10;0;2;1;2;0;13;
Andre Drummond;C;33:40;6;10;0;0;4;8;4;5;9;0;2;1;1;2;16;
Kyle Singler;G;27:45;1;5;0;2;0;0;1;2;3;1;1;0;3;1;2;
Brandon Jennings;G;31:54;10;15;4;6;0;4;1;3;4;2;1;0;3;4;24;
Rodney Stuckey;;26:01;0;6;0;1;0;0;0;1;1;3;0;0;1;1;0;
Will Bynum;;21:45;4;9;2;4;2;3;0;1;1;7;0;0;3;2;12;
Kentavious Caldwell-Pope;;20:16;1;4;1;4;0;0;0;1;1;1;1;0;0;2;3;
Jonas Jerebko;;7:11;2;2;0;0;0;0;1;3;4;0;0;0;1;3;4;
Gigi Datome;;0:53;0;0;0;0;0;0;0;0;0;0;0;0;0;0;0;
Tony Mitchell;;0:27;0;0;0;0;0;0;0;0;0;0;0;0;0;0;0;
TOR
Terrence Ross;F;30:10;4;9;1;5;0;0;0;2;2;2;3;0;2;1;9;
Amir Johnson;F;32:59;8;14;0;0;4;6;5;5;10;1;2;1;1;4;20;
Jonas Valanciunas;C;25:20;3;8;0;0;2;2;4;9;13;1;0;2;2;5;8;
DeMar DeRozan;G;40:48;8;20;1;3;8;9;0;3;3;3;1;0;0;3;25;
Kyle Lowry;G;34:01;6;13;3;6;4;6;1;3;4;6;0;0;4;2;19;
Tyler Hansbrough;;11:42;0;3;0;0;1;2;1;0;1;0;0;0;3;4;1;
John Salmons;;19:00;4;7;1;2;0;0;1;4;5;0;1;0;1;0;9;
Charles Hayes;;18:17;0;3;0;0;0;0;3;5;8;2;2;0;1;0;0;
Greivis Vasquez;;19:10;3;9;1;2;0;0;0;7;7;4;0;0;2;0;7;
Steve Novak;;7:43;1;2;1;2;0;0;0;1;1;0;0;0;0;0;3;
Nando De Colo;;0:53;0;0;0;0;0;0;0;0;0;0;0;0;0;1;0;
