12-17;LAL-MEM;96-92;
34-24;18-23;15-20;29-25;
LAL
Wesley Johnson;F;31:42;3;8;0;3;1;1;2;3;5;6;1;1;1;1;7;
Jordan Hill;F;7:31;1;2;0;0;0;0;0;2;2;0;0;0;1;4;2;
Pau Gasol;C;32:38;9;12;0;0;3;5;0;9;9;2;0;3;2;1;21;
Jodie Meeks;G;33:45;5;10;3;8;0;0;0;2;2;0;2;0;1;1;13;
Kobe Bryant;G;32:38;9;18;1;1;2;2;1;4;5;4;1;1;4;1;21;
Shawne Williams;;30:26;2;5;0;1;0;0;1;4;5;2;0;0;2;2;4;
Nick Young;;33:33;6;11;3;6;3;3;0;3;3;1;1;1;1;2;18;
Xavier Henry;;19:40;2;8;0;3;1;2;0;3;3;1;2;1;2;3;5;
Robert Sacre;;18:07;0;1;0;0;5;6;0;3;3;0;1;3;0;3;5;
MEM
Tayshaun Prince;F;9:09;0;1;0;0;0;0;0;1;1;0;0;0;1;1;0;
Zach Randolph;F;34:53;7;22;0;0;4;4;6;10;16;5;2;0;1;3;18;
Kosta Koufos;C;13:03;1;5;0;0;0;0;4;2;6;0;0;0;1;1;2;
Tony Allen;G;30:20;6;13;0;2;4;6;3;4;7;5;2;1;1;1;16;
Jerryd Bayless;G;28:14;6;13;0;1;1;1;0;2;2;2;1;0;0;2;13;
Jon Leuer;;27:28;5;9;3;4;0;0;2;5;7;1;1;1;2;1;13;
Jamaal Franklin;;21:19;0;5;0;2;0;0;0;2;2;1;0;0;1;3;0;
Mike Miller;;29:50;4;10;1;5;0;0;0;2;2;5;1;0;2;0;9;
Nick Calathes;;19:47;4;6;1;1;1;2;0;2;2;1;2;0;2;3;10;
Ed Davis;;21:43;4;6;0;0;1;2;3;1;4;0;1;0;3;3;9;
James Johnson;;4:16;0;1;0;1;2;2;0;0;0;0;0;0;0;0;2;
