04-02;DET-IND;94-101;
27-28;19-22;28-23;20-28;
DET
Josh Smith;F;37:20;9;20;3;4;3;7;0;5;5;1;2;1;1;4;24;
Greg Monroe;F;31:07;6;21;0;0;5;6;7;9;16;2;3;1;0;4;17;
Andre Drummond;C;31:20;5;9;0;0;3;6;6;8;14;0;0;1;1;2;13;
Kyle Singler;G;39:28;3;11;1;4;3;3;3;2;5;3;0;0;1;1;10;
Brandon Jennings;G;35:07;4;11;2;5;2;3;0;2;2;9;1;0;1;2;12;
Rodney Stuckey;;32:16;6;12;1;1;3;3;0;1;1;0;0;1;0;0;16;
Charlie Villanueva;;5:40;0;2;0;1;0;0;0;0;0;0;0;0;0;2;0;
Jonas Jerebko;;8:49;0;1;0;1;0;0;1;1;2;0;0;0;0;0;0;
Will Bynum;;12:53;1;5;0;0;0;0;0;1;1;0;1;0;1;2;2;
Kentavious Caldwell-Pope;;6:00;0;1;0;0;0;0;0;1;1;1;0;0;0;1;0;
IND
Paul George;F;37:43;9;19;4;10;5;6;0;12;12;7;2;0;2;2;27;
David West;F;33:10;7;10;0;0;1;1;2;6;8;3;0;2;0;3;15;
Roy Hibbert;C;29:02;4;10;0;0;3;4;1;2;3;3;0;2;2;5;11;
Lance Stephenson;G;34:00;5;10;1;3;0;0;0;5;5;4;0;0;3;2;11;
George Hill;G;38:43;4;9;0;3;4;5;0;1;1;2;1;0;0;3;12;
Luis Scola;;14:50;3;7;0;0;3;4;5;3;8;2;0;0;2;4;9;
Evan Turner;;17:24;2;5;0;0;0;0;0;3;3;1;0;0;0;1;4;
Ian Mahinmi;;18:58;4;5;0;0;2;4;2;3;5;1;1;3;0;0;10;
Rasual Butler;;6:53;1;2;0;0;0;0;0;1;1;0;0;0;0;0;2;
Donald Sloan;;9:17;0;2;0;2;0;0;0;1;1;1;0;0;1;1;0;
