03-21;SAS-SAC;99-79;
24-23;23-14;22-20;30-22;
SAS
Kawhi Leonard;F;30:54;4;11;2;6;5;6;1;6;7;1;1;1;0;3;15;
Tim Duncan;F;33:52;3;12;0;0;4;6;3;6;9;6;0;2;0;2;10;
Tiago Splitter;C;21:25;5;8;0;0;1;1;3;8;11;0;0;1;1;2;11;
Danny Green;G;17:31;1;6;1;3;0;0;2;2;4;0;0;0;0;0;3;
Tony Parker;G;28:03;6;15;1;2;1;1;0;5;5;4;1;1;4;3;14;
Manu Ginobili;;23:31;4;11;0;6;6;7;0;3;3;1;1;1;1;2;14;
Boris Diaw;;16:13;1;4;0;1;0;0;0;3;3;1;0;0;1;1;2;
Marco Belinelli;;22:04;7;12;1;2;2;3;0;1;1;2;3;1;0;2;17;
Patty Mills;;17:30;3;8;0;3;2;2;1;0;1;0;1;0;0;1;8;
Aron Baynes;;10:24;1;1;0;0;0;0;2;0;2;2;0;0;2;1;2;
Matt Bonner;;14:02;0;2;0;2;0;0;1;2;3;1;0;0;0;0;0;
Cory Joseph;;2:44;1;2;0;0;1;1;0;0;0;0;0;0;0;0;3;
Jeff Ayres;;1:48;0;1;0;0;0;0;0;3;3;0;0;0;0;0;0;
SAC
Rudy Gay;F;32:18;4;14;1;3;5;5;1;4;5;3;0;2;4;1;14;
Reggie Evans;F;20:51;1;3;0;0;0;2;3;4;7;0;0;0;0;3;2;
DeMarcus Cousins;C;37:23;7;18;0;0;1;2;1;12;13;5;2;5;3;3;15;
Ben McLemore;G;26:21;4;7;1;4;0;0;0;4;4;1;0;0;2;5;9;
Isaiah Thomas;G;37:13;7;17;0;3;4;7;0;3;3;4;1;0;4;4;18;
Derrick Williams;;26:17;2;4;0;0;0;0;1;5;6;2;0;0;0;0;4;
Travis Outlaw;;29:14;5;9;2;4;1;2;0;3;3;0;0;1;0;2;13;
Jason Thompson;;15:58;0;2;0;0;0;0;0;5;5;1;0;0;1;2;0;
Ray McCallum;;12:18;2;6;0;0;0;0;1;1;2;1;0;1;1;2;4;
Aaron Gray;;1:11;0;0;0;0;0;0;0;0;0;0;0;0;0;0;0;
Royce White;;0:56;0;0;0;0;0;0;0;0;0;0;0;0;0;0;0;
