12-13;CLE-ORL;109-100;
19-28;31-23;23-25;36-24;
CLE
Alonzo Gee;F;11:19;0;1;0;1;0;0;0;0;0;0;0;0;0;1;0;
Tristan Thompson;F;27:57;3;7;0;0;0;0;1;6;7;0;0;0;2;0;6;
Andrew Bynum;C;18:04;1;3;0;0;0;0;1;1;2;0;1;0;1;0;2;
CJ Miles;G;19:51;5;10;0;3;0;0;0;1;1;2;0;0;0;3;10;
Kyrie Irving;G;35:46;12;24;2;6;5;5;1;2;3;5;2;0;2;1;31;
Dion Waiters;;29:24;8;18;1;2;4;6;0;5;5;4;1;1;2;2;21;
Anderson Varejao;;31:35;4;7;0;0;2;2;2;12;14;1;1;2;1;1;10;
Jarrett Jack;;20:13;1;5;0;1;3;3;0;4;4;6;0;0;1;1;5;
Earl Clark;;18:14;3;4;3;4;0;0;1;4;5;0;0;0;1;2;9;
Anthony Bennett;;8:36;3;5;0;1;0;0;0;2;2;0;0;0;0;2;6;
Matthew Dellavedova;;19:01;2;3;2;3;3;4;1;0;1;0;1;0;0;3;9;
ORL
Arron Afflalo;F;37:34;6;15;1;7;4;4;1;3;4;5;0;0;2;2;17;
Glen Davis;F;22:38;3;5;0;0;0;0;2;2;4;1;0;0;0;2;6;
Nikola Vucevic;C;39:13;3;11;0;0;0;0;1;12;13;2;1;1;4;3;6;
Victor Oladipo;G;36:48;9;13;3;4;5;5;1;4;5;4;4;3;2;5;26;
Jameer Nelson;G;39:31;7;15;3;8;0;0;0;3;3;5;2;0;2;4;17;
E'Twaun Moore;;15:28;1;5;1;3;0;0;0;0;0;2;0;0;1;0;3;
Andrew Nicholson;;25:12;4;12;2;5;2;2;3;7;10;1;0;0;0;5;12;
Tobias Harris;;14:49;3;8;1;3;3;3;0;5;5;2;0;0;1;0;10;
Jason Maxiell;;8:47;1;1;0;0;1;2;0;1;1;0;0;1;0;0;3;
