11-16;ATL-NYK;110-90;
24-26;30-21;26-22;30-21;
ATL
DeMarre Carroll;F;29:26;4;8;1;3;1;1;0;4;4;1;1;0;1;0;10;
Paul Millsap;F;29:52;6;9;0;0;2;2;1;12;13;1;2;1;1;3;14;
Al Horford;C;29:30;6;10;0;0;0;0;1;1;2;2;0;1;1;1;12;
Kyle Korver;G;33:02;5;11;3;8;2;2;0;4;4;1;0;0;1;2;15;
Jeff Teague;G;25:18;5;9;0;1;6;10;0;2;2;1;3;0;3;1;16;
Gustavo Ayon;;19:51;5;6;0;0;0;0;3;2;5;1;2;1;1;1;10;
John Jenkins;;16:10;1;2;0;1;0;0;0;3;3;0;0;1;2;3;2;
Mike Scott;;16:47;4;10;1;3;2;2;0;1;1;1;0;0;0;3;11;
Cartier Martin;;15:41;3;5;2;3;0;0;0;1;1;0;0;0;2;0;8;
Shelvin Mack;;24:23;5;8;2;3;0;0;0;1;1;12;1;0;1;1;12;
NYK
Carmelo Anthony;F;33:44;8;21;1;4;6;7;5;7;12;2;1;0;1;4;23;
J.R. Smith;F;36:28;3;18;1;9;0;0;3;2;5;1;0;0;1;3;7;
Andrea Bargnani;C;28:25;5;11;1;4;5;6;4;5;9;2;0;2;2;2;16;
Raymond Felton;G;33:23;3;8;1;4;0;0;0;4;4;5;1;1;4;3;7;
Iman Shumpert;G;33:32;4;8;3;3;0;0;1;6;7;3;1;0;2;2;11;
Pablo Prigioni;;14:37;2;4;1;3;0;0;0;0;0;0;1;0;2;2;5;
Tim Hardaway Jr.;;21:45;3;7;2;2;0;1;1;0;1;3;1;0;1;0;8;
Kenyon Martin;;17:21;3;6;0;1;0;0;4;2;6;2;1;0;1;2;6;
Amar'e Stoudemire;;13:60;2;5;0;0;1;2;0;2;2;1;0;0;0;2;5;
Toure Murry;;3:23;0;0;0;0;0;0;0;0;0;0;0;0;0;0;0;
Cole Aldrich;;3:23;1;2;0;0;0;0;1;1;2;0;0;0;0;0;2;
