11-20;MEM-GSW;88-81;
16-26;18-18;25-13;16-18;13-6;
MEM
Tayshaun Prince;F;37:57;4;8;0;0;0;0;0;3;3;1;2;0;0;1;8;
Zach Randolph;F;46:08;9;22;0;1;3;3;3;9;12;1;0;1;0;3;21;
Marc Gasol;C;38:36;6;14;0;0;6;6;4;7;11;4;1;4;3;3;18;
Quincy Pondexter;G;32:27;2;5;1;2;1;2;1;1;2;2;0;0;0;0;6;
Mike Conley;G;38:49;8;19;1;4;2;2;3;3;6;4;1;0;0;2;19;
Kosta Koufos;;21:16;3;10;0;0;1;2;3;5;8;0;2;1;2;2;7;
Mike Miller;;28:32;1;4;1;2;0;0;1;3;4;2;1;0;0;1;3;
Jerryd Bayless;;17:39;1;5;0;3;4;4;1;0;1;3;1;0;0;3;6;
Nick Calathes;;3:36;0;1;0;0;0;0;0;1;1;0;0;0;1;2;0;
GSW
Harrison Barnes;F;48:53;6;14;2;3;2;2;1;7;8;5;0;0;2;4;16;
David Lee;F;42:55;9;17;0;0;0;2;1;7;8;1;1;0;1;4;18;
Andrew Bogut;C;43:13;6;8;0;0;0;0;3;11;14;2;0;2;1;4;12;
Klay Thompson;G;48:04;9;19;2;7;1;2;1;0;1;0;0;0;3;2;21;
Andre Iguodala;G;47:45;3;14;0;4;1;2;0;4;4;14;2;0;4;2;7;
Marreese Speights;;13:27;1;5;0;0;0;0;1;3;4;2;0;0;2;1;2;
Draymond Green;;14:23;2;4;1;3;0;0;0;4;4;0;0;1;0;2;5;
Ognjen Kuzmic;;1:05;0;0;0;0;0;0;0;0;0;0;0;0;0;0;0;
Kent Bazemore;;5:15;0;1;0;1;0;0;0;0;0;0;0;0;1;1;0;
