12-12;LAC-BKN;93-102;
25-20;19-36;18-27;31-19;
LAC
Jared Dudley;F;25:56;1;7;1;4;1;2;0;3;3;2;0;0;2;3;4;
Blake Griffin;F;29:43;2;8;0;0;8;13;3;8;11;3;1;0;3;2;12;
DeAndre Jordan;C;31:23;2;3;0;0;2;4;3;9;12;0;1;1;2;2;6;
Willie Green;G;23:28;2;6;1;4;3;4;0;1;1;2;0;0;2;1;8;
Chris Paul;G;28:08;6;13;2;3;6;7;0;2;2;2;0;0;0;3;20;
Jamal Crawford;;28:45;5;11;2;6;7;12;0;2;2;3;2;0;3;1;19;
Antawn Jamison;;12:05;3;7;0;3;0;1;0;2;2;0;0;0;0;1;6;
Stephen Jackson;;22:52;1;5;0;3;1;2;1;2;3;1;2;0;0;2;3;
Darren Collison;;20:34;2;7;0;1;4;4;0;3;3;2;0;0;2;4;8;
Ryan Hollins;;11:11;2;3;0;0;3;3;2;2;4;0;0;0;0;1;7;
Byron Mullens;;5:55;0;0;0;0;0;0;0;0;0;0;0;0;0;0;0;
BKN
Alan Anderson;F;36:04;1;9;0;2;1;1;0;2;2;1;1;0;0;3;3;
Kevin Garnett;F;15:01;1;2;0;0;0;0;0;6;6;0;0;0;1;4;2;
Brook Lopez;C;27:44;6;13;0;0;4;4;1;6;7;1;0;0;1;3;16;
Joe Johnson;G;29:47;8;13;4;7;1;2;0;2;2;2;0;0;2;3;21;
Deron Williams;G;26:45;4;9;2;3;5;5;0;5;5;4;0;0;2;2;15;
Andray Blatche;;27:44;7;11;0;1;7;8;2;7;9;3;0;0;1;2;21;
Paul Pierce;;26:04;2;7;2;5;4;4;0;7;7;5;1;0;3;3;10;
Shaun Livingston;;21:15;1;3;0;0;4;4;2;1;3;2;3;0;1;3;6;
Mason Plumlee;;15:51;1;1;0;0;2;2;0;0;0;0;0;0;1;6;4;
Mirza Teletovic;;5:15;2;4;0;1;0;0;0;1;1;0;0;0;0;1;4;
Tornike Shengelia;;4:25;0;1;0;0;0;0;0;0;0;0;0;0;0;1;0;
Tyshawn Taylor;;4:05;0;1;0;1;0;0;0;0;0;0;0;0;1;0;0;
