11-23;PHI-IND;98-106;
22-25;30-31;14-21;32-29;
PHI
James Anderson;F;36:40;4;18;1;10;4;4;1;4;5;1;3;1;1;1;13;
Daniel Orton;F;35:36;3;11;0;0;4;5;4;6;10;1;0;2;0;3;10;
Lavoy Allen;C;26:17;1;4;0;0;2;2;6;3;9;2;1;2;2;5;4;
Evan Turner;G;38:55;8;26;0;4;5;7;2;9;11;2;1;0;6;5;21;
Michael Carter-Williams;G;37:50;11;21;1;5;6;11;3;3;6;3;7;1;2;4;29;
Brandon Davies;;6:47;1;2;0;0;0;0;2;0;2;2;0;0;1;4;2;
Elliot Williams;;16:52;2;7;1;4;0;0;1;3;4;0;0;0;1;3;5;
Lorenzo Brown;;10:10;2;6;0;0;0;0;2;1;3;0;1;0;0;1;4;
Hollis Thompson;;30:54;3;7;1;2;3;3;2;2;4;0;2;0;1;1;10;
IND
Paul George;F;37:13;6;13;2;4;5;7;0;3;3;3;3;0;2;3;19;
David West;F;30:56;6;11;0;0;5;5;0;11;11;6;0;2;2;3;17;
Roy Hibbert;C;32:56;7;12;0;0;13;16;3;10;13;1;0;6;2;3;27;
Lance Stephenson;G;37:12;8;11;0;1;2;3;2;3;5;3;0;1;6;2;18;
George Hill;G;36:10;4;10;1;4;2;2;1;5;6;5;1;1;3;3;11;
Solomon Hill;;6:34;0;1;0;1;1;1;0;1;1;0;0;0;0;0;1;
Luis Scola;;20:39;0;4;0;0;3;4;0;5;5;1;0;0;2;2;3;
CJ Watson;;11:50;2;5;0;2;0;0;0;2;2;0;1;0;2;1;4;
Chris Copeland;;11:29;1;3;1;3;0;0;0;1;1;0;0;1;0;4;3;
Orlando Johnson;;15:00;1;6;1;3;0;0;2;1;3;1;0;0;0;0;3;
