11-18;CHA-CHI;81-86;
21-26;23-14;15-22;22-24;
CHA
Michael Kidd-Gilchrist;F;25:36;2;7;0;0;0;2;0;4;4;1;0;0;4;2;4;
Josh McRoberts;F;29:04;4;14;3;7;0;0;3;3;6;5;0;2;1;2;11;
Bismack Biyombo;C;20:47;2;2;0;0;2;2;1;3;4;0;0;1;0;2;6;
Gerald Henderson;G;31:20;5;15;2;2;4;4;2;6;8;6;1;0;2;4;16;
Kemba Walker;G;34:46;3;14;0;2;2;2;0;3;3;3;2;0;0;2;8;
Jeff Taylor;;33:05;9;18;2;4;0;0;2;3;5;0;1;0;2;4;20;
Cody Zeller;;18:56;3;8;0;0;0;0;1;5;6;2;2;1;0;3;6;
Ramon Sessions;;19:13;2;9;0;1;0;4;0;2;2;5;0;0;0;1;4;
Jeff Adrien;;27:13;3;4;0;0;0;2;3;3;6;3;0;4;0;3;6;
CHI
Luol Deng;F;39:06;5;10;1;2;10;12;1;7;8;1;0;2;2;2;21;
Carlos Boozer;F;33:38;5;17;0;0;2;2;3;14;17;1;0;0;4;4;12;
Joakim Noah;C;35:11;4;11;0;0;3;4;3;4;7;3;0;1;2;4;11;
Jimmy Butler;G;22:12;4;6;2;2;4;5;1;4;5;0;2;0;0;0;14;
Derrick Rose;G;30:36;4;13;1;5;3;4;0;3;3;5;1;0;3;1;12;
Taj Gibson;;19:51;2;6;0;0;2;2;0;2;2;0;0;1;3;1;6;
Mike Dunleavy;;26:37;2;6;2;3;2;2;0;5;5;0;0;1;2;2;8;
Kirk Hinrich;;25:36;1;5;0;0;0;0;0;3;3;7;0;2;0;0;2;
Nazr Mohammed;;7:12;0;1;0;0;0;0;1;3;4;0;0;1;0;4;0;
