11-29;SAS-ORL;109-91;
29-24;34-21;18-25;28-21;
SAS
Kawhi Leonard;F;22:33;5;7;0;1;0;0;1;2;3;1;3;1;1;1;10;
Tim Duncan;F;23:13;8;13;0;0;3;3;3;6;9;2;1;1;2;2;19;
Tiago Splitter;C;21:42;3;4;0;0;2;2;1;4;5;1;0;0;5;1;8;
Danny Green;G;21:27;2;5;2;3;1;1;0;1;1;3;1;2;0;1;7;
Cory Joseph;G;25:00;3;6;1;1;6;6;0;2;2;4;1;0;0;0;13;
Manu Ginobili;;19:37;4;9;1;3;2;2;0;3;3;5;2;0;4;3;11;
Boris Diaw;;16:07;3;4;0;0;0;0;1;3;4;0;0;0;2;2;6;
Jeff Ayres;;10:52;2;5;0;0;0;0;1;5;6;0;0;0;0;0;4;
Marco Belinelli;;26:39;6;8;4;4;3;3;0;2;2;2;1;0;2;1;19;
Patty Mills;;23:00;4;8;0;2;0;0;0;2;2;2;1;0;1;0;8;
Matt Bonner;;17:38;1;4;0;3;0;0;0;3;3;1;0;0;0;0;2;
Aron Baynes;;6:28;1;2;0;0;0;0;0;2;2;0;0;0;1;0;2;
Nando De Colo;;5:44;0;1;0;0;0;0;0;1;1;3;0;0;1;1;0;
ORL
Arron Afflalo;F;33:22;6;14;0;3;5;5;0;1;1;2;1;0;1;2;17;
Glen Davis;F;32:36;5;10;0;0;0;0;1;7;8;2;2;0;1;2;10;
Nikola Vucevic;C;33:36;4;12;0;0;4;4;2;5;7;2;1;2;8;3;12;
E'Twaun Moore;G;32:24;2;8;2;5;0;0;0;3;3;3;1;0;1;0;6;
Victor Oladipo;G;32:00;6;14;1;3;2;2;1;3;4;2;1;3;2;3;15;
Andrew Nicholson;;18:20;3;6;2;2;0;0;0;1;1;0;0;0;1;1;8;
Doron Lamb;;12:11;0;1;0;1;1;1;0;0;0;3;0;0;0;0;1;
Ronnie Price;;18:27;2;2;1;1;0;1;0;3;3;5;0;0;1;1;5;
Maurice Harkless;;15:36;4;7;3;4;0;0;0;0;0;1;2;0;0;1;11;
Kyle O'Quinn;;5:44;1;1;0;0;0;0;0;1;1;0;0;0;0;0;2;
Solomon Jones;;5:44;1;3;0;0;2;2;0;0;0;0;0;0;0;0;4;
