03-22;PHI-CHI;81-91;
25-20;13-21;21-24;22-26;
PHI
Hollis Thompson;F;32:21;1;5;0;2;4;4;1;2;3;1;1;0;1;2;6;
Thaddeus Young;F;40:40;10;26;0;7;8;9;4;3;7;1;0;0;1;3;28;
Henry Sims;C;31:13;8;15;0;1;2;2;9;6;15;2;0;2;1;1;18;
James Anderson;G;33:23;2;5;0;2;3;4;0;4;4;1;0;0;0;3;7;
Michael Carter-Williams;G;38:08;3;14;0;2;1;1;2;9;11;6;1;0;3;4;7;
Jarvis Varnado;;14:31;3;5;0;0;0;0;3;1;4;0;0;1;0;4;6;
Elliot Williams;;21:04;2;9;0;3;2;2;0;2;2;0;1;0;3;3;6;
Darius Johnson-Odom;;4:35;0;2;0;1;0;0;0;0;0;0;0;0;1;1;0;
Byron Mullens;;9:34;1;3;1;1;0;0;0;1;1;0;0;3;0;2;3;
James Nunnally;;14:32;0;3;0;1;0;0;0;1;1;0;0;0;0;0;0;
CHI
Mike Dunleavy;F;33:51;2;8;0;3;2;2;1;2;3;3;2;0;1;2;6;
Carlos Boozer;F;24:00;3;7;0;0;1;2;0;6;6;0;0;0;2;5;7;
Joakim Noah;C;37:40;6;10;0;0;8;9;2;6;8;4;1;3;5;5;20;
Jimmy Butler;G;45:30;4;8;1;3;8;10;3;5;8;6;1;0;2;3;17;
Kirk Hinrich;G;31:55;3;9;1;3;2;3;1;2;3;3;0;0;2;3;9;
D.J. Augustin;;31:13;5;11;3;4;3;5;0;4;4;6;1;0;1;0;16;
Taj Gibson;;28:44;8;16;0;0;0;0;4;6;10;0;0;5;1;1;16;
Nazr Mohammed;;5:36;0;0;0;0;0;0;0;2;2;1;1;1;1;1;0;
Tony Snell;;1:31;0;1;0;1;0;0;0;0;0;0;0;0;0;0;0;
