02-11;WAS-MEM;89-92;
23-24;16-28;31-27;19-13;
WAS
Trevor Ariza;F;38:41;2;7;1;6;5;6;0;4;4;0;1;1;2;1;10;
Nene;F;36:23;7;13;0;1;3;3;1;3;4;3;3;1;2;4;17;
Marcin Gortat;C;21:34;4;4;0;0;2;5;1;5;6;1;0;0;1;4;10;
Bradley Beal;G;36:49;15;24;5;7;2;2;1;4;5;2;0;0;2;4;37;
John Wall;G;32:37;2;10;0;4;1;2;0;3;3;5;0;0;4;4;5;
Kevin Seraphin;;24:40;2;5;0;0;0;0;1;5;6;1;0;4;0;0;4;
Martell Webster;;20:23;1;5;1;5;0;0;0;1;1;0;1;0;0;2;3;
Trevor Booker;;9:30;0;4;0;0;1;2;1;2;3;0;0;0;0;0;1;
Garrett Temple;;15:33;1;2;0;1;0;0;0;1;1;2;3;0;2;0;2;
Jan Vesely;;3:49;0;0;0;0;0;0;0;0;0;0;0;1;0;1;0;
MEM
Tayshaun Prince;F;22:31;3;4;1;1;0;0;0;2;2;2;1;0;1;1;7;
Zach Randolph;F;34:47;4;11;0;0;5;6;2;8;10;1;0;0;5;4;13;
Marc Gasol;C;34:11;7;11;0;0;4;4;1;6;7;3;2;0;3;3;18;
Courtney Lee;G;34:05;5;12;1;7;2;2;0;1;1;1;2;1;2;2;13;
Nick Calathes;G;35:43;8;12;1;2;1;1;2;5;7;6;2;0;2;3;18;
Darius Morris;;12:17;0;2;0;0;0;0;1;1;2;1;0;0;2;0;0;
Kosta Koufos;;13:17;2;7;0;0;2;2;2;2;4;0;0;1;0;2;6;
James Johnson;;24:51;3;5;0;1;7;10;1;1;2;1;2;1;1;1;13;
Ed Davis;;13:45;0;3;0;0;2;2;0;3;3;0;2;1;1;1;2;
Mike Miller;;14:32;1;3;0;2;0;0;0;2;2;1;0;0;0;2;2;
