03-29;MIA-MIL;88-67;
21-12;25-17;19-17;23-21;
MIA
LeBron James;F;30:03;5;10;1;3;2;4;2;5;7;2;0;0;4;1;13;
Udonis Haslem;F;15:09;2;4;0;0;0;0;0;1;1;1;1;0;0;3;4;
Chris Bosh;C;25:54;4;10;0;2;6;6;3;2;5;3;1;2;1;1;14;
James Jones;G;26:43;4;6;2;3;0;0;2;0;2;1;0;1;0;0;10;
Toney Douglas;G;38:31;5;10;1;4;2;2;2;7;9;4;1;0;3;1;13;
Chris Andersen;;22:17;3;8;0;0;2;4;5;9;14;0;1;2;0;0;8;
Norris Cole;;27:26;2;8;0;4;0;0;0;0;0;4;0;0;2;2;4;
Shane Battier;;27:20;1;3;1;1;0;0;0;3;3;2;0;3;1;1;3;
Rashard Lewis;;20:19;4;10;1;3;4;4;0;0;0;1;1;0;0;1;13;
Justin Hamilton;;3:09;2;4;1;2;1;1;0;1;1;0;0;0;0;1;6;
Michael Beasley;;3:09;0;1;0;1;0;0;0;1;1;0;0;0;0;1;0;
MIL
Khris Middleton;F;39:03;4;11;2;2;0;0;0;3;3;0;0;0;1;3;10;
Jeff Adrien;F;14:56;1;5;0;0;2;2;1;2;3;1;1;0;3;3;4;
Zaza Pachulia;C;18:02;2;6;0;0;0;0;1;5;6;1;1;0;2;3;4;
Ramon Sessions;G;41:21;5;15;1;4;4;5;0;4;4;3;1;1;4;0;15;
Brandon Knight;G;38:48;6;18;1;7;0;0;3;1;4;5;0;1;1;0;13;
John Henson;;29:41;6;11;0;0;0;2;8;2;10;2;2;0;0;3;12;
Giannis Antetokounmpo;;21:40;0;5;0;1;1;2;1;3;4;2;0;1;2;2;1;
Ekpe Udoh;;21:46;1;3;0;0;0;0;2;0;2;1;1;1;1;1;2;
DJ Stephens;;11:42;2;5;0;0;1;1;1;3;4;0;0;0;0;0;5;
Miroslav Raduljica;;3:01;0;0;0;0;1;2;0;0;0;0;0;0;0;1;1;
