11-15;CHA-CLE;86-80;
12-18;21-19;24-21;29-22;
CHA
Michael Kidd-Gilchrist;F;29:12;6;9;0;1;4;5;4;4;8;0;0;1;2;0;16;
Josh McRoberts;F;31:00;4;12;3;8;2;3;1;4;5;4;0;0;2;2;13;
Bismack Biyombo;C;31:39;0;1;0;0;0;0;4;8;12;0;0;3;2;2;0;
Gerald Henderson;G;31:10;4;13;0;1;0;0;1;4;5;1;0;1;1;0;8;
Kemba Walker;G;36:03;4;19;1;5;3;5;0;5;5;7;5;2;4;3;12;
Jeff Taylor;;28:34;5;11;1;2;0;0;2;3;5;1;0;0;0;1;11;
Cody Zeller;;21:56;3;6;0;0;2;3;0;4;4;0;0;0;0;1;8;
Ramon Sessions;;19:12;4;7;1;1;3;4;0;2;2;7;3;0;4;1;12;
Anthony Tolliver;;11:15;2;2;2;2;0;0;0;1;1;3;0;1;1;3;6;
CLE
Earl Clark;F;24:44;6;7;3;3;0;0;1;4;5;0;0;1;1;3;15;
Tristan Thompson;F;40:13;6;15;0;0;3;6;4;6;10;1;2;0;1;2;15;
Anderson Varejao;C;32:42;2;5;0;0;0;0;3;10;13;1;0;1;1;1;4;
CJ Miles;G;33:01;4;13;0;4;0;0;1;1;2;1;2;0;0;2;8;
Kyrie Irving;G;38:09;5;16;1;5;7;7;0;2;2;10;2;0;6;4;18;
Alonzo Gee;;15:48;1;2;0;0;0;0;0;2;2;0;1;1;1;3;2;
Jarrett Jack;;23:49;5;9;0;1;1;2;0;4;4;3;2;1;2;0;11;
Anthony Bennett;;7:47;1;3;0;0;0;0;0;1;1;2;1;0;0;0;2;
Tyler Zeller;;13:57;2;6;0;0;1;2;1;3;4;1;0;2;1;2;5;
Sergey Karasev;;8:40;0;3;0;2;0;0;0;0;0;0;0;0;1;0;0;
Henry Sims;;1:11;0;0;0;0;0;0;0;0;0;0;0;0;1;0;0;
