11-14;OKC-GSW;115-116;
33-32;29-30;24-33;29-21;
OKC
Kevin Durant;F;41:54;5;13;2;6;8;9;1;6;7;8;0;0;5;5;20;
Serge Ibaka;F;42:09;9;14;0;0;9;9;5;8;13;0;0;3;3;3;27;
Steven Adams;C;14:10;1;1;0;0;1;2;0;0;0;0;0;0;1;2;3;
Thabo Sefolosha;G;33:39;3;8;2;3;1;1;2;7;9;1;0;0;0;0;9;
Russell Westbrook;G;35:58;13;20;2;5;3;5;2;7;9;5;3;0;5;3;31;
Hasheem Thabeet;;4:07;0;0;0;0;0;0;0;1;1;0;0;0;1;2;0;
Nick Collison;;20:37;1;5;0;0;0;0;2;2;4;1;1;0;1;1;2;
Jeremy Lamb;;18:02;3;9;3;7;0;0;0;0;0;1;0;0;0;1;9;
Reggie Jackson;;22:22;5;9;0;1;2;2;1;4;5;3;0;0;3;0;12;
Perry Jones;;7:02;1;1;0;0;0;0;0;0;0;1;0;0;0;0;2;
GSW
Andre Iguodala;F;37:25;5;6;2;2;2;2;0;1;1;9;1;1;0;5;14;
David Lee;F;35:34;10;22;0;0;0;0;3;1;4;3;1;0;2;2;20;
Andrew Bogut;C;29:02;3;7;0;0;0;0;2;5;7;2;3;0;1;4;6;
Klay Thompson;G;38:02;10;15;6;9;1;1;2;3;5;2;0;3;0;3;27;
Stephen Curry;G;43:07;8;22;4;8;2;3;0;5;5;9;1;0;2;4;22;
Harrison Barnes;;23:04;6;14;1;3;3;4;0;3;3;1;1;0;2;2;16;
Jermaine O'Neal;;17:09;0;2;0;0;4;4;0;2;2;0;3;1;0;1;4;
Marreese Speights;;6:32;1;2;1;1;0;0;0;1;1;0;1;0;0;0;3;
Draymond Green;;10:05;2;4;0;0;0;0;2;1;3;0;1;0;0;1;4;
