11-25;BOS-CHA;96-86;
14-21;33-17;21-28;28-20;
BOS
Jeff Green;F;36:17;5;16;1;4;2;2;1;6;7;0;1;1;3;2;13;
Brandon Bass;F;38:12;7;10;0;0;2;2;4;1;5;0;0;1;1;2;16;
Jared Sullinger;C;28:29;2;9;0;3;1;2;2;6;8;2;1;1;2;3;5;
Avery Bradley;G;8:42;1;6;0;0;0;0;0;1;1;1;0;0;1;4;2;
Jordan Crawford;G;27:59;5;11;4;6;7;7;0;4;4;5;0;0;2;2;21;
Gerald Wallace;;35:44;6;10;1;2;4;7;1;3;4;3;2;1;1;3;17;
Vitor Faverani;;12:59;2;5;1;1;0;0;0;2;2;1;0;0;1;4;5;
Phil Pressey;;20:01;1;2;0;0;0;0;0;1;1;8;3;0;0;1;2;
Courtney Lee;;15:17;4;7;2;4;1;1;1;1;2;2;1;0;0;2;11;
Kris Humphries;;16:20;2;4;0;0;0;0;2;3;5;0;0;1;0;1;4;
CHA
Michael Kidd-Gilchrist;F;16:33;2;4;0;0;0;0;1;3;4;0;0;0;2;2;4;
Josh McRoberts;F;33:41;2;6;1;2;0;0;3;4;7;5;1;1;0;2;5;
Al Jefferson;C;32:52;6;14;0;0;2;2;1;2;3;1;0;2;2;1;14;
Gerald Henderson;G;36:45;7;17;0;2;6;6;0;5;5;1;1;0;2;0;20;
Kemba Walker;G;34:02;11;17;1;2;5;6;2;4;6;5;0;0;3;2;28;
Jeff Adrien;;15:08;0;0;0;0;1;2;1;2;3;0;0;0;1;1;1;
Jeff Taylor;;27:19;3;6;1;2;0;0;0;3;3;0;0;0;1;4;7;
Cody Zeller;;14:19;1;3;0;0;0;0;0;3;3;1;0;0;1;1;2;
Ramon Sessions;;18:43;1;7;0;1;3;4;0;0;0;3;0;0;4;0;5;
Anthony Tolliver;;10:38;0;0;0;0;0;0;1;2;3;1;0;0;0;2;0;
