04-14;MIL-TOR;100-110;
19-32;27-27;23-25;31-26;
MIL
Khris Middleton;F;35:49;4;8;2;3;5;7;0;3;3;4;2;0;3;4;15;
Jeff Adrien;F;39:56;9;16;0;0;1;3;1;8;9;0;1;0;0;3;19;
Zaza Pachulia;C;16:42;3;5;0;0;0;0;1;3;4;3;0;1;1;2;6;
Ramon Sessions;G;39:37;7;13;2;2;5;6;1;1;2;5;1;0;4;1;21;
Brandon Knight;G;42:37;7;17;1;4;3;4;0;2;2;4;2;1;2;3;18;
John Henson;;26:55;5;8;0;0;2;2;2;5;7;2;0;1;3;3;12;
Giannis Antetokounmpo;;23:32;1;3;1;1;2;2;0;4;4;3;1;0;1;1;5;
Chris Wright;;10:29;2;3;0;0;0;2;0;0;0;0;0;0;1;2;4;
Miroslav Raduljica;;4:23;0;0;0;0;0;0;1;0;1;0;0;0;1;2;0;
TOR
Terrence Ross;F;34:12;3;9;1;5;1;2;1;1;2;3;3;0;2;2;8;
Amir Johnson;F;27:51;4;7;2;2;0;1;1;4;5;3;1;0;2;3;10;
Jonas Valanciunas;C;27:42;4;7;0;0;6;6;3;10;13;1;0;0;2;3;14;
Greivis Vasquez;G;39:40;8;12;5;9;4;5;0;2;2;7;0;0;2;2;25;
Kyle Lowry;G;36:42;10;24;3;9;1;1;3;2;5;4;1;0;1;3;24;
Tyler Hansbrough;;20:18;4;6;0;0;4;5;5;6;11;0;3;0;1;3;12;
Patrick Patterson;;20:10;1;7;1;4;0;0;1;4;5;1;2;0;1;2;3;
Nando De Colo;;17:48;2;6;1;2;2;2;1;1;2;5;1;0;1;2;7;
John Salmons;;15:39;2;3;1;1;2;4;0;1;1;1;0;0;1;2;7;
