04-04;DAL-LAL;107-95;
27-23;25-31;30-24;25-17;
DAL
Shawn Marion;F;30:45;7;14;1;3;0;0;3;5;8;1;1;0;3;1;15;
Dirk Nowitzki;F;33:44;11;14;1;2;4;5;3;6;9;5;0;0;2;1;27;
Samuel Dalembert;C;21:08;6;9;0;0;2;2;4;10;14;0;1;1;0;1;14;
Monta Ellis;G;34:06;3;13;0;0;2;2;0;3;3;9;1;0;3;1;8;
Jose Calderon;G;28:35;4;11;2;8;1;1;0;3;3;2;0;0;1;3;11;
Vince Carter;;15:41;0;8;0;2;0;0;1;0;1;3;0;1;3;4;0;
Devin Harris;;23:49;3;8;1;3;0;0;0;1;1;7;2;0;3;2;7;
Brandan Wright;;26:52;10;10;0;0;3;3;2;3;5;1;1;2;1;2;23;
Jae Crowder;;20:18;0;3;0;3;2;2;2;5;7;0;1;0;0;1;2;
Wayne Ellington;;5:02;0;2;0;0;0;0;0;1;1;0;1;0;0;1;0;
LAL
Kent Bazemore;F;36:53;4;11;0;5;5;5;1;2;3;2;0;0;1;3;13;
Ryan Kelly;F;14:44;1;6;0;2;1;2;0;1;1;4;2;0;1;3;3;
Jordan Hill;C;31:01;5;10;0;0;4;6;4;6;10;1;1;2;1;3;14;
Jodie Meeks;G;40:34;10;17;4;10;1;1;0;4;4;2;2;0;2;2;25;
Kendall Marshall;G;29:10;4;9;1;5;0;0;0;2;2;8;2;1;1;1;9;
Wesley Johnson;;31:57;3;13;0;2;0;1;3;8;11;2;3;2;2;0;6;
Robert Sacre;;16:59;1;6;0;0;5;6;2;2;4;0;0;0;1;1;7;
Steve Nash;;18:50;2;3;0;0;0;0;0;1;1;7;0;0;4;0;4;
Nick Young;;19:52;5;8;2;4;2;3;0;2;2;0;0;0;2;1;14;
