02-09;MEM-CLE;83-91;
18-22;15-20;25-17;20-19;5-13;
MEM
Tayshaun Prince;F;28:24;3;6;1;1;0;0;0;3;3;0;1;0;0;0;7;
Zach Randolph;F;36:57;6;16;0;1;2;3;2;6;8;2;0;0;3;4;14;
Marc Gasol;C;39:41;3;11;0;0;2;2;1;8;9;5;3;4;3;2;8;
Courtney Lee;G;38:00;4;15;0;4;2;2;0;3;3;3;2;0;0;1;10;
Nick Calathes;G;39:12;7;9;2;3;1;2;0;5;5;6;1;0;6;5;17;
Kosta Koufos;;13:12;3;5;0;0;0;0;2;3;5;0;0;1;1;4;6;
Darius Morris;;14:15;2;4;0;1;0;0;2;1;3;3;0;0;0;0;4;
James Johnson;;24:19;4;12;0;2;7;7;1;3;4;1;1;0;1;2;15;
Mike Miller;;19:42;0;4;0;2;0;0;0;2;2;2;0;0;0;1;0;
Ed Davis;;10:37;1;4;0;0;0;0;1;3;4;0;0;1;0;1;2;
Jon Leuer;;0:41;0;0;0;0;0;0;0;0;0;0;0;0;0;1;0;
CLE
Luol Deng;F;32:14;4;9;1;2;0;0;1;4;5;0;1;0;0;1;9;
Tristan Thompson;F;29:09;2;8;0;0;0;2;0;3;3;2;1;1;1;5;4;
Anderson Varejao;C;43:23;2;6;0;0;0;2;2;12;14;5;0;1;1;1;4;
Kyrie Irving;G;40:22;9;17;4;4;6;8;1;4;5;6;1;1;5;3;28;
Jarrett Jack;G;14:43;1;4;0;1;0;0;0;3;3;1;0;0;1;0;2;
Anthony Bennett;;6:04;1;4;0;0;0;0;1;1;2;1;0;0;1;2;2;
Dion Waiters;;38:17;7;21;1;5;3;3;2;5;7;6;2;0;2;1;18;
CJ Miles;;23:48;5;11;3;7;1;1;0;1;1;0;1;1;2;2;14;
Tyler Zeller;;24:22;2;6;0;0;1;2;3;5;8;0;0;0;0;5;5;
Matthew Dellavedova;;12:38;2;2;1;1;0;0;0;0;0;3;0;1;0;0;5;
