12-26;ATL-CLE;127-125;
26-27;24-21;26-24;19-23;13-13;19-17;
ATL
DeMarre Carroll;F;25:37;3;7;1;3;1;2;0;1;1;0;1;0;0;2;8;
Paul Millsap;F;42:51;9;16;2;4;0;0;2;9;11;3;2;2;6;4;20;
Al Horford;C;36:13;11;17;1;1;2;2;3;5;8;4;0;2;1;2;25;
Kyle Korver;G;38:35;5;11;2;8;1;1;0;5;5;4;1;0;2;1;13;
Jeff Teague;G;43:44;11;20;1;4;4;6;0;2;2;12;3;0;5;3;27;
Elton Brand;;9:40;0;0;0;0;0;0;0;2;2;0;0;1;2;2;0;
Lou Williams;;21:33;3;9;0;4;1;2;0;0;0;1;1;0;1;3;7;
Shelvin Mack;;30:39;2;7;1;3;3;4;0;5;5;4;3;0;0;2;8;
Dennis Schroder;;0:05;0;0;0;0;0;0;0;0;0;0;0;0;1;0;0;
Mike Scott;;7:57;0;2;0;2;0;0;1;0;1;0;1;0;0;2;0;
Gustavo Ayon;;8:01;0;1;0;0;0;0;2;1;3;0;1;0;2;2;0;
Pero Antic;;0:05;0;0;0;0;0;0;0;0;0;1;0;0;0;0;0;
CLE
Earl Clark;F;18:23;1;4;1;1;0;0;1;4;5;1;0;1;0;1;3;
Tristan Thompson;F;41:46;6;11;0;0;5;7;2;4;6;1;0;2;2;4;17;
Andrew Bynum;C;17:49;2;3;0;0;0;0;0;1;1;0;0;1;0;0;4;
CJ Miles;G;13:44;4;7;2;3;0;0;0;2;2;0;1;0;2;1;10;
Kyrie Irving;G;40:05;12;27;1;5;3;4;0;2;2;8;3;1;6;2;28;
Dion Waiters;;36:48;9;13;1;2;1;2;1;3;4;2;0;0;5;0;20;
Jarrett Jack;;27:21;2;5;0;1;5;8;1;4;5;3;0;0;2;2;9;
Anderson Varejao;;29:36;4;7;0;1;0;0;5;11;16;3;1;2;3;3;8;
Matthew Dellavedova;;24:03;2;6;1;4;4;4;0;1;1;3;2;0;2;2;9;
Anthony Bennett;;4:41;0;1;0;0;0;0;0;0;0;0;0;0;0;1;0;
Tyler Zeller;;10:45;0;1;0;0;0;0;1;1;2;0;1;0;0;0;0;
