04-16;DET-OKC;111-112;
30-28;25-26;32-25;24-33;
DET
Kyle Singler;F;38:08;6;9;2;4;6;6;0;0;0;2;0;0;1;4;20;
Greg Monroe;F;37:51;9;19;0;0;4;9;2;6;8;9;1;1;4;4;22;
Andre Drummond;C;27:54;9;16;0;0;4;8;8;5;13;0;2;1;0;6;22;
Kentavious Caldwell-Pope;G;43:36;11;19;5;7;3;5;3;3;6;0;2;1;0;5;30;
Brandon Jennings;G;34:02;2;9;0;5;2;3;0;4;4;7;0;0;8;3;6;
Gigi Datome;;9:00;1;3;0;1;0;0;1;4;5;0;0;0;1;2;2;
Jonas Jerebko;;25:01;2;3;1;1;0;0;1;3;4;0;0;0;2;2;5;
Peyton Siva;;18:22;2;4;0;1;0;0;0;0;0;2;0;0;1;2;4;
Tony Mitchell;;6:06;0;1;0;0;0;0;0;1;1;0;1;0;0;0;0;
OKC
Kevin Durant;F;45:07;14;30;1;5;13;15;2;2;4;6;0;0;3;3;42;
Serge Ibaka;F;32:03;5;9;0;0;0;1;7;8;15;1;0;6;5;5;10;
Kendrick Perkins;C;16:45;1;3;0;0;3;4;5;2;7;0;0;0;1;5;5;
Thabo Sefolosha;G;25:36;3;7;0;4;1;2;1;3;4;3;2;0;0;0;7;
Russell Westbrook;G;34:02;5;15;0;3;12;15;3;3;6;8;6;0;4;3;22;
Nick Collison;;15:16;2;3;0;0;0;0;3;0;3;2;0;0;1;3;4;
Steven Adams;;10:42;0;1;0;0;1;2;2;0;2;0;0;0;0;0;1;
Caron Butler;;17:57;0;1;0;0;0;0;0;2;2;1;0;0;0;1;0;
Reggie Jackson;;26:42;6;11;3;7;0;0;1;4;5;2;2;0;0;1;15;
Derek Fisher;;15:50;2;6;1;4;1;2;0;1;1;0;0;1;1;1;6;
