11-11;CLE-CHI;81-96;
17-20;19-25;24-19;21-32;
CLE
Alonzo Gee;F;18:30;3;4;1;1;0;0;0;1;1;0;1;1;0;0;7;
Tristan Thompson;F;38:30;6;11;0;0;2;4;4;9;13;0;1;1;1;4;14;
Andrew Bynum;C;20:57;3;5;0;0;5;5;2;4;6;2;0;2;3;1;11;
Dion Waiters;G;33:37;6;13;1;3;0;0;0;2;2;2;1;2;6;2;13;
Kyrie Irving;G;41:05;5;19;2;5;4;5;0;2;2;4;0;0;3;3;16;
CJ Miles;;18:57;4;10;1;4;0;0;0;2;2;0;1;3;1;3;9;
Jarrett Jack;;25:12;0;6;0;1;2;2;0;0;0;1;1;0;1;1;2;
Anderson Varejao;;29:16;2;5;0;0;1;2;3;3;6;3;2;2;2;3;5;
Matthew Dellavedova;;5:02;1;1;0;0;0;0;0;0;0;1;0;0;1;1;2;
Henry Sims;;4:42;0;0;0;0;0;2;1;2;3;0;0;0;0;3;0;
Tyler Zeller;;4:12;1;1;0;0;0;0;1;2;3;0;0;0;0;1;2;
CHI
Luol Deng;F;36:36;3;12;0;3;6;6;2;3;5;3;1;0;1;0;12;
Carlos Boozer;F;33:50;7;11;0;0;3;3;2;5;7;4;1;2;2;5;17;
Joakim Noah;C;27:10;4;5;0;0;2;2;1;5;6;1;3;1;2;5;10;
Jimmy Butler;G;24:07;4;13;1;4;2;2;1;1;2;0;1;0;1;0;11;
Derrick Rose;G;34:00;8;21;0;2;0;0;1;2;3;7;0;0;0;1;16;
Mike Dunleavy;;23:53;4;6;2;3;5;5;0;4;4;2;1;0;1;1;15;
Taj Gibson;;26:45;3;7;0;0;3;4;3;5;8;0;1;3;2;3;9;
Kirk Hinrich;;24:54;1;6;1;4;3;4;1;2;3;7;1;0;1;5;6;
Nazr Mohammed;;8:15;0;2;0;0;0;0;3;0;3;0;0;1;1;1;0;
Tony Snell;;0:30;0;0;0;0;0;0;0;0;0;0;0;0;0;0;0;
