01-28;ORL-DET;87-103;
22-20;21-33;17-25;27-25;
ORL
Tobias Harris;F;31:39;4;13;0;4;6;8;1;8;9;2;0;0;3;3;14;
Jason Maxiell;F;14:15;1;2;0;0;0;0;0;1;1;0;0;1;0;0;2;
Glen Davis;C;22:31;4;7;0;0;0;0;2;3;5;1;1;0;0;1;8;
Arron Afflalo;G;28:57;6;12;1;3;1;2;0;3;3;0;1;0;2;0;14;
Jameer Nelson;G;25:10;3;9;3;6;2;3;0;2;2;7;2;0;3;3;11;
Kyle O'Quinn;;26:57;2;7;0;0;0;0;3;8;11;1;4;0;1;5;4;
Victor Oladipo;;25:48;7;14;2;3;3;3;0;4;4;3;0;0;6;1;19;
Maurice Harkless;;20:25;1;3;1;2;0;6;0;0;0;1;2;0;0;1;3;
E'Twaun Moore;;22:21;3;6;1;2;3;3;1;1;2;2;0;1;0;1;10;
Andrew Nicholson;;16:21;1;4;0;0;0;0;1;2;3;2;0;0;0;2;2;
Doron Lamb;;5:36;0;0;0;0;0;0;0;0;0;0;0;0;0;0;0;
DET
Josh Smith;F;29:39;8;12;0;2;0;1;0;2;2;2;1;2;3;2;16;
Greg Monroe;F;24:33;4;11;0;0;0;0;4;7;11;3;1;0;1;0;8;
Andre Drummond;C;32:32;5;7;0;0;3;4;5;12;17;0;1;2;1;1;13;
Kentavious Caldwell-Pope;G;18:42;2;5;0;2;0;0;0;2;2;1;0;0;0;2;4;
Brandon Jennings;G;33:38;7;19;2;7;4;7;2;2;4;8;3;0;2;2;20;
Rodney Stuckey;;28:57;4;9;1;1;4;6;0;3;3;4;1;0;2;2;13;
Kyle Singler;;22:46;4;7;1;2;3;4;3;1;4;0;0;1;0;3;12;
Will Bynum;;15:22;3;7;1;3;0;0;1;0;1;3;0;1;3;2;7;
Josh Harrellson;;18:21;1;4;1;2;0;0;0;8;8;1;0;1;3;5;3;
Jonas Jerebko;;5:51;0;3;0;1;1;2;1;0;1;0;0;0;0;1;1;
Tony Mitchell;;5:36;0;0;0;0;4;4;1;1;2;0;0;0;0;0;4;
Gigi Datome;;4:03;1;2;0;0;0;0;0;1;1;0;0;0;0;0;2;
