11-30;ATL-WAS;101-108;
20-28;24-26;26-25;31-29;
ATL
DeMarre Carroll;F;36:37;3;9;1;2;4;4;5;3;8;1;2;0;2;2;11;
Paul Millsap;F;34:39;9;14;4;5;1;2;1;9;10;2;1;2;4;4;23;
Al Horford;C;33:47;7;13;0;0;2;2;0;3;3;0;0;2;0;1;16;
Cartier Martin;G;30:43;4;7;2;4;2;3;1;4;5;1;0;1;3;2;12;
Jeff Teague;G;30:56;5;18;0;2;5;5;1;2;3;5;0;0;5;2;15;
John Jenkins;;21:00;1;1;0;0;0;0;0;1;1;2;0;0;0;0;2;
Mike Scott;;11:31;2;7;0;2;2;2;0;4;4;0;0;0;0;1;6;
Shelvin Mack;;24:44;4;9;0;1;3;4;0;2;2;6;4;0;2;6;11;
Elton Brand;;7:07;1;1;0;0;3;4;1;1;2;1;0;1;0;0;5;
Pero Antic;;8:56;0;2;0;1;0;0;0;2;2;1;0;0;0;0;0;
WAS
Martell Webster;F;40:54;6;11;5;9;2;4;1;2;3;2;1;1;2;3;19;
Nene;F;35:41;4;12;0;0;5;6;1;11;12;3;1;1;2;3;13;
Marcin Gortat;C;40:30;6;11;0;0;0;0;1;6;7;3;0;3;4;4;12;
Trevor Ariza;G;37:47;7;10;5;6;5;5;0;3;3;3;1;0;1;2;24;
John Wall;G;38:45;9;18;2;6;6;11;0;6;6;12;5;0;3;2;26;
Jan Vesely;;15:04;1;3;0;0;2;2;1;0;1;0;1;0;0;3;4;
Chris Singleton;;16:37;2;4;0;1;0;2;1;4;5;0;2;0;2;2;4;
Eric Maynor;;9:15;2;6;0;2;0;0;1;0;1;1;1;0;2;0;4;
Kevin Seraphin;;4:25;1;3;0;0;0;0;0;0;0;0;0;0;0;1;2;
Garrett Temple;;1:02;0;0;0;0;0;0;0;0;0;0;0;0;0;0;0;
