03-23;ATL-TOR;86-96;
25-16;24-26;22-18;15-36;
ATL
DeMarre Carroll;F;37:25;7;13;1;2;2;5;3;1;4;1;5;0;0;3;17;
Paul Millsap;F;40:55;7;16;2;4;1;2;1;7;8;0;3;1;5;2;17;
Pero Antic;C;26:17;1;6;0;5;2;2;3;7;10;3;0;0;4;2;4;
Shelvin Mack;G;28:34;3;7;0;2;1;1;0;2;2;0;2;0;1;3;7;
Jeff Teague;G;35:36;5;13;1;3;5;5;0;3;3;5;1;1;3;2;16;
Elton Brand;;21:47;3;3;0;0;1;2;0;4;4;2;1;0;1;3;7;
Lou Williams;;19:26;1;3;0;2;2;2;0;1;1;3;0;0;1;0;4;
Mike Scott;;17:36;4;9;0;0;0;0;1;4;5;1;1;0;1;2;8;
Dennis Schroder;;12:24;2;6;1;2;1;1;0;1;1;2;0;0;0;2;6;
TOR
Terrence Ross;F;34:04;4;14;2;8;0;1;1;4;5;0;2;0;0;2;10;
Amir Johnson;F;29:35;3;7;0;0;0;0;4;4;8;1;3;1;2;3;6;
Jonas Valanciunas;C;33:08;2;4;0;0;9;10;4;9;13;0;0;1;2;4;13;
DeMar DeRozan;G;37:34;8;18;2;3;3;4;0;2;2;3;0;1;4;3;21;
Kyle Lowry;G;27:04;9;17;3;7;4;7;1;1;2;4;4;0;1;2;25;
Tyler Hansbrough;;12:28;0;1;0;0;2;4;2;5;7;1;0;0;1;2;2;
Greivis Vasquez;;27:50;5;13;0;5;2;2;0;3;3;5;1;0;3;1;12;
John Salmons;;6:27;0;1;0;0;0;0;0;1;1;0;0;0;0;0;0;
Steve Novak;;9:04;0;0;0;0;0;0;0;0;0;0;1;0;0;0;0;
Nando De Colo;;10:31;1;2;1;1;0;0;0;1;1;1;0;0;3;2;3;
Charles Hayes;;11:45;2;3;0;0;0;0;0;3;3;2;1;1;0;0;4;
Landry Fields;;0:30;0;0;0;0;0;0;0;0;0;0;0;0;0;0;0;
