03-22;HOU-CLE;118-111;
39-31;28-24;34-24;17-32;
HOU
Chandler Parsons;F;38:25;7;17;2;7;0;0;0;4;4;6;0;2;1;1;16;
Terrence Jones;F;29:01;4;5;1;2;5;7;2;3;5;2;0;2;0;3;14;
Omer Asik;C;33:04;4;8;0;0;1;2;2;6;8;2;0;2;1;0;9;
James Harden;G;29:28;9;15;5;8;14;14;0;3;3;10;4;1;1;1;37;
Patrick Beverley;G;34:27;6;12;3;9;0;0;0;3;3;7;0;0;1;2;15;
Donatas Motiejunas;;18:55;5;5;0;0;1;1;0;0;0;0;1;0;1;4;11;
Omri Casspi;;14:32;0;3;0;2;0;0;0;1;1;1;2;2;4;3;0;
Jeremy Lin;;26:04;3;11;1;5;6;6;1;6;7;2;2;1;1;1;13;
Jordan Hamilton;;10:44;0;2;0;1;0;0;0;0;0;1;0;0;2;2;0;
Isaiah Canaan;;5:20;0;1;0;1;3;4;0;0;0;0;0;0;1;1;3;
CLE
Alonzo Gee;F;23:00;4;5;1;1;0;0;0;2;2;2;2;0;1;3;9;
Tristan Thompson;F;25:12;4;8;0;0;2;2;3;9;12;1;1;0;0;5;10;
Spencer Hawes;C;16:30;1;8;0;2;1;2;2;0;2;2;0;1;2;2;3;
Dion Waiters;G;39:48;11;21;1;6;3;4;1;4;5;7;0;0;3;5;26;
Jarrett Jack;G;35:52;5;13;0;1;1;1;0;4;4;5;1;1;2;1;11;
Matthew Dellavedova;;36:58;5;11;3;5;1;1;1;4;5;10;0;0;6;4;14;
Anderson Varejao;;23:33;5;7;0;1;2;2;3;8;11;2;1;1;1;3;12;
Tyler Zeller;;30:17;10;16;0;0;3;5;3;4;7;3;0;1;1;4;23;
Seth Curry;;8:50;1;3;1;1;0;0;0;1;1;0;2;0;0;0;3;
