04-02;NOP-DEN;107-137;
26-40;27-31;28-34;26-32;
NOP
Al-Farouq Aminu;F;21:05;0;3;0;0;5;10;2;5;7;1;0;0;1;2;5;
Anthony Davis;F;10:30;3;4;0;0;0;0;0;3;3;1;0;0;0;2;6;
Greg Stiemsma;C;20:10;4;9;0;0;1;2;2;4;6;1;0;1;1;3;9;
Tyreke Evans;G;32:42;9;17;0;0;9;9;2;6;8;3;0;0;3;2;27;
Brian Roberts;G;20:09;3;8;0;1;0;0;0;1;1;6;0;0;2;1;6;
Alexis Ajinca;;19:43;3;5;0;0;3;4;0;4;4;2;2;0;1;3;9;
Darius Miller;;20:35;3;5;0;1;3;4;0;2;2;1;0;1;0;1;9;
Jeff Withey;;29:55;4;5;0;0;5;5;1;4;5;1;1;4;1;3;13;
Austin Rivers;;27:33;1;4;0;0;4;6;0;3;3;2;1;0;4;1;6;
Anthony Morrow;;29:08;5;12;2;5;5;5;1;1;2;2;0;1;1;5;17;
Luke Babbitt;;8:31;0;2;0;2;0;0;0;1;1;1;1;0;2;2;0;
DEN
Quincy Miller;F;22:21;2;6;2;4;0;2;1;3;4;0;2;0;0;3;6;
Kenneth Faried;F;26:46;14;19;0;0;6;8;2;11;13;2;0;3;1;5;34;
Timofey Mozgov;C;26:24;5;11;1;2;4;4;1;1;2;0;1;2;1;1;15;
Randy Foye;G;30:14;4;9;1;4;0;0;1;2;3;7;0;0;1;3;9;
Ty Lawson;G;33:27;3;7;0;1;8;10;0;3;3;12;1;0;3;4;14;
Darrell Arthur;;16:36;3;5;2;2;0;0;0;2;2;0;0;3;1;1;8;
Evan Fournier;;23:56;5;13;2;5;0;1;2;2;4;6;0;0;1;3;12;
Aaron Brooks;;29:45;9;12;6;8;0;0;0;3;3;1;2;2;1;3;24;
Jan Vesely;;21:22;5;6;0;0;0;0;1;4;5;2;2;2;0;4;10;
Anthony Randolph;;9:11;2;4;1;1;0;0;0;1;1;3;0;0;2;2;5;
