12-06;LAL-SAC;106-100;
28-30;24-25;29-32;25-13;
LAL
Wesley Johnson;F;32:04;5;9;3;5;0;0;1;1;2;2;5;1;3;3;13;
Pau Gasol;F;33:12;6;15;0;0;7;7;0;7;7;3;2;1;1;1;19;
Robert Sacre;C;16:38;5;7;0;0;1;2;3;2;5;1;0;2;0;4;11;
Jodie Meeks;G;33:27;7;11;5;6;0;0;2;1;3;1;0;0;0;1;19;
Steve Blake;G;39:15;5;13;2;9;1;2;0;3;3;10;1;0;4;2;13;
Nick Young;;30:54;6;16;0;6;2;4;0;3;3;3;1;1;1;4;14;
Xavier Henry;;17:05;2;4;0;0;0;0;0;1;1;3;1;0;3;1;4;
Shawne Williams;;22:37;2;6;2;6;0;0;0;3;3;0;0;0;0;1;6;
Jordan Hill;;14:48;3;5;0;0;1;3;4;5;9;1;0;2;0;3;7;
SAC
Derrick Williams;F;25:09;2;5;0;0;5;6;3;6;9;2;0;0;2;2;9;
Jason Thompson;F;23:21;4;5;0;0;1;2;0;5;5;0;0;1;0;2;9;
DeMarcus Cousins;C;31:58;6;17;0;0;8;12;6;5;11;4;2;1;6;6;20;
Ben McLemore;G;31:52;8;17;4;7;0;0;3;3;6;1;2;0;2;1;20;
Greivis Vasquez;G;22:35;2;5;1;3;0;0;0;0;0;6;0;1;1;1;5;
John Salmons;;25:49;5;9;3;5;0;0;1;3;4;0;1;1;1;3;13;
Patrick Patterson;;22:22;1;9;0;1;0;0;4;3;7;1;0;0;0;1;2;
Isaiah Thomas;;25:25;6;13;2;4;0;0;0;2;2;9;4;0;3;0;14;
Charles Hayes;;15:08;2;3;0;0;2;2;1;3;4;0;1;0;0;2;6;
Marcus Thornton;;16:08;1;3;0;2;0;0;0;3;3;2;0;0;0;1;2;
Ray McCallum;;0:13;0;0;0;0;0;0;0;0;0;0;0;0;0;0;0;
