11-20;BOS-SAS;93-104;
25-22;23-26;22-32;23-24;
BOS
Jeff Green;F;38:55;7;14;2;2;3;4;1;4;5;3;0;1;2;1;19;
Jared Sullinger;F;31:24;8;17;1;5;2;2;4;13;17;0;0;0;2;4;19;
Kelly Olynyk;C;37:29;2;9;0;2;4;4;3;5;8;3;0;0;2;5;8;
Avery Bradley;G;35:36;9;18;1;2;0;0;0;3;3;2;0;0;2;4;19;
Jordan Crawford;G;27:23;5;9;0;2;2;2;0;4;4;4;1;0;2;0;12;
Courtney Lee;;18:04;1;3;0;0;0;0;0;1;1;2;1;0;2;0;2;
Brandon Bass;;20:09;3;7;0;0;0;0;1;0;1;1;1;1;1;1;6;
Gerald Wallace;;15:08;1;3;0;0;0;0;0;1;1;0;0;0;2;1;2;
Phil Pressey;;8:54;1;3;0;1;0;0;1;2;3;2;1;0;1;1;2;
Vitor Faverani;;2:05;0;1;0;1;0;0;0;0;0;0;0;0;0;2;0;
Kris Humphries;;4:53;2;2;0;0;0;0;0;1;1;1;0;1;1;1;4;
SAS
Kawhi Leonard;F;31:45;7;14;1;5;1;2;2;6;8;2;5;1;0;2;16;
Tim Duncan;F;27:34;3;13;0;0;7;8;1;8;9;3;0;0;0;2;13;
Tiago Splitter;C;22:36;4;4;0;0;3;6;2;8;10;3;1;1;1;3;11;
Danny Green;G;22:56;4;6;3;5;0;0;0;1;1;2;1;1;0;1;11;
Tony Parker;G;28:04;6;11;0;0;7;8;0;4;4;4;0;0;1;0;19;
Manu Ginobili;;24:00;2;5;1;1;0;0;0;3;3;7;1;1;0;1;5;
Boris Diaw;;23:57;6;10;0;3;0;0;1;0;1;2;2;2;5;2;12;
Marco Belinelli;;17:19;4;7;1;1;0;0;0;0;0;0;0;0;2;2;9;
Patty Mills;;18:52;1;6;1;3;0;0;1;1;2;3;2;0;0;0;3;
Jeff Ayres;;8:06;0;1;0;0;0;0;0;3;3;0;0;0;0;1;0;
Matt Bonner;;13:47;1;3;1;3;0;0;0;0;0;1;0;0;1;0;3;
Cory Joseph;;1:04;1;1;0;0;0;0;0;0;0;0;0;0;1;0;2;
