04-09;CHA-WAS;94-88;
32-18;22-23;17-25;16-21;7-1;
CHA
Michael Kidd-Gilchrist;F;21:01;2;3;0;0;0;0;2;3;5;0;2;1;2;1;4;
Josh McRoberts;F;33:51;5;12;2;8;0;0;0;2;2;2;2;0;1;2;12;
Al Jefferson;C;42:48;9;20;0;0;2;2;5;13;18;2;1;0;3;2;20;
Gerald Henderson;G;33:14;4;9;3;3;2;2;0;5;5;2;1;0;0;1;13;
Kemba Walker;G;43:36;6;21;3;6;2;2;0;4;4;12;0;0;3;2;17;
Cody Zeller;;19:09;1;5;0;0;2;4;2;2;4;1;0;0;1;3;4;
Gary Neal;;30:57;5;14;1;4;5;5;0;4;4;4;0;0;1;1;16;
Chris Douglas-Roberts;;20:48;2;5;2;4;0;0;0;3;3;0;1;0;0;0;6;
Luke Ridnour;;9:24;0;2;0;0;0;0;0;1;1;0;0;0;0;3;0;
Bismack Biyombo;;10:12;1;1;0;0;0;0;0;2;2;0;0;0;1;2;2;
WAS
Trevor Ariza;F;39:21;0;6;0;4;0;2;0;5;5;2;2;0;2;3;0;
Trevor Booker;F;30:22;4;5;0;0;8;8;1;1;2;1;2;5;0;1;16;
Marcin Gortat;C;44:08;13;18;0;0;1;1;4;10;14;3;1;2;2;0;27;
Bradley Beal;G;42:42;4;15;0;5;0;0;0;5;5;3;0;2;1;2;8;
John Wall;G;42:10;6;18;0;2;2;3;1;11;12;11;0;0;5;4;14;
Martell Webster;;24:04;2;5;1;4;2;2;0;3;3;0;0;0;0;1;7;
Nene;;16:52;5;9;0;0;0;4;0;0;0;1;1;0;0;3;10;
Andre Miller;;10:50;2;4;0;0;0;0;0;1;1;1;1;0;2;0;4;
Drew Gooden;;14:24;1;2;0;0;0;0;1;2;3;1;0;0;0;1;2;
Garrett Temple;;0:07;0;0;0;0;0;0;0;0;0;0;0;0;0;0;0;
