12-31;BKN-SAS;92-113;
20-30;16-29;32-39;24-15;
BKN
Paul Pierce;F;28:32;5;11;1;3;2;2;0;3;3;6;1;0;3;2;13;
Mirza Teletovic;F;29:39;4;9;2;3;2;2;0;0;0;2;0;0;1;3;12;
Kevin Garnett;C;16:41;0;5;0;0;2;2;1;2;3;1;0;0;0;1;2;
Joe Johnson;G;26:54;4;8;1;2;0;0;1;0;1;1;1;0;0;4;9;
Deron Williams;G;25:45;4;11;0;2;1;1;1;3;4;6;0;0;2;1;9;
Jason Terry;;4:52;0;0;0;0;0;0;0;0;0;0;0;0;1;3;0;
Alan Anderson;;25:06;5;13;1;4;2;2;2;3;5;1;3;0;0;1;13;
Mason Plumlee;;38:22;6;11;0;0;3;4;4;9;13;0;1;2;5;2;15;
Andrei Kirilenko;;10:53;2;2;0;0;0;1;1;0;1;2;0;0;2;2;4;
Shaun Livingston;;24:52;7;14;0;1;1;1;1;3;4;5;2;0;1;5;15;
Tornike Shengelia;;8:24;0;0;0;0;0;0;0;0;0;0;0;0;0;0;0;
SAS
Kawhi Leonard;F;26:51;3;6;0;1;0;0;2;4;6;1;2;1;1;2;6;
Tim Duncan;F;24:04;7;11;0;0;1;2;0;5;5;1;1;0;1;0;15;
Tiago Splitter;C;19:02;3;6;0;0;6;6;2;1;3;2;0;0;2;3;12;
Marco Belinelli;G;17:15;4;6;2;3;0;1;0;6;6;3;1;0;1;2;10;
Tony Parker;G;27:18;4;7;1;1;9;9;0;1;1;6;1;0;3;0;18;
Manu Ginobili;;20:32;3;8;3;5;6;6;0;4;4;4;0;0;2;2;15;
Boris Diaw;;16:58;4;5;0;0;0;0;1;2;3;4;1;0;0;2;8;
Danny Green;;17:07;1;3;1;1;0;0;0;1;1;0;1;1;1;0;3;
Jeff Ayres;;21:23;1;3;0;0;2;2;3;5;8;2;0;1;0;2;4;
Patty Mills;;20:42;5;15;2;7;0;0;2;0;2;3;0;1;2;2;12;
Matt Bonner;;12:00;0;1;0;1;0;0;0;3;3;1;1;1;1;0;0;
Cory Joseph;;8:24;2;3;0;1;0;2;2;0;2;0;0;1;0;0;4;
Aron Baynes;;8:24;3;4;0;0;0;0;2;1;3;0;0;0;1;2;6;
