12-01;IND-LAC;105-100;
29-22;24-25;31-27;21-26;
IND
Paul George;F;34:54;10;23;4;10;3;3;1;5;6;5;2;1;3;4;27;
David West;F;34:43;11;22;0;1;2;2;6;6;12;2;0;1;1;4;24;
Roy Hibbert;C;36:19;8;16;0;1;3;4;5;3;8;2;1;1;4;3;19;
Lance Stephenson;G;39:25;3;6;0;2;1;3;3;7;10;6;1;0;3;3;7;
George Hill;G;35:32;2;5;1;4;6;6;0;5;5;6;1;0;3;3;11;
Orlando Johnson;;9:08;1;1;1;1;0;0;0;0;0;1;0;0;0;1;3;
Ian Mahinmi;;11:41;1;3;0;0;3;6;1;2;3;0;0;1;0;2;5;
CJ Watson;;18:13;1;6;1;5;0;0;0;0;0;3;0;0;0;2;3;
Luis Scola;;13:17;1;5;0;0;1;2;1;4;5;0;0;0;2;1;3;
Solomon Hill;;6:48;1;2;1;2;0;0;0;1;1;0;0;0;0;2;3;
LAC
Jared Dudley;F;19:14;3;7;1;1;3;3;0;0;0;0;1;0;2;3;10;
Blake Griffin;F;36:32;6;13;0;0;4;5;3;9;12;2;1;0;5;3;16;
DeAndre Jordan;C;35:19;5;8;0;0;1;2;6;6;12;2;3;1;0;3;11;
Willie Green;G;14:57;1;5;0;3;0;0;0;0;0;0;0;0;0;0;2;
Chris Paul;G;34:00;6;15;0;1;5;5;0;3;3;10;1;0;1;4;17;
Jamal Crawford;;32:58;6;19;1;6;7;7;0;1;1;2;1;0;1;1;20;
Reggie Bullock;;19:19;4;4;1;1;1;1;0;1;1;0;1;0;0;0;10;
Ryan Hollins;;8:37;1;1;0;0;1;2;2;1;3;0;0;1;1;2;3;
Darren Collison;;23:32;3;6;0;1;2;4;0;5;5;3;0;0;1;4;8;
Antawn Jamison;;15:32;1;4;1;2;0;2;1;3;4;0;0;0;0;3;3;
