11-07;LAC-MIA;97-102;
31-28;25-24;17-24;24-26;
LAC
Jared Dudley;F;27:54;1;5;0;4;0;0;1;0;1;2;2;0;3;4;2;
Blake Griffin;F;38:18;11;15;1;1;4;5;2;12;14;2;1;0;3;3;27;
DeAndre Jordan;C;42:02;4;8;0;0;3;5;4;10;14;1;2;1;2;5;11;
JJ Redick;G;30:49;4;11;2;6;5;6;1;1;2;1;0;0;1;5;15;
Chris Paul;G;37:26;3;11;0;3;5;5;0;5;5;12;2;0;5;5;11;
Jamal Crawford;;29:29;6;11;2;5;0;0;0;1;1;1;1;0;1;1;14;
Willie Green;;14:04;2;4;1;2;0;0;0;0;0;2;0;0;2;3;5;
Byron Mullens;;8:12;3;5;0;1;0;0;1;0;1;1;0;0;0;2;6;
Darren Collison;;11:26;2;3;2;2;0;0;0;0;0;0;0;0;0;2;6;
Reggie Bullock;;0:20;0;0;0;0;0;0;0;0;0;0;0;0;0;0;0;
MIA
LeBron James;F;37:09;6;13;1;3;5;9;0;5;5;6;1;0;4;4;18;
Udonis Haslem;F;14:59;2;2;0;0;0;0;1;1;2;0;0;0;0;1;4;
Chris Bosh;C;29:10;4;8;1;2;3;6;2;4;6;1;0;1;0;4;12;
Dwyane Wade;G;33:54;13;22;0;1;3;4;1;3;4;7;3;1;7;1;29;
Mario Chalmers;G;23:14;2;5;1;2;1;1;1;1;2;6;0;0;2;4;6;
Ray Allen;;26:01;5;8;0;3;2;3;0;1;1;2;1;0;0;0;12;
Shane Battier;;22:04;2;4;1;3;2;4;1;0;1;1;1;0;0;1;7;
Chris Andersen;;18:50;3;3;0;0;4;5;1;2;3;1;0;1;2;2;10;
Norris Cole;;27:03;0;5;0;1;0;0;1;2;3;3;0;0;1;4;0;
Rashard Lewis;;7:36;1;1;1;1;1;1;0;3;3;0;0;0;0;2;4;
