10-30;OKC-UTA;101-98;
29-29;28-19;24-25;20-25;
OKC
Kevin Durant;F;39:10;9;24;2;8;22;24;0;6;6;1;3;0;5;1;42;
Serge Ibaka;F;37:35;4;15;0;0;0;0;4;6;10;0;1;2;1;3;8;
Kendrick Perkins;C;26:45;2;4;0;0;0;0;2;6;8;1;1;0;1;4;4;
Thabo Sefolosha;G;31:25;6;11;2;5;0;0;0;4;4;1;2;0;1;2;14;
Reggie Jackson;G;32:14;5;11;2;4;2;2;0;2;2;3;5;0;3;2;14;
Nick Collison;;12:57;2;4;0;0;2;2;1;3;4;0;1;1;1;5;6;
Derek Fisher;;16:54;1;3;0;1;2;2;0;3;3;2;1;0;0;1;4;
Jeremy Lamb;;17:27;2;6;0;1;0;0;1;2;3;0;1;0;0;2;4;
Steven Adams;;18:26;1;1;0;0;0;1;2;1;3;1;0;0;0;3;2;
Perry Jones;;7:08;1;2;0;0;1;2;0;2;2;0;0;1;1;1;3;
UTA
Richard Jefferson;F;19:40;4;9;2;5;0;1;0;3;3;0;0;2;2;3;10;
Derrick Favors;F;42:51;6;11;0;0;3;7;1;8;9;5;1;2;6;5;15;
Enes Kanter;C;29:01;6;10;0;0;2;2;3;7;10;1;0;1;2;2;14;
Gordon Hayward;G;27:34;4;13;2;6;2;4;1;3;4;5;3;0;4;4;12;
John Lucas III;G;36:34;2;7;2;5;2;2;0;1;1;5;0;0;1;2;8;
Rudy Gobert;;22:54;1;2;0;0;0;2;3;4;7;0;0;0;2;2;2;
Alec Burks;;31:30;8;16;0;3;8;9;1;5;6;6;0;0;3;3;24;
Jamaal Tinsley;;8:04;0;3;0;3;0;0;0;0;0;3;0;0;1;1;0;
Michael Harris;;21:53;5;8;0;0;3;3;1;3;4;0;2;0;1;6;13;
