04-02;LAL-SAC;102-107;
23-24;29-36;24-27;26-20;
LAL
Kent Bazemore;F;30:52;6;18;2;6;0;0;1;6;7;6;2;0;3;2;14;
Ryan Kelly;F;28:02;2;6;0;2;2;4;1;4;5;2;0;2;0;3;6;
Jordan Hill;C;28:46;5;15;0;0;8;10;6;9;15;0;0;4;1;6;18;
Jodie Meeks;G;36:10;8;15;2;6;3;3;1;2;3;1;0;0;1;1;21;
Kendall Marshall;G;32:31;3;9;1;3;0;0;0;7;7;10;2;0;3;4;7;
Nick Young;;29:57;6;17;4;8;1;1;2;0;2;1;1;0;1;3;17;
Wesley Johnson;;27:54;3;6;2;2;0;0;2;10;12;3;1;0;1;1;8;
Robert Sacre;;19:14;3;7;0;0;2;2;1;0;1;3;0;0;0;1;8;
MarShon Brooks;;6:34;1;3;1;1;0;0;0;0;0;0;1;0;0;0;3;
SAC
Rudy Gay;F;42:42;12;24;1;2;6;7;0;5;5;4;2;0;2;2;31;
Reggie Evans;F;17:06;1;3;0;0;1;2;1;1;2;0;1;0;0;2;3;
DeMarcus Cousins;C;21:27;8;14;0;0;4;5;3;7;10;2;1;0;1;4;20;
Ben McLemore;G;45:07;5;11;1;4;1;1;2;2;4;0;1;0;1;2;12;
Ray McCallum;G;46:03;12;22;1;5;2;4;1;3;4;5;0;0;3;3;27;
Derrick Williams;;10:03;0;2;0;0;1;2;0;3;3;0;0;1;1;0;1;
Jason Thompson;;23:28;1;2;0;0;0;2;1;11;12;3;3;3;0;3;2;
Travis Outlaw;;32:07;3;8;2;4;3;4;0;7;7;2;0;0;0;2;11;
Jared Cunningham;;1:57;0;0;0;0;0;0;0;0;0;0;0;0;0;0;0;
