03-20;WAS-POR;103-116;
28-23;23-30;22-33;30-30;
WAS
Trevor Ariza;F;32:07;6;9;3;4;0;0;1;8;9;2;1;1;0;3;15;
Trevor Booker;F;22:57;5;7;0;0;0;0;3;3;6;2;0;1;0;1;10;
Kevin Seraphin;C;19:10;2;7;0;0;0;0;0;2;2;0;0;2;0;4;4;
Bradley Beal;G;34:45;6;18;2;6;4;5;2;2;4;1;1;0;2;1;18;
John Wall;G;37:56;8;18;5;10;3;4;0;2;2;14;1;1;3;3;24;
Martell Webster;;27:35;3;9;2;3;0;0;1;1;2;3;0;0;2;1;8;
Drew Gooden;;26:28;6;13;0;2;6;6;5;4;9;1;1;0;1;3;18;
Chris Singleton;;13:30;0;0;0;0;0;0;0;2;2;0;0;0;0;2;0;
Andre Miller;;14:16;0;1;0;0;0;0;1;0;1;2;1;0;2;1;0;
Al Harrington;;6:23;0;5;0;2;0;0;2;2;4;0;0;0;1;2;0;
Otto Porter;;2:27;0;0;0;0;0;0;0;1;1;0;0;0;0;0;0;
Garrett Temple;;2:27;2;3;0;0;2;2;0;1;1;0;0;0;0;0;6;
POR
Nicolas Batum;F;34:14;5;9;2;5;0;0;4;10;14;5;0;0;1;0;12;
Dorell Wright;F;20:00;6;11;3;6;0;0;1;6;7;2;1;0;0;2;15;
Robin Lopez;C;29:43;4;5;0;0;0;0;2;1;3;0;0;1;0;0;8;
Wesley Matthews;G;33:20;8;16;4;9;8;8;1;0;1;5;1;0;1;4;28;
Damian Lillard;G;34:53;8;18;3;8;4;5;1;5;6;10;0;0;1;1;23;
Mo Williams;;27:19;3;6;0;1;0;0;0;1;1;4;0;0;3;0;6;
CJ McCollum;;7:31;2;4;1;2;1;2;0;0;0;1;0;0;1;0;6;
Meyers Leonard;;2:05;0;0;0;0;1;2;0;0;0;0;0;0;0;2;1;
Thomas Robinson;;17:14;2;4;0;0;3;4;0;5;5;3;2;0;0;2;7;
Victor Claver;;19:16;2;5;1;4;2;2;2;4;6;2;0;0;2;5;7;
Will Barton;;12:42;1;3;0;0;1;2;0;0;0;0;1;0;0;2;3;
Allen Crabbe;;1:44;0;0;0;0;0;0;0;0;0;0;0;0;0;0;0;
