03-02;UTA-IND;91-94;
20-21;26-24;24-30;21-19;
UTA
Richard Jefferson;F;20:17;1;2;0;0;0;0;0;1;1;0;0;0;3;5;2;
Marvin Williams;F;15:12;2;3;1;1;0;0;0;1;1;1;0;1;1;4;5;
Derrick Favors;C;31:01;6;10;0;0;5;9;1;9;10;2;1;3;4;4;17;
Gordon Hayward;G;37:31;8;15;2;7;3;3;0;3;3;3;2;0;2;4;21;
Trey Burke;G;34:05;5;9;2;3;4;4;0;4;4;5;1;0;2;1;16;
Alec Burks;;38:12;5;16;0;1;1;2;2;7;9;7;0;0;2;4;11;
Enes Kanter;;29:51;6;13;0;0;0;0;2;5;7;1;0;0;3;4;12;
Jeremy Evans;;19:52;2;6;0;0;0;0;5;3;8;0;0;2;1;2;4;
Diante Garrett;;13:55;1;4;1;2;0;0;0;1;1;1;0;0;0;0;3;
Rudy Gobert;;0:04;0;0;0;0;0;0;0;0;0;0;0;0;0;0;0;
IND
Paul George;F;40:20;6;16;1;6;9;10;0;6;6;4;2;0;1;1;22;
David West;F;33:19;11;17;0;0;3;4;2;4;6;1;1;1;2;1;25;
Roy Hibbert;C;19:13;1;9;0;0;0;0;2;2;4;1;0;2;1;5;2;
Lance Stephenson;G;41:40;4;12;1;3;2;2;2;6;8;5;1;0;1;2;11;
CJ Watson;G;33:19;5;8;2;3;1;2;1;3;4;5;3;0;2;3;13;
Ian Mahinmi;;24:43;3;4;0;0;3;5;4;3;7;0;1;3;1;4;9;
Evan Turner;;20:02;2;9;1;2;3;5;1;3;4;0;0;0;0;1;8;
Donald Sloan;;8:49;0;1;0;0;0;0;0;0;0;1;1;0;0;0;0;
Luis Scola;;18:36;2;6;0;1;0;0;2;1;3;1;1;2;2;3;4;
