01-01;CHA-LAC;85-112;
27-25;29-31;13-25;16-31;
CHA
Anthony Tolliver;F;37:01;4;11;3;10;0;0;0;3;3;1;0;0;0;1;11;
Josh McRoberts;F;28:10;4;8;2;4;0;0;0;3;3;4;1;0;0;2;10;
Al Jefferson;C;30:00;7;15;0;0;0;0;1;11;12;4;1;0;3;0;14;
Gerald Henderson;G;32:19;3;11;0;1;6;6;0;0;0;1;0;0;0;3;12;
Kemba Walker;G;33:13;4;10;1;4;5;5;0;7;7;3;2;0;5;1;14;
Cody Zeller;;19:50;0;6;0;0;6;6;3;1;4;1;2;0;1;3;6;
Chris Douglas-Roberts;;17:26;1;1;0;0;0;0;1;1;2;0;0;0;2;0;2;
Ramon Sessions;;21:42;3;9;0;2;2;2;1;1;2;4;1;0;2;3;8;
Bismack Biyombo;;17:36;3;5;0;0;2;3;1;4;5;1;0;1;2;0;8;
Jannero Pargo;;2:43;0;0;0;0;0;0;0;0;0;0;0;0;1;0;0;
LAC
Jared Dudley;F;32:40;7;10;6;9;0;0;0;1;1;5;0;0;1;2;20;
Blake Griffin;F;38:07;14;20;1;2;2;4;2;10;12;2;0;0;4;4;31;
DeAndre Jordan;C;36:31;3;4;0;0;0;0;3;9;12;2;1;1;3;3;6;
Jamal Crawford;G;35:20;5;14;1;8;0;0;0;2;2;4;2;2;0;2;11;
Chris Paul;G;32:23;7;14;1;4;2;2;0;4;4;14;1;0;3;1;17;
Darren Collison;;16:08;3;3;0;0;2;2;1;2;3;5;5;0;0;2;8;
Matt Barnes;;19:32;2;10;0;6;0;0;1;4;5;2;0;0;0;2;4;
Antawn Jamison;;4:22;0;2;0;2;0;0;0;0;0;0;0;0;0;0;0;
Willie Green;;12:40;2;3;0;1;0;0;0;2;2;2;0;0;1;1;4;
Ryan Hollins;;10:55;2;3;0;0;1;2;1;2;3;0;0;0;1;3;5;
Byron Mullens;;1:22;2;2;2;2;0;0;0;0;0;0;0;0;0;0;6;
