12-20;MIL-CLE;111-114;
26-25;21-22;23-23;26-26;15-18;
MIL
Khris Middleton;F;49:38;5;15;4;7;0;0;0;7;7;1;0;0;1;4;14;
John Henson;F;36:45;7;12;0;0;4;4;4;6;10;3;0;2;0;1;18;
Miroslav Raduljica;C;17:15;2;6;0;0;3;5;3;1;4;0;0;2;1;4;7;
Giannis Antetokounmpo;G;22:59;2;4;1;2;1;2;0;0;0;1;0;0;1;4;6;
Brandon Knight;G;34:40;6;20;1;5;4;4;1;13;14;8;3;1;0;1;17;
O.J. Mayo;;35:57;6;21;3;11;5;6;1;6;7;4;1;2;4;3;20;
Nate Wolters;;18:20;3;7;0;0;2;2;0;0;0;3;2;0;1;0;8;
Ekpe Udoh;;28:05;4;7;0;0;2;2;4;2;6;0;0;0;3;5;10;
Luke Ridnour;;21:21;5;8;1;4;0;0;1;3;4;2;1;0;0;1;11;
CLE
Alonzo Gee;F;33:51;1;7;0;5;2;2;1;7;8;0;2;0;2;2;4;
Tristan Thompson;F;28:47;4;12;0;0;2;3;9;6;15;0;0;0;1;5;10;
Andrew Bynum;C;24:12;3;14;0;0;2;2;1;6;7;1;0;3;0;0;8;
CJ Miles;G;29:39;4;8;3;4;4;4;0;2;2;3;0;1;2;3;15;
Kyrie Irving;G;42:13;13;25;2;7;11;12;0;3;3;6;0;4;4;2;39;
Anderson Varejao;;34:06;2;6;0;0;1;1;6;7;13;1;1;3;2;5;5;
Jarrett Jack;;37:38;6;17;2;4;3;3;1;3;4;5;0;0;0;1;17;
Matthew Dellavedova;;15:39;1;3;0;2;0;0;0;1;1;2;1;1;0;2;2;
Earl Clark;;18:55;5;8;4;6;0;0;0;3;3;0;1;0;1;2;14;
