01-24;LAC-CHI;112-95;
41-26;27-29;24-25;20-15;
LAC
Matt Barnes;F;23:30;5;6;3;4;0;0;0;2;2;3;1;0;1;2;13;
Blake Griffin;F;37:06;11;18;0;0;4;7;4;9;13;7;0;0;0;2;26;
DeAndre Jordan;C;43:07;4;5;0;0;2;6;5;7;12;2;1;1;1;3;10;
JJ Redick;G;33:33;5;11;4;7;4;4;0;1;1;5;1;0;1;2;18;
Darren Collison;G;28:40;6;11;2;3;3;4;0;2;2;4;1;0;1;0;17;
Jamal Crawford;;26:23;6;14;3;5;4;5;1;3;4;3;0;0;3;1;19;
Darius Morris;;6:44;0;0;0;0;0;0;0;1;1;0;0;0;0;1;0;
Ryan Hollins;;4:53;0;0;0;0;0;0;0;0;0;0;0;1;0;1;0;
Jared Dudley;;18:35;0;3;0;1;0;0;0;1;1;1;0;0;0;3;0;
Hedo Turkoglu;;10:54;2;5;1;1;0;0;0;3;3;1;0;0;0;2;5;
Willie Green;;5:41;2;3;0;0;0;0;0;0;0;0;0;0;0;0;4;
Reggie Bullock;;0:54;0;0;0;0;0;0;0;1;1;0;0;0;0;0;0;
CHI
Mike Dunleavy;F;30:05;6;14;2;6;3;3;2;1;3;2;1;0;1;1;17;
Carlos Boozer;F;28:32;10;17;0;0;2;2;3;6;9;1;1;0;3;3;22;
Joakim Noah;C;34:08;6;9;0;0;0;0;9;4;13;7;0;1;1;5;12;
Jimmy Butler;G;41:17;3;15;1;5;2;2;2;4;6;3;2;0;0;1;9;
D.J. Augustin;G;30:28;3;8;1;2;0;0;0;0;0;6;0;0;0;4;7;
Taj Gibson;;25:45;8;18;0;0;2;2;1;3;4;2;1;1;1;2;18;
Tony Snell;;20:44;2;5;1;3;0;0;1;2;3;1;0;0;1;1;5;
Nazr Mohammed;;6:41;0;2;0;0;0;0;2;2;4;0;0;0;0;0;0;
Mike James;;17:32;2;5;1;3;0;2;0;2;2;5;0;0;1;0;5;
Cartier Martin;;3:54;0;0;0;0;0;0;0;2;2;0;0;0;0;0;0;
Erik Murphy;;0:54;0;0;0;0;0;0;0;0;0;0;0;0;0;0;0;
