03-05;CHI-DET;105-94;
19-25;33-22;19-23;34-24;
CHI
Mike Dunleavy;F;42:52;3;8;1;6;0;0;0;4;4;2;0;2;2;4;7;
Carlos Boozer;F;24:00;5;10;0;0;0;0;1;4;5;1;0;0;1;1;10;
Joakim Noah;C;34:57;5;7;0;0;0;1;1;10;11;11;0;2;2;3;10;
Jimmy Butler;G;46:00;7;15;0;3;4;6;3;9;12;4;3;0;3;2;18;
Kirk Hinrich;G;22:22;4;8;2;5;0;0;0;3;3;2;1;0;0;0;10;
D.J. Augustin;;30:46;7;14;2;5;10;10;0;1;1;6;0;0;1;3;26;
Taj Gibson;;30:46;11;16;0;0;0;0;2;3;5;0;1;0;3;2;22;
Nazr Mohammed;;6:17;1;2;0;0;0;0;1;1;2;0;0;0;1;1;2;
Tony Snell;;2:00;0;0;0;0;0;0;0;0;0;0;0;0;0;0;0;
DET
Josh Smith;F;41:20;6;21;1;3;2;2;1;8;9;5;2;6;1;3;15;
Greg Monroe;F;43:47;12;20;0;0;3;4;2;5;7;5;2;0;1;1;27;
Andre Drummond;C;38:29;7;8;0;0;1;1;5;2;7;1;0;0;0;2;15;
Kyle Singler;G;35:43;5;11;0;5;6;7;0;6;6;1;0;0;1;1;16;
Brandon Jennings;G;31:45;4;7;1;1;0;1;0;2;2;9;1;0;1;3;9;
Rodney Stuckey;;28:49;4;9;0;1;0;0;0;1;1;2;0;0;2;0;8;
Will Bynum;;16:15;1;11;0;1;2;2;0;0;0;2;0;0;1;1;4;
Kentavious Caldwell-Pope;;3:52;0;0;0;0;0;0;0;0;0;0;0;0;0;1;0;
