03-10;PHI-NYK;110-123;
31-26;30-35;24-30;25-32;
PHI
Hollis Thompson;F;23:17;2;6;1;4;0;0;0;2;2;1;0;0;0;2;5;
Thaddeus Young;F;40:00;8;22;1;3;1;2;4;5;9;5;2;0;2;5;18;
Henry Sims;C;20:13;4;4;0;0;2;2;2;1;3;3;1;1;2;4;10;
James Anderson;G;34:52;7;12;3;8;0;0;0;2;2;3;1;0;1;3;17;
Michael Carter-Williams;G;36:42;8;12;1;2;6;9;2;11;13;10;2;0;4;4;23;
Tony Wroten;;28:36;8;18;0;1;7;8;2;3;5;3;0;0;5;1;23;
Jarvis Varnado;;14:44;1;2;0;0;2;4;2;0;2;0;0;0;1;1;4;
Elliot Williams;;15:22;1;3;0;2;0;0;0;1;1;0;1;0;0;1;2;
Eric Maynor;;9:04;0;0;0;0;0;0;0;1;1;1;1;0;1;1;0;
Byron Mullens;;3:23;0;0;0;0;0;0;0;0;0;0;0;0;2;1;0;
Arnett Moultrie;;13:47;4;5;0;0;0;0;2;2;4;0;1;0;0;2;8;
NYK
Carmelo Anthony;F;32:04;9;24;0;7;4;4;2;7;9;5;1;0;3;3;22;
J.R. Smith;F;38:57;8;18;4;11;2;4;0;3;3;5;2;0;0;4;22;
Amar'e Stoudemire;C;29:43;9;10;0;0;5;8;3;3;6;0;0;1;2;2;23;
Raymond Felton;G;27:14;4;5;3;4;2;2;0;1;1;2;2;1;0;1;13;
Iman Shumpert;G;31:20;1;3;0;1;0;0;2;2;4;3;2;0;0;2;2;
Tim Hardaway Jr.;;28:52;9;13;5;7;5;6;0;2;2;0;0;0;2;2;28;
Pablo Prigioni;;15:04;1;2;1;2;0;0;1;1;2;4;2;0;2;4;3;
Jeremy Tyler;;18:04;2;4;0;0;2;4;1;4;5;0;1;2;2;3;6;
Earl Clark;;6:56;0;1;0;0;2;2;0;1;1;0;0;2;0;1;2;
Shannon Brown;;6:09;0;0;0;0;0;4;0;0;0;1;0;0;1;1;0;
Toure Murry;;5:36;1;1;0;0;0;0;1;1;2;0;0;0;1;1;2;
