02-28;NOP-PHX;104-116;
28-30;26-26;27-25;23-35;
NOP
Tyreke Evans;F;36:21;6;13;1;1;1;2;1;4;5;4;0;0;2;2;14;
Anthony Davis;F;40:41;14;18;0;0;4;4;2;7;9;2;3;1;1;1;32;
Alexis Ajinca;C;14:22;2;2;0;0;0;0;1;1;2;0;0;2;1;4;4;
Eric Gordon;G;38:07;7;10;3;4;4;4;0;2;2;5;2;0;2;2;21;
Brian Roberts;G;20:49;3;8;0;1;1;1;0;2;2;3;1;0;3;6;7;
Anthony Morrow;;22:42;3;8;0;2;0;0;1;2;3;1;0;0;1;1;6;
Luke Babbitt;;13:45;2;4;1;2;0;0;0;3;3;1;1;0;0;2;5;
Austin Rivers;;29:36;1;7;0;1;2;2;0;1;1;2;1;0;0;3;4;
Darius Miller;;4:38;1;3;0;2;0;0;0;0;0;0;0;1;1;2;2;
Al-Farouq Aminu;;12:32;2;4;0;0;3;4;3;1;4;0;0;0;0;1;7;
Jeff Withey;;6:27;1;1;0;0;0;0;0;1;1;0;1;0;0;2;2;
PHX
PJ Tucker;F;30:04;3;3;2;2;0;0;1;1;2;0;2;1;2;1;8;
Channing Frye;F;22:46;2;5;2;5;2;2;0;4;4;1;0;0;1;2;8;
Miles Plumlee;C;21:29;2;6;0;0;1;1;4;4;8;0;1;0;2;0;5;
Gerald Green;G;34:51;4;13;1;5;3;3;0;4;4;4;1;0;2;3;12;
Goran Dragic;G;41:43;14;21;3;7;9;11;2;1;3;5;0;0;3;3;40;
Markieff Morris;;31:30;7;12;0;0;4;7;2;2;4;4;0;2;0;2;18;
Archie Goodwin;;8:46;0;1;0;0;0;0;0;1;1;0;0;0;0;1;0;
Marcus Morris;;25:14;4;8;2;4;5;6;2;5;7;1;1;2;1;2;15;
Ish Smith;;23:37;4;5;0;0;2;2;1;1;2;6;1;0;3;1;10;
