04-12;UTA-DEN;94-101;
23-18;21-16;21-30;29-37;
UTA
Gordon Hayward;F;34:40;7;18;0;4;9;10;0;4;4;2;2;0;2;2;23;
Derrick Favors;F;34:18;6;10;0;0;1;5;2;8;10;2;4;2;3;5;13;
Enes Kanter;C;36:56;8;14;0;0;6;7;4;10;14;1;1;1;4;5;22;
Alec Burks;G;24:27;1;3;1;2;2;2;0;0;0;2;0;1;1;4;5;
Trey Burke;G;38:25;5;13;1;5;1;1;0;3;3;8;0;0;0;0;12;
Richard Jefferson;;25:52;3;8;0;1;1;2;0;0;0;1;2;0;1;3;7;
Jeremy Evans;;20:35;3;7;0;0;4;5;1;4;5;1;1;2;1;3;10;
Ian Clark;;5:53;0;1;0;0;0;0;0;1;1;1;2;0;1;0;0;
Diante Garrett;;14:57;1;4;0;1;0;0;0;1;1;2;1;0;1;0;2;
Rudy Gobert;;3:58;0;1;0;0;0;0;1;0;1;0;0;0;0;1;0;
DEN
Quincy Miller;F;14:16;0;2;0;2;0;0;0;3;3;1;0;2;1;4;0;
Kenneth Faried;F;42:17;11;19;0;0;2;3;6;15;21;5;0;0;6;3;24;
Timofey Mozgov;C;32:44;4;11;0;2;3;6;2;8;10;2;1;0;0;5;11;
Randy Foye;G;39:36;7;13;3;4;9;9;2;2;4;6;0;1;4;1;26;
Aaron Brooks;G;40:38;3;13;0;3;2;2;1;2;3;5;1;0;1;1;8;
Evan Fournier;;31:09;7;16;3;8;6;7;0;3;3;2;0;0;1;2;23;
Wilson Chandler;;20:32;3;7;1;2;2;2;0;2;2;2;2;1;2;4;9;
Darrell Arthur;;2:03;0;1;0;1;0;0;0;0;0;0;0;0;0;1;0;
Jan Vesely;;16:45;0;2;0;0;0;0;3;3;6;0;1;1;3;5;0;
