02-12;POR-LAC;117-122;
30-31;31-30;34-31;22-30;
POR
Nicolas Batum;F;36:36;5;10;1;6;2;2;0;7;7;7;0;0;5;3;13;
LaMarcus Aldridge;F;36:37;10;18;1;1;4;4;1;2;3;3;1;0;1;4;25;
Robin Lopez;C;34:11;3;6;0;0;6;6;4;2;6;1;0;0;0;2;12;
Wesley Matthews;G;34:39;5;16;3;9;2;5;0;6;6;1;0;0;1;4;15;
Damian Lillard;G;30:50;8;12;3;5;2;2;0;1;1;5;0;0;6;5;21;
CJ McCollum;;14:15;4;7;3;4;0;1;0;2;2;2;0;0;0;3;11;
Meyers Leonard;;13:33;4;5;0;0;0;0;2;2;4;0;0;1;0;2;8;
Mo Williams;;26:52;3;8;1;4;0;0;2;0;2;4;0;1;3;3;7;
Dorell Wright;;12:27;1;2;1;2;2;2;0;1;1;3;1;0;0;1;5;
LAC
Matt Barnes;F;28:54;2;5;1;3;0;0;0;3;3;3;1;0;1;3;5;
Blake Griffin;F;39:15;13;21;0;0;10;12;2;8;10;1;0;0;1;3;36;
DeAndre Jordan;C;36:49;5;6;0;0;4;4;2;4;6;0;2;1;0;4;14;
Jamal Crawford;G;37:06;7;16;1;4;10;11;0;3;3;1;3;0;0;1;25;
Chris Paul;G;38:48;10;15;0;0;0;2;0;4;4;12;3;0;3;3;20;
Darren Collison;;18:37;3;7;0;0;2;2;0;2;2;5;0;0;1;2;8;
Hedo Turkoglu;;8:38;1;2;0;0;0;0;0;1;1;1;0;0;0;1;2;
Jared Dudley;;14:49;2;3;1;2;0;0;0;2;2;1;2;0;1;1;5;
Ryan Hollins;;6:27;1;1;0;0;0;0;1;0;1;0;1;1;1;2;2;
Reggie Bullock;;10:37;2;3;1;1;0;0;0;1;1;0;1;0;0;0;5;
