03-25;NYK-LAL;96-127;
22-14;20-36;31-51;23-26;
NYK
Carmelo Anthony;F;38:15;10;21;1;4;8;8;0;9;9;3;1;1;3;3;29;
Amar'e Stoudemire;F;27:24;7;14;0;0;2;2;2;0;2;0;0;1;1;2;16;
Tyson Chandler;C;28:43;5;7;0;0;2;2;1;4;5;2;1;1;3;2;12;
J.R. Smith;G;29:01;4;6;1;2;3;4;2;2;4;3;0;1;2;0;12;
Raymond Felton;G;20:13;3;7;0;3;0;2;1;3;4;6;2;0;1;2;6;
Iman Shumpert;;19:26;0;6;0;2;0;0;1;1;2;0;2;0;1;0;0;
Pablo Prigioni;;21:30;0;1;0;1;0;0;0;1;1;5;1;0;0;0;0;
Tim Hardaway Jr.;;24:04;5;7;2;3;5;7;0;1;1;3;1;0;1;5;17;
Cole Aldrich;;10:55;1;2;0;0;0;0;1;1;2;0;1;0;1;1;2;
Jeremy Tyler;;7:19;0;0;0;0;0;2;0;2;2;1;0;0;2;1;0;
Shannon Brown;;6:53;1;1;0;0;0;0;0;0;0;0;0;0;0;0;2;
Toure Murry;;6:17;0;2;0;0;0;0;0;0;0;0;0;0;0;0;0;
LAL
Wesley Johnson;F;15:14;1;3;0;0;0;0;0;2;2;0;0;0;0;2;2;
Jordan Hill;F;14:02;4;4;0;0;1;1;1;4;5;0;0;0;1;4;9;
Chris Kaman;C;22:40;5;10;0;0;3;3;4;5;9;3;0;1;2;3;13;
Jodie Meeks;G;25:06;5;11;4;7;0;0;0;2;2;3;4;0;3;1;14;
Kendall Marshall;G;23:22;3;7;1;2;0;0;0;2;2;9;0;0;1;0;7;
Nick Young;;18:37;6;10;5;6;3;3;0;4;4;0;0;0;3;3;20;
Kent Bazemore;;32:46;7;14;2;4;2;2;0;2;2;5;1;0;2;3;18;
Ryan Kelly;;33:58;3;6;3;5;0;0;0;4;4;8;2;0;1;3;9;
Xavier Henry;;23:20;8;11;3;4;3;5;1;2;3;0;2;1;2;1;22;
Robert Sacre;;25:20;4;4;0;0;0;0;2;3;5;4;0;0;0;3;8;
MarShon Brooks;;5:35;2;3;0;0;1;1;0;0;0;0;1;0;1;0;5;
