11-19;NYK-DET;86-92;
24-26;19-17;20-28;23-21;
NYK
Carmelo Anthony;F;37:15;8;20;1;3;8;11;4;3;7;1;2;0;7;5;25;
Kenyon Martin;F;28:58;1;2;0;0;3;4;1;6;7;0;2;1;0;3;5;
Andrea Bargnani;C;37:58;6;12;0;2;1;1;1;5;6;2;0;1;0;4;13;
Iman Shumpert;G;34:10;5;9;1;3;0;0;0;2;2;1;1;0;1;5;11;
Beno Udrih;G;18:28;0;3;0;2;0;0;1;0;1;4;0;0;2;0;0;
J.R. Smith;;34:12;7;15;2;9;2;2;0;1;1;2;1;0;3;2;18;
Pablo Prigioni;;23:00;3;5;2;4;0;0;0;5;5;5;2;1;0;2;8;
Tim Hardaway Jr.;;10:52;0;3;0;1;0;0;0;1;1;0;1;0;0;0;0;
Amar'e Stoudemire;;15:07;3;7;0;0;0;0;3;2;5;1;0;0;0;1;6;
DET
Josh Smith;F;41:27;7;19;2;6;3;5;3;2;5;4;1;0;1;3;19;
Greg Monroe;F;36:24;6;8;0;0;4;4;2;9;11;1;0;0;5;4;16;
Andre Drummond;C;35:47;6;7;0;0;1;5;4;7;11;1;2;3;3;4;13;
Kentavious Caldwell-Pope;G;29:29;4;12;3;7;2;2;0;4;4;0;1;0;0;2;13;
Brandon Jennings;G;26:34;1;3;0;0;0;0;0;0;0;7;0;1;1;0;2;
Rodney Stuckey;;31:01;8;14;0;0;5;5;1;1;2;5;1;0;2;3;21;
Kyle Singler;;23:13;2;4;1;3;0;0;0;2;2;0;0;0;0;2;5;
Peyton Siva;;11:22;0;1;0;1;0;0;0;2;2;0;0;0;1;2;0;
Gigi Datome;;4:44;1;2;1;2;0;0;0;0;0;1;1;0;2;0;3;
