03-21;CHI-IND;79-91;
23-19;20-25;19-31;17-16;
CHI
Mike Dunleavy;F;37:56;3;9;0;1;3;3;0;3;3;2;1;5;3;4;9;
Carlos Boozer;F;31:07;5;14;0;0;0;2;2;3;5;1;0;1;2;4;10;
Joakim Noah;C;38:08;5;15;0;0;2;2;4;9;13;6;4;0;3;4;12;
Jimmy Butler;G;45:21;5;11;4;6;3;4;1;1;2;1;5;0;1;3;17;
Kirk Hinrich;G;28:28;3;6;1;2;0;0;0;2;2;3;1;1;1;2;7;
Taj Gibson;;22:14;1;6;0;0;5;6;2;3;5;1;0;1;2;6;7;
D.J. Augustin;;29:36;6;14;0;1;5;7;0;4;4;3;1;1;1;2;17;
Nazr Mohammed;;4:31;0;0;0;0;0;0;0;1;1;0;0;1;0;0;0;
Tony Snell;;2:39;0;2;0;1;0;0;1;0;1;0;0;0;0;0;0;
IND
Paul George;F;36:34;3;13;1;5;3;4;3;9;12;10;1;0;3;1;10;
David West;F;27:16;4;9;0;0;2;2;1;5;6;2;0;1;0;2;10;
Roy Hibbert;C;31:57;3;10;0;0;6;6;5;6;11;2;0;4;1;1;12;
Lance Stephenson;G;28:26;7;11;0;0;1;1;0;3;3;0;1;0;4;2;15;
George Hill;G;35:47;3;10;0;4;4;4;1;2;3;3;1;0;1;4;10;
Ian Mahinmi;;16:03;0;2;0;0;4;4;1;0;1;0;0;0;0;2;4;
Evan Turner;;20:34;3;8;0;0;0;2;1;1;2;7;1;0;3;1;6;
Chris Copeland;;9:40;2;3;1;2;0;0;0;3;3;1;0;2;1;1;5;
Luis Scola;;20:29;9;12;0;0;1;2;1;5;6;0;0;1;1;3;19;
Donald Sloan;;12:13;0;1;0;0;0;0;0;4;4;2;0;1;1;1;0;
Rasual Butler;;1:01;0;0;0;0;0;0;0;0;0;0;0;0;1;0;0;
