03-12;DEN-ORL;120-112;
23-27;29-23;33-24;35-38;
DEN
Wilson Chandler;F;31:26;8;17;3;7;2;3;3;7;10;0;0;0;0;3;21;
Kenneth Faried;F;32:29;11;18;0;0;4;8;4;5;9;1;0;1;1;1;26;
Timofey Mozgov;C;22:15;1;2;0;0;0;0;3;2;5;1;0;1;1;2;2;
Randy Foye;G;25:34;1;6;1;4;0;0;0;3;3;2;1;0;0;0;3;
Ty Lawson;G;30:40;6;14;2;5;3;3;0;3;3;12;1;0;1;1;17;
JJ Hickson;;23:59;8;14;0;0;4;5;1;8;9;2;0;0;3;1;20;
Darrell Arthur;;16:34;5;6;2;2;2;3;1;1;2;1;1;1;4;5;14;
Quincy Miller;;17:17;3;4;0;1;0;0;0;5;5;2;0;2;0;1;6;
Evan Fournier;;19:17;1;3;0;0;0;0;0;3;3;2;0;1;1;0;2;
Aaron Brooks;;20:29;3;8;2;3;1;2;0;3;3;7;1;0;3;2;9;
ORL
Maurice Harkless;F;28:52;1;6;0;2;0;0;0;1;1;0;0;2;2;2;2;
Kyle O'Quinn;F;27:27;5;8;0;0;0;0;2;6;8;1;0;2;2;0;10;
Nikola Vucevic;C;38:47;8;17;0;0;4;4;4;12;16;3;0;1;0;5;20;
Arron Afflalo;G;35:00;10;18;2;5;2;2;0;1;1;2;0;0;0;5;24;
Jameer Nelson;G;32:10;7;12;4;8;1;1;0;3;3;9;0;0;2;4;19;
Victor Oladipo;;27:50;5;12;0;3;5;5;1;3;4;3;0;0;1;2;15;
Tobias Harris;;19:10;5;11;0;1;1;1;0;3;3;2;4;1;0;1;11;
E'Twaun Moore;;17:07;3;7;2;3;0;0;0;2;2;1;2;0;1;1;8;
Andrew Nicholson;;6:29;0;0;0;0;0;0;0;0;0;1;0;0;0;3;0;
Doron Lamb;;7:08;1;2;1;2;0;0;0;0;0;1;0;0;0;0;3;
