12-09;GSW-CHA;111-115;
21-27;20-26;36-30;34-32;
GSW
Harrison Barnes;F;39:44;6;13;0;3;2;4;0;9;9;3;2;0;1;2;14;
David Lee;F;43:26;5;14;0;0;4;4;5;11;16;2;0;0;4;2;14;
Andrew Bogut;C;25:21;4;4;0;0;0;0;1;11;12;1;0;2;2;4;8;
Klay Thompson;G;46:02;9;19;4;12;0;0;1;1;2;5;0;1;2;5;22;
Stephen Curry;G;45:40;14;32;5;16;10;12;1;5;6;9;0;2;4;4;43;
Draymond Green;;17:60;1;5;1;5;0;0;0;3;3;0;0;1;0;1;3;
Jermaine O'Neal;;16:02;1;2;0;0;2;2;2;3;5;0;1;0;1;4;4;
Marreese Speights;;1:27;0;0;0;0;0;0;0;0;0;0;0;0;0;0;0;
Toney Douglas;;2:20;1;1;1;1;0;0;0;0;0;0;0;0;1;1;3;
Kent Bazemore;;1:58;0;0;0;0;0;0;0;0;0;0;0;0;0;1;0;
CHA
Anthony Tolliver;F;34:22;2;2;2;2;0;0;0;5;5;2;1;1;0;3;6;
Josh McRoberts;F;33:55;4;7;1;2;2;3;1;9;10;6;1;1;1;1;null;
Al Jefferson;C;34:47;5;16;0;0;1;2;1;8;9;1;1;1;0;4;11;
Gerald Henderson;G;37:11;11;23;0;1;2;3;1;2;3;1;0;1;2;2;24;
Kemba Walker;G;37:19;10;18;2;5;9;11;1;4;5;5;0;0;2;1;31;
Ramon Sessions;;21:22;4;10;0;1;5;5;0;3;3;5;1;0;1;0;13;
Cody Zeller;;14:05;2;5;0;0;1;2;0;3;3;1;0;0;1;2;5;
Jeff Adrien;;13:13;1;4;0;0;0;0;3;4;7;0;0;0;0;3;2;
Ben Gordon;;13:46;4;9;1;1;3;3;0;1;1;1;2;0;0;0;12;
