02-03;POR-WAS;90-100;
29-32;26-24;14-26;21-18;
POR
LaMarcus Aldridge;F;42:07;10;18;0;0;0;0;0;10;10;6;0;1;1;2;20;
Nicolas Batum;F;35:59;6;12;2;5;4;4;1;3;4;3;1;0;5;1;18;
Robin Lopez;C;34:43;6;8;0;0;0;0;3;6;9;0;1;4;0;4;12;
Wesley Matthews;G;36:38;4;10;1;6;0;0;0;4;4;3;0;0;3;2;9;
Damian Lillard;G;37:29;8;19;2;7;7;7;1;5;6;8;0;0;3;3;25;
Joel Freeland;;11:59;1;3;0;0;0;0;1;4;5;0;0;1;0;1;2;
Mo Williams;;24:41;2;8;0;0;0;1;0;3;3;2;1;0;2;3;4;
CJ McCollum;;10:31;0;2;0;1;0;0;0;2;2;0;0;0;2;1;0;
Thomas Robinson;;5:53;0;1;0;0;0;0;1;1;2;1;0;1;0;0;0;
WAS
Trevor Ariza;F;38:38;7;12;4;7;2;2;0;5;5;4;0;0;0;0;20;
Nene;F;30:49;5;15;0;0;3;4;0;7;7;1;2;1;1;2;13;
Marcin Gortat;C;35:01;3;7;0;0;0;0;4;7;11;5;1;0;0;3;6;
Bradley Beal;G;34:51;5;16;1;3;2;3;1;2;3;6;0;0;0;0;13;
John Wall;G;36:27;7;15;2;4;6;6;0;5;5;5;3;2;2;4;22;
Martell Webster;;22:31;2;6;0;3;1;1;0;1;1;0;0;0;0;2;5;
Kevin Seraphin;;22:54;7;10;0;0;5;6;0;5;5;0;0;0;0;4;19;
Garrett Temple;;12:27;1;1;0;0;0;0;0;1;1;0;3;0;3;1;2;
Jan Vesely;;6:23;0;2;0;0;0;0;0;1;1;1;1;0;0;0;0;
