01-04;CHA-SAC;113-103;
32-27;33-25;24-30;24-21;
CHA
Chris Douglas-Roberts;F;35:25;4;9;1;3;1;2;0;4;4;2;0;1;1;1;10;
Josh McRoberts;F;36:41;2;6;1;2;0;0;3;8;11;4;1;1;2;2;5;
Al Jefferson;C;38:31;11;21;0;0;5;7;1;8;9;2;2;1;2;4;27;
Gerald Henderson;G;34:49;7;13;1;2;1;2;0;3;3;3;1;0;0;2;16;
Kemba Walker;G;35:33;12;19;4;6;2;3;0;4;4;6;1;0;2;1;30;
Ramon Sessions;;22:15;5;9;0;0;2;4;1;1;2;3;0;0;2;0;12;
Cody Zeller;;11:19;2;2;0;0;2;3;1;1;2;2;0;0;1;2;6;
Anthony Tolliver;;15:58;2;3;2;2;0;0;0;2;2;0;0;1;0;1;6;
Bismack Biyombo;;9:29;0;1;0;0;1;2;0;1;1;0;0;0;1;6;1;
SAC
Rudy Gay;F;40:54;8;14;0;0;1;2;4;6;10;4;0;0;4;2;17;
Jason Thompson;F;31:23;7;9;0;0;1;2;4;10;14;0;0;0;2;4;15;
DeMarcus Cousins;C;38:03;8;23;0;2;10;14;5;6;11;2;4;0;2;4;26;
Ben McLemore;G;21:39;2;8;1;4;0;0;1;2;3;0;0;1;1;1;5;
Isaiah Thomas;G;34:45;9;17;2;5;1;1;1;2;3;8;1;1;3;5;21;
Derrick Williams;;17:49;2;4;1;1;0;0;1;1;2;0;2;1;0;2;5;
Quincy Acy;;14:36;0;0;0;0;0;0;0;3;3;1;0;2;1;2;0;
Marcus Thornton;;26:21;5;10;2;3;0;0;1;3;4;0;1;0;1;1;12;
Jimmer Fredette;;13:15;1;7;0;2;0;0;0;2;2;2;0;0;0;1;2;
Aaron Gray;;1:15;0;0;0;0;0;0;0;0;0;0;0;0;0;1;0;
