10-30;IND-NOP;95-90;
14-24;22-26;23-16;36-24;
IND
Paul George;F;39:26;9;19;4;11;10;13;0;6;6;5;2;0;2;2;32;
David West;F;33:21;3;11;0;0;6;6;0;7;7;5;1;2;3;3;12;
Roy Hibbert;C;21:37;2;5;0;0;2;3;2;2;4;1;0;5;2;5;6;
Lance Stephenson;G;41:20;7;12;2;4;0;0;2;6;8;4;0;0;2;1;16;
George Hill;G;35:43;6;13;4;7;3;4;0;1;1;4;1;0;3;4;19;
Ian Mahinmi;;24:14;0;3;0;0;0;0;1;6;7;0;1;4;1;1;0;
Orlando Johnson;;12:36;0;2;0;1;2;2;0;0;0;0;0;0;0;0;2;
CJ Watson;;15:08;0;1;0;0;2;2;0;2;2;0;0;0;0;0;2;
Luis Scola;;16:35;3;4;0;0;0;0;1;1;2;0;0;1;3;2;6;
NOP
Al-Farouq Aminu;F;23:13;0;2;0;1;1;2;0;4;4;2;2;0;1;5;1;
Anthony Davis;F;37:44;8;20;0;0;4;4;7;5;12;0;1;3;4;4;20;
Jason Smith;C;20:27;4;6;0;0;0;0;1;1;2;1;0;1;0;6;8;
Eric Gordon;G;33:29;8;19;3;5;6;9;1;2;3;1;2;0;1;0;25;
Jrue Holiday;G;36:08;8;18;2;4;6;6;0;7;7;5;1;0;2;3;24;
Tyreke Evans;;22:40;2;8;0;0;0;0;0;2;2;3;0;0;3;2;4;
Greg Stiemsma;;14:58;1;2;0;0;0;0;4;1;5;0;1;1;2;4;2;
Anthony Morrow;;14:04;1;3;0;1;0;0;0;1;1;0;0;0;0;0;2;
Brian Roberts;;14:43;1;2;0;0;0;0;0;1;1;2;0;0;0;1;2;
Lance Thomas;;7:09;0;2;0;0;0;0;1;0;1;0;0;0;1;1;0;
Arinze Onuaku;;15:25;1;3;0;0;0;0;1;4;5;3;0;0;1;3;2;
