03-21;WAS-LAL;117-107;
33-21;25-26;30-34;29-26;
WAS
Trevor Ariza;F;32:45;3;7;2;5;4;4;0;7;7;1;2;0;4;2;12;
Trevor Booker;F;14:30;4;6;0;0;2;3;1;2;3;1;2;1;1;4;10;
Marcin Gortat;C;33:20;5;12;0;0;3;4;3;10;13;0;1;5;3;4;13;
Bradley Beal;G;38:17;5;13;4;6;4;6;0;2;2;3;1;0;2;1;18;
John Wall;G;34:37;11;21;1;4;5;5;0;4;4;14;2;0;6;3;28;
Al Harrington;;25:56;5;12;2;6;3;4;2;1;3;0;0;0;1;1;15;
Martell Webster;;27:07;1;5;0;2;0;0;0;1;1;0;0;1;0;1;2;
Drew Gooden;;19:16;5;8;0;1;1;1;3;8;11;0;0;0;1;5;11;
Andre Miller;;13:25;3;3;1;1;1;2;0;0;0;2;1;0;1;1;8;
Kevin Seraphin;;0:37;0;0;0;0;0;0;0;0;0;0;0;0;0;0;0;
Garrett Temple;;0:05;0;0;0;0;0;0;0;0;0;0;0;0;0;0;0;
Otto Porter;;0:05;0;0;0;0;0;0;0;0;0;0;0;0;0;0;0;
LAL
Kent Bazemore;F;10:32;1;3;0;0;1;3;0;0;0;1;0;0;2;1;3;
Pau Gasol;F;32:28;6;14;0;0;2;5;3;11;14;5;1;1;5;1;14;
Robert Sacre;C;17:35;5;8;0;0;1;1;0;2;2;2;0;0;2;0;11;
Jodie Meeks;G;33:44;7;17;2;4;5;6;0;0;0;2;4;0;0;1;21;
Kendall Marshall;G;28:54;2;8;0;2;0;0;0;2;2;7;2;0;3;2;4;
Ryan Kelly;;19:18;3;4;0;1;1;2;0;3;3;1;0;0;0;5;7;
Xavier Henry;;23:20;6;10;0;1;0;0;1;2;3;2;2;0;2;3;12;
Nick Young;;28:58;7;16;4;9;3;4;1;1;2;1;0;0;1;4;21;
Steve Nash;;18:32;2;4;1;2;0;0;1;3;4;11;3;0;4;1;5;
Jordan Hill;;26:39;4;7;0;0;1;2;5;9;14;0;0;4;2;4;9;
