11-09;POR-SAC;96-85;
21-18;24-20;24-16;27-31;
POR
Nicolas Batum;F;36:39;4;9;2;4;2;2;2;5;7;5;0;0;2;3;12;
LaMarcus Aldridge;F;35:27;10;19;0;0;2;4;2;12;14;3;1;0;1;2;22;
Robin Lopez;C;32:38;4;10;0;0;4;6;6;4;10;1;1;0;2;2;12;
Wesley Matthews;G;34:37;8;11;3;5;2;2;2;3;5;1;1;1;2;0;21;
Damian Lillard;G;36:45;1;15;0;5;2;4;2;4;6;6;3;0;1;1;4;
Mo Williams;;25:02;3;5;2;3;0;0;1;1;2;5;0;0;1;4;8;
Dorell Wright;;11:28;3;5;2;3;0;0;1;1;2;2;0;0;0;1;8;
Joel Freeland;;14:51;2;5;0;0;0;0;1;0;1;2;0;1;1;3;4;
Thomas Robinson;;12:33;1;3;0;0;3;4;2;3;5;0;0;0;2;1;5;
SAC
John Salmons;F;24:01;0;2;0;2;0;0;0;3;3;1;0;1;0;4;0;
Patrick Patterson;F;27:56;3;7;0;2;0;0;1;1;2;1;0;0;0;2;6;
DeMarcus Cousins;C;31:12;13;24;0;0;7;11;3;9;12;0;1;1;2;4;33;
Marcus Thornton;G;20:10;2;9;0;3;0;0;1;1;2;0;1;0;1;0;4;
Greivis Vasquez;G;32:19;3;5;0;1;0;0;0;3;3;5;0;0;0;1;6;
Jason Thompson;;11:54;3;6;0;0;1;1;1;2;3;2;1;0;2;2;7;
Isaiah Thomas;;17:20;6;10;0;1;0;0;0;0;0;1;0;0;1;0;12;
Ben McLemore;;27:50;4;8;3;3;2;2;1;2;3;1;1;0;2;2;13;
Jimmer Fredette;;19:25;2;6;0;0;0;0;0;3;3;3;2;0;1;0;4;
Travis Outlaw;;9:06;0;0;0;0;0;0;1;0;1;1;0;0;0;0;0;
Luc Mbah a Moute;;15:26;0;0;0;0;0;0;0;1;1;2;1;0;1;5;0;
Charles Hayes;;3:21;0;1;0;0;0;0;0;0;0;0;0;0;0;0;0;
