02-19;BKN-UTA;105-99;
21-28;27-28;27-18;30-25;
BKN
Joe Johnson;F;38:09;10;16;4;7;3;4;0;2;2;6;3;0;0;1;27;
Paul Pierce;F;27:04;3;8;1;2;0;0;1;5;6;1;0;0;1;1;7;
Kevin Garnett;C;16:55;3;5;0;0;0;0;1;3;4;2;0;1;1;0;6;
Shaun Livingston;G;39:30;3;7;0;0;3;4;0;5;5;7;0;1;2;4;9;
Deron Williams;G;35:38;6;15;2;7;5;6;0;4;4;7;1;0;1;1;19;
Andray Blatche;;31:05;11;20;0;0;3;4;2;4;6;1;1;1;1;4;25;
Andrei Kirilenko;;23:34;2;2;0;0;0;2;1;2;3;1;3;1;0;2;4;
Mirza Teletovic;;18:14;3;7;2;6;0;0;0;3;3;0;1;0;0;1;8;
Alan Anderson;;9:51;0;2;0;1;0;0;0;0;0;0;0;0;0;2;0;
UTA
Richard Jefferson;F;27:50;3;7;2;3;0;0;0;2;2;1;0;0;1;3;8;
Marvin Williams;F;27:35;4;9;1;4;3;3;0;3;3;2;0;0;0;2;12;
Enes Kanter;C;33:11;8;14;0;0;2;2;6;4;10;1;0;0;2;3;18;
Gordon Hayward;G;33:19;3;11;1;6;2;2;0;5;5;3;0;0;3;0;9;
Trey Burke;G;30:40;6;12;2;7;0;0;0;3;3;10;0;0;1;1;14;
Alec Burks;;28:48;7;14;1;1;8;9;2;4;6;3;0;0;4;2;23;
Diante Garrett;;17:15;3;6;1;1;0;0;0;0;0;0;0;0;4;3;7;
Jeremy Evans;;20:25;1;3;0;0;1;1;4;9;13;0;1;0;0;1;3;
Rudy Gobert;;14:49;1;3;0;0;0;0;1;3;4;0;1;1;2;1;2;
Brandon Rush;;6:08;1;3;1;2;0;0;0;0;0;0;0;0;1;0;3;
