11-27;POR-PHX;106-120;
32-21;26-40;18-29;30-30;
POR
Nicolas Batum;F;33:34;5;13;1;6;4;5;2;2;4;5;2;0;2;1;15;
LaMarcus Aldridge;F;36:55;10;18;0;0;4;5;1;3;4;0;1;0;1;2;24;
Robin Lopez;C;22:36;4;9;0;0;2;2;8;2;10;2;0;0;4;3;10;
Wesley Matthews;G;28:33;3;6;2;4;0;0;0;5;5;3;0;0;0;1;8;
Damian Lillard;G;32:35;5;12;3;5;3;3;0;0;0;1;0;0;3;2;16;
Joel Freeland;;12:39;2;5;0;0;2;2;3;1;4;2;0;1;0;1;6;
Mo Williams;;23:36;1;8;1;2;0;0;0;2;2;4;0;0;2;3;3;
Dorell Wright;;14:14;1;4;0;2;0;0;1;3;4;0;0;1;0;2;2;
Thomas Robinson;;14:26;5;8;0;0;0;0;0;4;4;0;1;0;0;1;10;
Allen Crabbe;;5:13;1;1;0;0;2;3;0;1;1;1;0;0;0;0;4;
Earl Watson;;5:13;0;0;0;0;0;0;0;0;0;2;0;0;0;2;0;
Meyers Leonard;;5:13;1;1;0;0;2;2;0;1;1;1;0;0;0;2;4;
Will Barton;;5:13;1;1;0;0;2;2;0;0;0;0;0;0;0;0;4;
PHX
PJ Tucker;F;25:23;1;3;0;0;0;0;3;4;7;0;2;0;0;2;2;
Channing Frye;F;41:12;10;12;3;5;2;2;1;8;9;2;1;2;0;3;25;
Miles Plumlee;C;22:18;3;6;0;0;2;4;2;8;10;1;1;1;2;3;8;
Gerald Green;G;34:04;3;14;2;9;2;2;1;2;3;0;1;0;1;1;10;
Goran Dragic;G;35:21;10;18;4;5;7;8;3;2;5;10;0;1;4;2;31;
Markieff Morris;;24:30;7;13;0;1;5;5;2;3;5;4;1;0;1;4;19;
Dionte Christmas;;6:54;0;1;0;0;0;0;0;0;0;0;0;0;0;1;0;
Ish Smith;;19:41;2;5;0;0;0;0;0;1;1;3;2;0;1;1;4;
Marcus Morris;;23:45;4;7;1;4;6;6;0;2;2;2;1;0;0;3;15;
Archie Goodwin;;3:42;1;1;0;0;1;2;0;0;0;0;0;0;1;1;3;
Viacheslav Kravtsov;;3:10;1;1;0;0;1;2;1;0;1;0;0;0;0;1;3;
