02-08;DEN-DET;109-126;
29-30;32-35;25-32;23-29;
DEN
Wilson Chandler;F;32:47;6;13;6;10;2;3;2;2;4;5;0;0;1;3;20;
Kenneth Faried;F;19:32;5;7;0;0;1;3;1;2;3;1;0;1;2;2;11;
JJ Hickson;C;33:34;7;14;0;0;1;6;7;9;16;2;0;1;5;2;15;
Randy Foye;G;32:52;9;16;5;12;2;2;0;5;5;3;0;1;3;0;25;
Ty Lawson;G;19:21;2;7;0;1;2;2;0;3;3;7;1;0;3;0;6;
Timofey Mozgov;;21:37;0;3;0;0;3;4;0;1;1;3;1;2;1;3;3;
Evan Fournier;;20:47;5;10;2;3;0;0;1;2;3;0;0;0;2;3;12;
Quincy Miller;;16:09;3;6;0;2;0;0;1;0;1;0;1;0;0;0;6;
Darrell Arthur;;21:25;2;5;0;1;0;0;1;3;4;2;0;0;1;3;4;
Anthony Randolph;;11:52;2;5;2;4;0;0;0;3;3;1;0;0;2;1;6;
Jordan Hamilton;;10:04;0;2;0;0;1;2;2;2;4;0;1;0;0;0;1;
DET
Josh Smith;F;45:30;14;27;1;5;1;4;3;7;10;8;4;1;4;3;30;
Greg Monroe;F;30:24;6;9;0;0;2;2;0;6;6;0;1;0;3;3;14;
Andre Drummond;C;35:24;8;13;0;0;2;2;8;7;15;2;2;3;0;4;18;
Kyle Singler;G;45:43;4;10;1;3;1;2;1;2;3;1;2;0;0;1;10;
Brandon Jennings;G;40:16;11;22;6;11;7;7;0;1;1;12;2;0;2;1;35;
Rodney Stuckey;;28:44;7;15;0;0;5;6;1;3;4;3;0;0;1;1;19;
Kentavious Caldwell-Pope;;12:22;0;2;0;1;0;0;0;0;0;1;0;1;0;3;0;
Jonas Jerebko;;1:37;0;0;0;0;0;0;0;1;1;1;0;0;0;0;0;
