04-13;GSW-POR;117-119;
19-23;33-21;23-32;30-29;12-14;
GSW
Andre Iguodala;F;37:03;7;10;1;3;0;0;0;5;5;4;1;0;2;2;15;
David Lee;F;33:20;2;9;0;0;0;2;0;4;4;2;1;0;3;6;4;
Andrew Bogut;C;31:41;1;3;0;0;0;0;2;7;9;4;1;0;0;4;2;
Klay Thompson;G;31:59;9;17;6;10;1;2;0;2;2;2;2;0;1;6;25;
Stephen Curry;G;45:26;16;29;7;14;8;8;1;0;1;5;4;0;4;3;47;
Harrison Barnes;;22:13;3;7;1;3;1;2;2;6;8;1;0;0;0;1;8;
Jermaine O'Neal;;20:26;2;5;0;0;2;2;0;3;3;1;0;0;1;1;6;
Steve Blake;;13:04;2;6;1;4;0;0;0;1;1;1;0;0;0;1;5;
Draymond Green;;22:19;1;3;1;2;0;0;1;3;4;2;1;0;2;3;3;
Jordan Crawford;;7:29;1;2;0;1;0;0;0;1;1;0;0;0;1;0;2;
Marreese Speights;;0:02;0;0;0;0;0;0;0;0;0;0;0;0;0;0;0;
POR
Nicolas Batum;F;43:49;7;9;3;5;1;5;0;12;12;5;1;1;3;0;18;
LaMarcus Aldridge;F;38:08;11;23;0;0;4;6;1;5;6;2;3;0;2;0;26;
Robin Lopez;C;45:16;6;11;0;0;4;4;3;5;8;3;0;0;1;2;16;
Wesley Matthews;G;41:52;6;13;4;10;8;10;0;3;3;3;1;0;4;2;24;
Damian Lillard;G;43:35;3;13;2;6;5;6;1;2;3;5;1;1;3;4;13;
Thomas Robinson;;13:05;2;4;0;0;0;0;2;3;5;2;1;0;1;2;4;
Mo Williams;;21:58;8;10;1;2;1;1;0;3;3;3;0;0;0;2;18;
Dorell Wright;;17:18;0;3;0;1;0;0;0;6;6;3;0;1;0;0;0;
