03-21;MEM-MIA;86-91;
22-15;21-30;25-23;18-23;
MEM
Tayshaun Prince;F;30:58;0;2;0;1;0;0;3;2;5;0;0;0;0;1;0;
Zach Randolph;F;37:12;12;20;0;0;1;2;5;9;14;4;0;0;5;5;25;
Marc Gasol;C;23:52;6;11;0;1;2;3;1;5;6;1;0;0;2;1;14;
Courtney Lee;G;32:01;4;14;2;6;2;2;1;0;1;1;3;0;0;2;12;
Mike Conley;G;34:09;4;12;0;3;4;5;2;2;4;6;3;0;3;2;12;
Tony Allen;;16:19;1;5;0;0;1;3;0;3;3;1;1;0;1;2;3;
Nick Calathes;;13:51;2;3;0;0;0;0;0;3;3;3;0;0;2;1;4;
Kosta Koufos;;18:44;4;5;0;0;0;0;2;3;5;0;0;1;0;2;8;
Mike Miller;;22:45;1;4;1;2;0;0;0;1;1;0;0;0;2;1;3;
James Johnson;;10:09;2;3;0;1;1;2;1;0;1;1;0;0;0;2;5;
MIA
LeBron James;F;38:01;7;14;0;2;1;2;1;5;6;7;2;1;3;0;15;
Chris Bosh;F;34:48;4;15;1;6;2;2;1;4;5;0;1;1;4;3;11;
Greg Oden;C;12:27;2;2;0;0;1;1;1;1;2;0;0;2;0;2;5;
Dwyane Wade;G;33:02;5;11;0;0;4;4;2;2;4;4;2;0;3;0;14;
Mario Chalmers;G;33:56;4;7;3;4;3;4;1;1;2;3;2;0;1;1;14;
Chris Andersen;;19:11;2;4;0;0;1;1;3;1;4;0;0;1;2;3;5;
Ray Allen;;30:44;7;14;2;5;2;2;1;3;4;4;0;0;0;2;18;
Udonis Haslem;;9:17;1;2;0;0;0;0;0;4;4;0;0;0;0;3;2;
Norris Cole;;19:19;2;5;1;3;0;0;0;2;2;1;0;0;0;4;5;
Shane Battier;;9:15;1;1;0;0;0;0;0;1;1;1;2;0;1;0;2;
