03-31;MEM-DEN;94-92;
25-16;22-29;28-23;19-24;
MEM
Tayshaun Prince;F;29:02;0;4;0;0;1;2;2;2;4;1;0;1;1;3;1;
Zach Randolph;F;34:09;8;15;0;0;4;8;2;9;11;3;1;0;2;4;20;
Marc Gasol;C;33:11;6;19;0;0;1;3;4;4;8;2;0;1;2;2;13;
Courtney Lee;G;34:08;6;12;3;5;4;6;2;5;7;3;0;0;0;2;19;
Mike Conley;G;30:23;9;15;1;2;0;0;2;0;2;2;1;0;2;1;19;
Nick Calathes;;17:37;4;7;1;1;0;0;1;1;2;3;1;0;3;2;9;
Ed Davis;;9:40;1;1;0;0;1;1;0;1;1;1;0;0;0;2;3;
Mike Miller;;17:09;1;2;0;1;0;0;0;2;2;0;0;0;1;0;2;
Kosta Koufos;;19:00;2;7;0;0;2;3;4;2;6;0;1;1;0;2;6;
Tony Allen;;15:41;1;3;0;0;0;0;0;0;0;2;3;0;0;1;2;
DEN
Quincy Miller;F;17:39;1;2;1;1;0;0;0;3;3;0;0;0;1;1;3;
Kenneth Faried;F;31:48;6;14;0;0;5;9;5;3;8;2;3;1;2;2;17;
Timofey Mozgov;C;31:33;9;15;0;1;5;7;2;8;10;1;0;1;2;5;23;
Randy Foye;G;40:14;6;13;1;8;0;0;2;7;9;4;2;0;2;2;13;
Ty Lawson;G;39:31;3;9;0;2;2;4;0;5;5;6;0;0;2;2;8;
Darrell Arthur;;16:13;2;5;1;3;0;0;1;1;2;0;0;0;1;2;5;
Evan Fournier;;17:09;2;3;1;1;0;0;0;3;3;1;0;0;1;2;5;
Aaron Brooks;;29:26;4;8;2;4;0;0;0;0;0;6;1;0;2;1;10;
Jan Vesely;;16:26;3;4;0;0;2;4;1;2;3;0;1;1;1;6;8;
