02-18;NYK-MEM;93-98;
17-22;20-28;27-16;29-32;
NYK
Iman Shumpert;F;20:01;3;9;0;5;0;0;0;2;2;0;0;0;0;2;6;
Carmelo Anthony;F;42:10;8;22;1;5;5;8;4;7;11;2;2;0;1;2;22;
Tyson Chandler;C;26:04;4;5;0;0;1;1;2;4;6;1;1;2;2;6;9;
Pablo Prigioni;G;30:03;3;5;1;3;0;0;3;2;5;10;1;0;2;4;7;
Raymond Felton;G;29:26;2;7;0;3;2;2;0;3;3;1;2;1;1;1;6;
J.R. Smith;;34:49;2;8;0;2;0;0;1;4;5;1;0;0;1;0;4;
Amar'e Stoudemire;;23:24;4;11;0;0;4;4;3;3;6;0;1;1;2;3;12;
Jeremy Tyler;;9:36;2;3;0;0;0;0;0;0;0;0;0;1;2;2;4;
Tim Hardaway Jr.;;24:27;7;15;4;9;5;5;1;0;1;0;1;0;1;3;23;
MEM
Tayshaun Prince;F;39:09;5;8;0;1;0;2;1;3;4;0;0;1;1;1;10;
Zach Randolph;F;34:16;6;11;0;0;1;2;2;6;8;3;0;0;3;4;13;
Marc Gasol;C;25:48;4;7;0;0;0;0;3;4;7;4;0;2;1;4;8;
Courtney Lee;G;37:17;2;8;0;1;2;2;0;2;2;4;2;1;0;1;6;
Mike Conley;G;31:28;6;15;0;2;10;12;1;4;5;3;1;1;4;1;22;
Nick Calathes;;18:55;4;7;1;1;2;2;0;3;3;5;1;0;1;2;11;
Ed Davis;;7:12;1;2;0;0;0;0;1;2;3;0;0;0;1;3;2;
Kosta Koufos;;13:34;2;4;0;0;0;0;1;1;2;0;0;2;0;1;4;
Mike Miller;;20:21;7;11;5;7;0;0;0;1;1;1;1;0;0;0;19;
James Johnson;;12:00;0;2;0;0;3;4;1;2;3;0;0;0;2;5;3;
