12-15;POR-DET;111-109;
29-22;21-29;23-33;26-15;12-10;
POR
Nicolas Batum;F;44:08;7;13;3;7;1;2;2;3;5;5;2;0;2;4;18;
LaMarcus Aldridge;F;42:59;11;25;0;0;5;6;3;9;12;2;0;3;3;3;27;
Robin Lopez;C;38:37;5;8;0;0;2;2;6;7;13;3;1;0;0;4;12;
Wesley Matthews;G;40:14;5;13;1;5;3;4;1;4;5;2;1;0;0;2;14;
Damian Lillard;G;40:54;6;21;0;7;11;12;1;1;2;7;3;0;2;1;23;
Mo Williams;;25:32;3;10;2;5;0;0;1;2;3;3;0;0;0;4;8;
Joel Freeland;;14:29;2;3;0;0;0;0;1;4;5;1;0;0;2;2;4;
Dorell Wright;;13:25;1;2;1;2;0;0;0;1;1;0;2;0;0;0;3;
Thomas Robinson;;4:42;1;4;0;0;0;0;0;1;1;1;0;0;1;1;2;
DET
Josh Smith;F;45:33;13;17;0;2;5;6;2;5;7;4;1;1;1;4;31;
Greg Monroe;F;38:32;7;14;0;0;3;4;4;3;7;1;1;1;4;4;17;
Andre Drummond;C;43:34;6;15;0;1;1;5;6;8;14;0;3;3;2;5;13;
Kentavious Caldwell-Pope;G;21:00;1;5;1;2;2;3;1;5;6;0;0;0;0;2;5;
Brandon Jennings;G;45:21;6;16;1;4;2;3;1;7;8;10;0;0;2;3;15;
Rodney Stuckey;;37:00;7;18;0;1;3;4;1;3;4;0;0;0;2;0;17;
Kyle Singler;;14:29;2;3;1;2;0;0;2;1;3;0;0;0;2;4;5;
Chauncey Billups;;16:37;2;6;0;3;2;2;1;3;4;4;0;0;1;0;6;
Josh Harrellson;;2:54;0;0;0;0;0;0;0;0;0;0;0;0;0;0;0;
