04-14;MIA-WAS;93-114;
26-27;22-43;17-28;28-16;
MIA
Dwyane Wade;F;18:27;4;9;0;1;1;2;0;0;0;3;2;0;4;0;9;
Shane Battier;F;14:56;0;5;0;5;0;0;0;1;1;2;0;0;0;0;0;
Udonis Haslem;C;20:39;4;9;0;0;1;1;1;7;8;0;2;1;0;3;9;
Toney Douglas;G;34:36;5;8;1;3;3;3;0;3;3;3;2;0;4;1;14;
Mario Chalmers;G;30:23;3;9;0;2;1;2;1;3;4;3;1;0;1;2;7;
Ray Allen;;18:39;4;7;3;5;2;2;0;2;2;1;1;0;0;1;13;
Chris Andersen;;7:05;0;1;0;0;0;0;0;1;1;0;0;1;0;2;0;
Rashard Lewis;;6:30;1;3;0;1;0;0;1;0;1;1;1;0;0;1;2;
Michael Beasley;;26:54;7;12;0;1;4;4;1;4;5;3;1;1;2;1;18;
Norris Cole;;20:59;2;5;0;1;0;0;0;1;1;7;0;0;1;1;4;
Justin Hamilton;;23:41;2;5;0;2;2;2;1;1;2;0;0;0;0;1;6;
James Jones;;17:11;4;7;3;6;0;0;0;3;3;0;1;0;0;2;11;
WAS
Trevor Ariza;F;31:45;10;13;5;8;0;2;1;2;3;2;3;0;1;1;25;
Trevor Booker;F;21:23;4;4;0;0;0;2;0;2;2;1;2;0;1;0;8;
Marcin Gortat;C;22:52;5;9;0;0;0;0;3;10;13;1;0;1;1;1;10;
Bradley Beal;G;26:14;5;9;3;5;2;3;0;3;3;5;1;1;3;1;15;
John Wall;G;24:11;2;7;0;3;0;0;0;2;2;13;1;0;2;2;4;
Martell Webster;;26:01;2;5;1;4;2;2;0;2;2;1;0;0;1;3;7;
Nene;;24:13;8;12;0;0;2;4;1;3;4;2;1;1;5;2;18;
Andre Miller;;21:44;0;1;0;0;2;2;1;2;3;9;0;0;1;1;2;
Al Harrington;;17:29;6;8;4;6;0;0;0;4;4;1;1;0;1;3;16;
Otto Porter;;12:00;3;7;0;2;0;0;2;1;3;0;0;0;1;4;6;
Drew Gooden;;5:50;1;2;1;1;0;0;0;1;1;1;0;0;0;1;3;
Kevin Seraphin;;4:13;0;1;0;0;0;0;0;2;2;0;0;0;0;0;0;
Garrett Temple;;2:05;0;0;0;0;0;0;0;0;0;0;0;0;0;0;0;
