12-30;DAL-MIN;100-98;
29-23;33-20;19-38;19-17;
DAL
Shawn Marion;F;31:44;14;19;4;6;0;0;1;5;6;3;1;1;0;2;32;
Dirk Nowitzki;F;33:23;7;17;0;4;2;3;0;5;5;3;0;0;0;3;16;
Samuel Dalembert;C;20:14;3;3;0;0;3;4;2;5;7;1;0;1;1;4;9;
Monta Ellis;G;40:06;3;14;0;3;3;3;0;3;3;10;2;1;3;2;9;
Jose Calderon;G;36:41;3;7;2;4;0;0;0;2;2;8;3;0;3;2;8;
Vince Carter;;23:42;2;9;0;4;2;2;1;4;5;5;3;1;1;2;6;
Brandan Wright;;17:40;6;8;0;0;2;2;0;3;3;0;1;0;1;1;14;
Jae Crowder;;17:23;0;4;0;2;0;0;3;3;6;1;0;1;1;1;0;
DeJuan Blair;;13:09;3;3;0;0;0;0;1;0;1;1;2;0;0;2;6;
Shane Larkin;;5:59;0;2;0;1;0;0;1;0;1;1;0;0;1;1;0;
MIN
Corey Brewer;F;33:55;7;12;2;5;0;0;0;2;2;1;1;1;1;4;16;
Kevin Love;F;39:42;14;24;2;7;6;8;4;7;11;4;1;0;1;3;36;
Nikola Pekovic;C;41:42;6;13;0;0;6;6;3;7;10;1;1;1;1;2;18;
Kevin Martin;G;35:53;6;15;1;3;6;7;2;1;3;1;0;1;3;2;19;
Ricky Rubio;G;30:58;1;3;0;1;2;2;1;8;9;13;3;0;2;3;4;
Alexey Shved;;6:14;0;3;0;1;0;0;0;2;2;0;0;1;2;0;0;
Luc Mbah a Moute;;14:17;0;1;0;1;0;0;0;1;1;0;0;0;2;1;0;
Dante Cunningham;;14:36;0;2;0;0;0;0;2;4;6;0;0;0;0;0;0;
Jose Juan Barea;;17:02;2;4;1;3;0;0;0;2;2;2;0;0;5;0;5;
Robbie Hummel;;5:42;0;2;0;2;0;0;0;0;0;0;0;0;0;0;0;
