03-31;NYK-UTA;92-83;
21-27;27-22;31-20;13-14;
NYK
J.R. Smith;F;43:25;5;14;3;10;0;0;0;3;3;4;1;0;1;2;13;
Carmelo Anthony;F;39:19;11;19;4;7;8;8;0;8;8;3;3;1;3;2;34;
Tyson Chandler;C;35:04;6;7;0;0;3;8;2;7;9;1;1;2;1;3;15;
Iman Shumpert;G;23:12;1;5;0;2;0;0;0;2;2;0;1;0;0;4;2;
Raymond Felton;G;35:24;5;8;1;4;1;2;0;3;3;6;1;0;4;1;12;
Tim Hardaway Jr.;;31:20;3;9;1;5;3;4;0;2;2;2;0;0;0;3;10;
Pablo Prigioni;;16:49;0;3;0;1;0;0;1;3;4;2;1;0;0;0;0;
Cole Aldrich;;12:53;2;4;0;0;2;2;0;6;6;0;0;3;0;3;6;
Jeremy Tyler;;1:17;0;1;0;0;0;0;0;0;0;0;0;0;0;0;0;
Shannon Brown;;1:17;0;0;0;0;0;0;0;1;1;0;0;0;0;0;0;
UTA
Richard Jefferson;F;28:00;5;9;1;3;0;0;0;2;2;3;0;0;0;2;11;
Marvin Williams;F;31:14;2;5;1;2;0;0;2;8;10;2;2;0;0;4;5;
Derrick Favors;C;21:34;6;14;0;0;1;3;8;5;13;0;0;0;0;4;13;
Gordon Hayward;G;39:22;5;14;3;8;5;8;0;2;2;1;1;0;2;1;18;
Trey Burke;G;31:16;2;8;1;2;0;0;1;3;4;3;0;0;3;3;5;
Enes Kanter;;25:06;5;11;0;0;2;2;2;4;6;0;0;0;0;3;12;
Alec Burks;;34:12;7;12;2;2;1;2;1;6;7;4;1;0;5;3;17;
Diante Garrett;;18:04;0;8;0;5;0;0;0;3;3;1;0;0;0;1;0;
Ian Clark;;8:38;0;3;0;2;0;0;0;1;1;1;1;0;1;2;0;
Rudy Gobert;;1:17;1;1;0;0;0;0;2;0;2;0;0;0;0;0;2;
Jeremy Evans;;1:17;0;0;0;0;0;0;0;0;0;0;0;0;0;0;0;
