11-16;OKC-MIL;92-79;
23-23;17-17;32-25;20-14;
OKC
Kevin Durant;F;37:20;7;15;3;5;7;7;1;4;5;2;1;0;3;1;24;
Serge Ibaka;F;33:49;6;13;0;1;3;4;4;16;20;1;0;4;0;3;15;
Kendrick Perkins;C;18:32;1;1;0;0;0;2;1;4;5;3;0;0;2;3;2;
Andre Roberson;G;12:46;1;1;0;0;0;0;1;0;1;0;0;0;0;1;2;
Russell Westbrook;G;33:14;10;20;1;4;5;8;0;3;3;4;1;0;3;1;26;
Nick Collison;;25:06;1;5;0;1;1;2;0;4;4;2;0;0;0;2;3;
Jeremy Lamb;;25:46;3;11;1;3;0;0;0;3;3;2;2;0;1;1;7;
Steven Adams;;13:31;0;4;0;0;2;2;4;3;7;1;1;2;0;3;2;
Reggie Jackson;;19:50;5;10;0;1;1;2;1;0;1;2;1;0;2;1;11;
Derek Fisher;;20:06;0;2;0;2;0;0;0;2;2;0;1;0;0;3;0;
MIL
Khris Middleton;F;31:38;5;14;2;4;2;2;0;2;2;1;1;0;0;3;14;
Ekpe Udoh;F;38:17;4;10;0;0;3;6;5;6;11;2;0;2;0;3;11;
Zaza Pachulia;C;36:40;3;13;0;1;1;1;3;10;13;3;2;0;3;3;7;
O.J. Mayo;G;35:19;7;19;5;11;3;3;1;3;4;1;3;0;3;2;22;
Nate Wolters;G;27:49;3;10;0;2;1;1;2;4;6;4;0;0;2;2;7;
John Henson;;16:08;5;8;0;0;0;0;2;4;6;1;0;2;1;5;10;
Luke Ridnour;;20:11;1;4;0;2;0;0;0;2;2;5;1;0;2;1;2;
Gary Neal;;18:48;1;5;1;1;1;2;0;3;3;0;0;0;3;1;4;
Giannis Antetokounmpo;;15:10;1;3;0;1;0;0;1;4;5;1;0;2;2;1;2;
