11-08;LAL-NOP;85-96;
27-28;21-27;18-14;19-27;
LAL
Nick Young;F;28:27;5;11;1;3;2;2;1;2;3;0;0;0;3;6;13;
Pau Gasol;F;27:30;3;12;0;0;3;4;4;7;11;2;0;1;0;1;9;
Chris Kaman;C;23:31;7;13;0;0;2;2;0;4;4;2;0;2;2;3;16;
Jodie Meeks;G;41:35;4;10;2;5;1;2;1;2;3;0;1;0;0;3;11;
Steve Blake;G;36:29;4;11;2;5;3;4;0;3;3;8;0;0;5;0;13;
Jordan Farmar;;22:39;3;9;0;3;4;4;3;1;4;2;0;0;3;2;10;
Jordan Hill;;22:17;2;4;0;0;0;6;2;11;13;1;1;1;0;0;4;
Xavier Henry;;16:23;2;5;0;0;2;2;1;1;2;1;0;0;1;1;6;
Wesley Johnson;;21:09;1;5;1;3;0;0;0;5;5;3;0;0;0;2;3;
NOP
Al-Farouq Aminu;F;18:30;1;4;0;0;0;0;1;1;2;1;0;0;0;3;2;
Anthony Davis;F;37:10;12;18;0;0;8;11;4;8;12;3;1;6;2;2;32;
Jason Smith;C;29:23;7;12;0;0;0;0;2;3;5;0;0;0;0;1;14;
Eric Gordon;G;31:09;5;11;1;2;5;6;0;6;6;2;2;0;0;1;16;
Jrue Holiday;G;39:25;5;15;0;1;3;4;0;5;5;13;4;0;4;2;13;
Tyreke Evans;;26:46;3;12;0;1;1;1;1;6;7;2;3;0;1;2;7;
Greg Stiemsma;;18:28;1;2;0;0;0;0;2;7;9;0;0;1;1;2;2;
Anthony Morrow;;16:44;4;7;2;3;0;0;0;1;1;0;0;1;0;1;10;
Brian Roberts;;11:37;0;5;0;2;0;0;0;0;0;2;0;0;0;6;0;
Lance Thomas;;10:22;0;1;0;0;0;0;1;2;3;2;0;0;0;2;0;
Jeff Withey;;0:09;0;0;0;0;0;0;0;0;0;0;0;0;0;0;0;
Arinze Onuaku;;0:09;0;0;0;0;0;0;0;0;0;0;0;0;0;0;0;
Austin Rivers;;0:09;0;0;0;0;0;0;0;0;0;0;0;0;0;0;0;
