04-11;DET-CHI;98-106;
28-17;28-21;24-32;18-36;
DET
Kyle Singler;F;42:46;3;10;0;1;2;2;3;1;4;2;1;0;0;2;8;
Greg Monroe;F;36:22;3;9;0;0;1;4;0;7;7;3;1;0;3;4;7;
Andre Drummond;C;41:51;11;17;0;0;4;9;12;14;26;0;3;1;2;4;26;
Rodney Stuckey;G;31:35;10;18;0;0;2;4;0;1;1;1;1;0;0;0;22;
Brandon Jennings;G;33:40;7;17;1;5;2;2;0;4;4;3;1;1;3;3;17;
Peyton Siva;;17:11;4;7;2;5;2;2;0;0;0;0;0;0;1;4;12;
Jonas Jerebko;;17:47;1;4;1;3;0;0;0;1;1;3;0;0;1;3;3;
Kentavious Caldwell-Pope;;18:48;1;4;1;3;0;0;0;2;2;0;0;0;1;1;3;
CHI
Mike Dunleavy;F;37:20;5;11;3;5;1;1;0;6;6;1;2;0;1;1;14;
Carlos Boozer;F;24:00;7;8;0;0;4;5;1;6;7;0;0;0;2;2;18;
Joakim Noah;C;39:42;2;10;0;0;2;2;2;10;12;10;2;3;3;4;6;
Jimmy Butler;G;44:41;5;13;1;7;2;2;1;3;4;3;0;2;2;3;13;
Kirk Hinrich;G;26:40;5;13;0;3;0;0;1;1;2;5;0;0;0;3;10;
D.J. Augustin;;28:05;7;14;1;4;9;10;1;3;4;6;1;0;2;5;24;
Taj Gibson;;27:33;7;10;0;0;3;3;3;1;4;2;0;2;1;1;17;
Nazr Mohammed;;4:45;2;2;0;0;0;0;0;0;0;0;1;0;0;0;4;
Tony Snell;;7:15;0;0;0;0;0;0;0;0;0;0;0;0;0;0;0;
