12-18;NOP-LAC;95-108;
22-27;23-25;20-26;30-30;
NOP
Al-Farouq Aminu;F;15:12;3;6;0;0;0;0;2;3;5;0;0;0;2;4;6;
Ryan Anderson;F;41:23;7;21;3;9;0;0;5;4;9;1;0;0;2;2;17;
Jason Smith;C;22:24;1;4;0;0;0;0;1;6;7;1;0;0;0;1;2;
Eric Gordon;G;30:26;4;11;0;1;1;2;1;2;3;2;1;0;0;3;9;
Jrue Holiday;G;35:54;5;11;1;4;2;2;0;5;5;10;2;0;1;1;13;
Anthony Davis;;32:13;10;18;0;0;4;7;5;7;12;0;3;0;2;3;24;
Tyreke Evans;;32:54;2;10;0;2;7;8;4;9;13;10;0;1;3;2;11;
Austin Rivers;;14:35;1;4;0;1;0;1;0;1;1;1;0;0;1;3;2;
Anthony Morrow;;14:59;4;8;3;3;0;0;0;0;0;1;0;0;0;3;11;
LAC
Jared Dudley;F;39:14;7;11;4;6;2;2;1;4;5;3;0;0;2;4;20;
Blake Griffin;F;31:54;8;16;2;3;3;4;3;7;10;5;0;1;3;6;21;
DeAndre Jordan;C;42:52;6;6;0;0;2;4;5;15;20;0;0;5;0;2;14;
Jamal Crawford;G;32:50;3;13;1;7;10;11;0;2;2;4;1;0;3;1;17;
Chris Paul;G;34:03;4;13;1;4;3;4;1;4;5;11;2;0;1;2;12;
Darren Collison;;23:10;2;7;1;3;9;9;1;4;5;1;0;0;0;0;14;
Willie Green;;22:36;3;7;2;4;2;2;0;1;1;1;0;1;0;0;10;
Stephen Jackson;;10:21;0;4;0;2;0;0;0;0;0;0;1;1;0;1;0;
Ryan Hollins;;2:60;0;1;0;0;0;0;0;1;1;0;0;0;0;0;0;
