11-18;DEN-OKC;113-115;
39-28;24-32;29-23;21-32;
DEN
Wilson Chandler;F;32:17;3;12;1;6;1;3;1;2;3;2;2;2;0;2;8;
Kenneth Faried;F;25:38;2;4;0;0;1;2;1;5;6;1;0;1;2;2;5;
JJ Hickson;C;33:02;7;14;0;1;4;8;6;13;19;2;1;2;3;4;18;
Randy Foye;G;28:52;4;8;2;5;1;3;0;2;2;4;1;1;1;4;11;
Ty Lawson;G;36:39;9;17;1;5;10;12;0;4;4;8;0;0;1;2;29;
Jordan Hamilton;;16:19;2;6;1;1;1;1;0;3;3;2;0;0;0;1;6;
Timofey Mozgov;;15:00;3;4;0;0;1;4;1;2;3;0;0;0;1;2;7;
Darrell Arthur;;15:13;3;5;0;1;0;0;1;0;1;0;0;0;2;1;6;
Evan Fournier;;16:59;4;7;2;3;2;4;0;3;3;2;0;0;0;3;12;
Andre Miller;;11:21;0;1;0;0;1;2;0;1;1;2;2;0;0;1;1;
Nate Robinson;;8:40;3;5;1;1;3;4;0;0;0;1;1;0;1;0;10;
OKC
Kevin Durant;F;42:47;11;27;3;9;13;16;3;5;8;6;1;1;3;2;38;
Serge Ibaka;F;31:11;3;7;0;0;0;0;5;2;7;4;0;3;0;5;6;
Kendrick Perkins;C;14:40;1;4;0;0;0;0;3;2;5;2;0;0;2;3;2;
Thabo Sefolosha;G;22:17;3;6;2;3;0;0;2;1;3;1;1;1;0;2;8;
Russell Westbrook;G;38:06;10;25;3;4;7;10;2;10;12;7;0;0;5;2;30;
Steven Adams;;5:53;0;0;0;0;0;0;0;0;0;1;0;1;0;1;0;
Jeremy Lamb;;19:40;3;5;2;3;0;0;0;1;1;0;2;0;0;3;8;
Reggie Jackson;;23:44;4;11;2;6;4;4;2;5;7;2;1;0;2;1;14;
Nick Collison;;19:17;2;5;0;0;0;0;2;4;6;1;0;0;0;3;4;
Derek Fisher;;18:52;1;3;1;2;2;2;0;2;2;0;1;0;0;4;5;
Perry Jones;;3:33;0;0;0;0;0;0;0;2;2;0;0;0;0;1;0;
