12-19;CHI-OKC;95-107;
24-35;28-20;20-29;23-23;
CHI
Mike Dunleavy;F;35:46;4;12;3;7;0;0;0;2;2;6;0;0;1;2;11;
Carlos Boozer;F;26:51;2;7;0;0;6;8;2;7;9;2;1;0;0;2;10;
Joakim Noah;C;29:16;8;17;0;0;7;8;4;8;12;3;2;1;4;1;23;
Jimmy Butler;G;16:40;0;2;0;2;3;7;0;0;0;0;1;1;1;1;3;
D.J. Augustin;G;35:59;5;10;3;7;2;2;0;0;0;5;1;0;5;4;15;
Tony Snell;;41:09;4;15;2;11;0;0;2;6;8;1;1;1;1;1;10;
Taj Gibson;;30:24;5;9;0;1;6;8;2;4;6;3;2;2;2;3;16;
Marquis Teague;;12:01;0;2;0;1;3;4;0;1;1;0;0;0;2;2;3;
Nazr Mohammed;;9:29;1;3;0;0;2;2;1;1;2;0;0;1;0;0;4;
Erik Murphy;;2:25;0;0;0;0;0;0;0;0;0;0;0;0;0;0;0;
OKC
Kevin Durant;F;33:18;13;20;4;5;2;2;0;9;9;6;3;1;1;2;32;
Serge Ibaka;F;20:54;2;4;1;1;0;0;1;2;3;1;0;3;1;5;5;
Kendrick Perkins;C;20:47;0;0;0;0;0;0;0;4;4;1;1;0;1;4;0;
Thabo Sefolosha;G;22:22;4;11;1;4;1;2;1;4;5;4;2;1;0;0;10;
Russell Westbrook;G;27:52;7;12;0;0;6;7;0;2;2;10;1;0;5;4;20;
Nick Collison;;19:50;4;6;0;0;1;1;1;2;3;0;0;0;0;2;9;
Steven Adams;;27:13;1;4;0;0;2;2;3;4;7;0;4;2;2;5;4;
Jeremy Lamb;;23:02;3;11;1;2;0;0;1;1;2;2;1;0;0;3;7;
Reggie Jackson;;27:35;8;12;2;2;0;0;0;5;5;2;0;0;6;1;18;
Derek Fisher;;11:36;0;3;0;1;0;0;1;1;2;0;0;0;0;1;0;
Perry Jones;;3:06;0;0;0;0;0;0;0;0;0;0;0;0;0;0;0;
Andre Roberson;;2:25;1;1;0;0;0;0;0;1;1;0;0;0;0;0;2;
