03-16;UTA-SAS;104-122;
23-26;30-35;23-30;28-31;
UTA
Richard Jefferson;F;28:58;3;9;2;3;0;0;0;2;2;0;0;1;0;4;8;
Enes Kanter;F;21:59;3;11;0;0;2;3;6;5;11;0;0;0;1;3;8;
Derrick Favors;C;32:33;12;19;0;0;4;5;3;7;10;1;3;0;0;4;28;
Gordon Hayward;G;34:50;7;13;0;1;3;4;0;6;6;6;0;0;6;1;17;
Trey Burke;G;29:49;6;12;1;2;0;0;0;0;0;5;2;0;0;0;13;
Marvin Williams;;26:23;3;7;1;3;1;1;2;2;4;2;0;1;0;2;8;
Alec Burks;;26:52;5;11;0;1;2;4;0;1;1;1;2;0;1;2;12;
Jeremy Evans;;9:45;2;2;0;0;0;0;1;1;2;1;1;0;0;2;4;
Diante Garrett;;18:11;0;3;0;0;2;2;0;2;2;2;0;0;0;0;2;
Brandon Rush;;2:40;0;1;0;0;0;0;0;0;0;1;0;0;0;0;0;
Rudy Gobert;;2:40;0;0;0;0;0;0;0;0;0;0;0;1;0;0;0;
Ian Clark;;2:40;1;2;1;1;0;0;0;0;0;0;0;0;0;0;3;
John Lucas III;;2:40;0;1;0;0;1;2;1;0;1;0;0;0;0;0;1;
SAS
Kawhi Leonard;F;27:25;4;8;2;2;1;2;0;6;6;3;0;1;0;0;11;
Tim Duncan;F;30:26;7;10;0;0;2;2;1;5;6;6;1;2;2;1;16;
Tiago Splitter;C;22:50;6;7;0;0;2;4;2;8;10;1;0;2;1;3;14;
Danny Green;G;19:29;2;5;1;3;0;0;0;2;2;2;0;0;0;4;5;
Tony Parker;G;25:60;7;11;0;0;4;4;0;0;0;7;0;0;3;2;18;
Manu Ginobili;;24:33;8;11;2;5;3;4;0;1;1;2;1;0;2;1;21;
Patty Mills;;18:43;4;7;4;5;0;0;0;1;1;4;1;0;0;1;12;
Marco Belinelli;;28:27;5;7;1;1;1;2;0;5;5;4;1;0;1;2;12;
Boris Diaw;;19:12;3;5;0;0;0;0;0;5;5;2;0;0;3;2;6;
Aron Baynes;;14:18;1;4;0;0;1;1;0;0;0;0;0;0;0;3;3;
Cory Joseph;;3:17;1;2;0;0;0;0;0;0;0;0;0;0;0;0;2;
Matt Bonner;;2:40;0;0;0;0;0;0;0;3;3;0;0;0;0;0;0;
Jeff Ayres;;2:40;1;1;0;0;0;0;1;0;1;0;0;0;0;0;2;
