01-17;CHA-ORL;111-101;
30-18;22-35;26-21;33-27;
CHA
Michael Kidd-Gilchrist;F;28:06;4;8;0;0;1;6;1;3;4;0;1;1;1;2;9;
Josh McRoberts;F;35:43;6;8;5;7;0;0;0;2;2;5;1;1;1;2;17;
Al Jefferson;C;36:19;13;17;0;0;4;4;1;15;16;2;3;1;1;3;30;
Gerald Henderson;G;35:03;3;11;0;2;11;12;0;3;3;1;0;2;3;2;17;
Kemba Walker;G;42:40;7;16;1;3;4;6;0;2;2;10;0;0;0;0;19;
Anthony Tolliver;;16:59;1;2;1;2;0;0;0;2;2;1;0;0;1;1;3;
Cody Zeller;;12:17;2;6;0;0;2;2;1;2;3;0;0;0;1;2;6;
Ramon Sessions;;21:12;3;6;0;1;4;5;0;1;1;5;1;0;2;0;10;
Jeff Adrien;;8:37;0;0;0;0;0;0;1;1;2;1;0;1;1;2;0;
Bismack Biyombo;;3:04;0;0;0;0;0;0;0;1;1;0;0;0;1;1;0;
ORL
Arron Afflalo;F;37:44;7;14;4;7;6;8;0;4;4;2;0;0;1;2;24;
Tobias Harris;F;36:14;7;14;1;4;3;5;2;5;7;1;0;1;1;4;18;
Glen Davis;C;32:34;5;7;0;0;1;2;1;10;11;0;0;0;4;5;11;
Victor Oladipo;G;39:15;4;14;1;4;2;3;0;5;5;10;1;2;4;4;11;
Jameer Nelson;G;34:21;7;16;3;7;1;1;0;0;0;8;1;0;0;2;18;
E'Twaun Moore;;17:47;3;4;1;2;0;0;0;1;1;4;2;0;2;2;7;
Kyle O'Quinn;;16:52;4;8;0;0;0;0;2;5;7;0;0;3;2;2;8;
Andrew Nicholson;;10:20;1;4;0;0;2;2;1;2;3;0;0;0;0;1;4;
Maurice Harkless;;12:47;0;1;0;1;0;0;0;0;0;0;1;0;0;0;0;
Doron Lamb;;2:06;0;0;0;0;0;0;0;0;0;0;0;0;0;0;0;
