01-29;ORL-TOR;83-98;
20-33;20-22;25-25;18-18;
ORL
Arron Afflalo;F;34:56;4;11;0;1;2;2;0;1;1;3;1;0;1;3;10;
Glen Davis;F;31:27;1;4;0;0;3;5;1;3;4;4;1;0;0;0;5;
Nikola Vucevic;C;20:29;6;12;0;0;4;4;5;5;10;0;2;0;0;2;16;
Victor Oladipo;G;38:37;3;14;1;4;5;8;0;2;2;3;1;0;3;3;12;
Jameer Nelson;G;38:46;5;15;3;6;0;0;0;2;2;4;1;0;0;2;13;
E'Twaun Moore;;19:41;4;8;1;2;0;0;0;2;2;0;1;0;0;2;9;
Tobias Harris;;27:09;2;8;0;2;5;5;3;8;11;3;1;1;2;1;9;
Kyle O'Quinn;;13:38;2;5;0;0;2;2;1;4;5;0;1;4;0;0;6;
Maurice Harkless;;12:00;1;6;1;4;0;0;0;2;2;0;1;0;0;1;3;
Andrew Nicholson;;3:17;0;1;0;0;0;0;0;0;0;0;0;0;0;0;0;
TOR
Terrence Ross;F;36:56;4;13;2;6;2;2;0;8;8;4;0;2;2;0;12;
Amir Johnson;F;35:18;10;20;1;2;1;2;2;9;11;3;2;0;1;4;22;
Jonas Valanciunas;C;31:45;6;11;0;0;2;2;5;10;15;0;0;1;1;3;14;
Greivis Vasquez;G;37:28;2;7;2;6;0;0;0;1;1;6;0;0;3;3;6;
Kyle Lowry;G;37:27;11;20;6;11;5;7;3;4;7;11;0;0;4;3;33;
John Salmons;;22:33;1;6;1;2;0;0;0;1;1;0;1;0;2;3;3;
Charles Hayes;;12:19;1;6;0;0;0;0;3;4;7;1;0;0;0;1;2;
Steve Novak;;13:06;2;3;2;3;0;0;0;0;0;1;0;0;0;1;6;
Julyan Stone;;7:24;0;1;0;1;0;0;0;3;3;0;1;0;0;1;0;
Tyler Hansbrough;;5:44;0;0;0;0;0;0;0;1;1;0;1;0;1;1;0;
