11-08;UTA-CHI;73-97;
18-30;22-21;16-27;17-19;
UTA
Richard Jefferson;F;27:57;3;12;1;4;1;2;1;0;1;0;2;0;2;3;8;
Derrick Favors;F;33:30;3;10;0;1;4;6;5;4;9;3;1;1;4;5;10;
Enes Kanter;C;27:25;4;11;0;0;0;0;2;2;4;1;0;1;1;4;8;
Gordon Hayward;G;37:21;5;15;1;2;4;5;1;5;6;5;0;0;2;1;15;
Jamaal Tinsley;G;12:22;1;3;0;2;0;0;1;1;2;4;0;0;1;0;2;
John Lucas III;;29:29;3;9;3;4;0;0;1;1;2;1;3;0;1;0;9;
Rudy Gobert;;15:38;1;2;0;0;2;6;4;8;12;0;2;1;0;1;4;
Alec Burks;;28:58;3;13;1;3;3;4;1;0;1;1;4;0;3;2;10;
Marvin Williams;;10:48;1;5;1;3;0;0;0;1;1;1;0;0;3;3;3;
Michael Harris;;8:39;1;3;0;0;2;2;1;1;2;1;1;1;0;2;4;
Ian Clark;;7:53;0;2;0;1;0;0;0;0;0;1;0;0;0;0;0;
CHI
Luol Deng;F;38:08;7;9;0;0;5;5;2;9;11;9;5;0;5;2;19;
Carlos Boozer;F;23:59;7;11;0;0;4;6;2;8;10;2;0;1;2;3;18;
Joakim Noah;C;24:57;6;9;0;0;2;4;4;4;8;1;1;1;3;3;14;
Jimmy Butler;G;27:15;2;5;1;4;0;0;0;4;4;3;2;0;1;1;5;
Derrick Rose;G;27:04;3;8;1;2;5;5;0;2;2;5;1;1;4;1;12;
Taj Gibson;;29:50;5;13;0;0;2;4;1;3;4;1;0;1;2;4;12;
Mike Dunleavy;;21:58;4;7;1;1;0;0;0;2;2;1;0;0;0;3;9;
Kirk Hinrich;;22:22;1;2;0;1;0;0;0;1;1;2;3;0;0;2;2;
Nazr Mohammed;;13:37;3;6;0;0;0;1;2;1;3;1;0;1;1;4;6;
Tony Snell;;3:37;0;1;0;0;0;0;0;1;1;0;0;0;0;0;0;
Erik Murphy;;3:37;0;1;0;0;0;0;0;2;2;0;0;1;1;1;0;
Marquis Teague;;2:11;0;0;0;0;0;0;0;0;0;1;0;0;1;0;0;
Mike James;;1:25;0;0;0;0;0;0;0;0;0;0;0;0;0;0;0;
