03-26;NYK-SAC;107-99;
31-28;32-20;23-24;21-27;
NYK
Carmelo Anthony;F;42:06;12;21;5;8;7;7;0;5;5;3;0;1;5;5;36;
Amar'e Stoudemire;F;32:40;6;10;0;0;0;0;1;5;6;1;1;0;3;5;12;
Tyson Chandler;C;28:31;4;5;0;0;2;2;2;6;8;0;0;1;1;5;10;
J.R. Smith;G;41:39;10;19;9;12;0;0;1;3;4;4;0;1;2;2;29;
Raymond Felton;G;32:20;2;7;0;0;1;2;1;6;7;9;0;0;0;3;5;
Iman Shumpert;;24:33;2;3;0;1;0;0;1;1;2;1;0;0;1;4;4;
Pablo Prigioni;;15:40;1;4;1;4;0;0;0;0;0;7;0;0;2;1;3;
Tim Hardaway Jr.;;16:35;2;3;0;1;2;2;0;1;1;0;2;0;0;2;6;
Cole Aldrich;;5:58;1;1;0;0;0;0;1;0;1;0;0;1;0;3;2;
SAC
Rudy Gay;F;37:12;4;10;0;2;6;9;0;3;3;3;1;0;4;2;14;
Reggie Evans;F;16:02;1;2;0;0;0;0;0;1;1;1;0;0;0;1;2;
DeMarcus Cousins;C;42:57;10;15;0;0;12;12;4;11;15;8;2;2;4;4;32;
Ben McLemore;G;31:00;6;12;4;7;0;0;0;1;1;1;1;0;0;3;16;
Ray McCallum;G;42:42;3;14;0;2;4;5;1;5;6;5;1;0;2;1;10;
Travis Outlaw;;27:06;6;11;2;6;1;2;0;0;0;0;0;0;0;4;15;
Derrick Williams;;30:48;1;3;0;0;4;7;3;2;5;1;2;0;0;1;6;
Royce White;;7:10;0;0;0;0;0;0;0;0;0;0;0;0;0;2;0;
Jason Thompson;;5:03;2;2;0;0;0;0;0;1;1;0;0;0;0;0;4;
