11-22;GSW-LAL;95-102;
21-22;25-33;17-20;32-27;
GSW
Harrison Barnes;F;44:18;9;13;2;3;0;0;1;3;4;3;1;1;1;2;20;
David Lee;F;41:36;7;17;0;0;7;8;4;9;13;4;1;0;5;2;21;
Andrew Bogut;C;32:22;5;9;0;0;2;7;4;9;13;5;2;1;1;4;12;
Klay Thompson;G;41:13;6;20;4;10;3;5;0;3;3;3;2;0;2;2;19;
Andre Iguodala;G;27:56;1;4;1;2;3;4;1;2;3;6;0;0;6;1;6;
Draymond Green;;27:20;4;5;2;3;2;2;1;3;4;1;2;0;1;3;12;
Nemanja Nedovic;;5:18;0;2;0;2;0;0;0;1;1;0;0;0;0;2;0;
Marreese Speights;;10:59;1;8;0;1;1;2;5;2;7;1;0;0;1;2;3;
Kent Bazemore;;8:22;1;4;0;1;0;0;0;2;2;0;0;0;1;2;2;
Dewayne Dedmon;;0:36;0;0;0;0;0;0;0;0;0;0;0;0;0;0;0;
LAL
Wesley Johnson;F;22:50;1;4;0;1;0;0;0;3;3;1;1;0;1;2;2;
Jordan Hill;F;32:57;5;10;0;0;0;0;3;6;9;3;0;1;3;5;10;
Pau Gasol;C;38:39;11;19;0;0;2;2;2;8;10;3;2;1;2;5;24;
Jodie Meeks;G;27:54;3;10;2;5;0;0;0;1;1;0;1;0;1;1;8;
Steve Blake;G;28:58;3;6;2;3;6;6;0;2;2;5;2;0;5;3;14;
Shawne Williams;;18:20;2;4;2;4;0;0;1;3;4;1;0;1;1;2;6;
Nick Young;;31:14;7;15;3;7;4;5;0;1;1;0;2;0;0;3;21;
Xavier Henry;;20:06;1;5;0;0;1;4;1;3;4;0;2;0;1;0;3;
Jordan Farmar;;19:02;6;9;2;4;0;0;0;2;2;8;0;1;0;1;14;
