03-20;OKC-CLE;102-95;
21-25;35-21;29-22;17-27;
OKC
Kevin Durant;F;35:49;12;21;3;8;8;9;2;9;11;6;0;1;1;2;35;
Serge Ibaka;F;33:58;6;13;0;0;4;4;4;7;11;1;0;3;3;3;16;
Steven Adams;C;18:12;2;3;0;0;0;0;3;3;6;0;0;1;2;2;4;
Andre Roberson;G;17:07;2;8;0;2;0;0;3;1;4;0;0;0;1;3;4;
Reggie Jackson;G;26:35;5;13;1;5;2;2;2;2;4;6;1;0;3;0;13;
Nick Collison;;21:03;0;1;0;0;0;0;2;3;5;3;1;0;0;2;0;
Caron Butler;;26:22;3;10;2;6;0;0;1;4;5;2;2;0;0;1;8;
Derek Fisher;;23:35;4;7;3;6;1;4;0;3;3;1;4;0;1;3;12;
Hasheem Thabeet;;6:24;0;1;0;0;0;0;0;1;1;0;0;0;2;3;0;
Jeremy Lamb;;25:50;4;10;1;3;1;1;1;2;3;2;0;2;2;2;10;
Perry Jones;;2:44;0;2;0;1;0;0;0;0;0;0;0;0;0;0;0;
Mustafa Shakur;;2:21;0;0;0;0;0;0;0;0;0;0;0;0;1;0;0;
CLE
Alonzo Gee;F;25:43;3;4;1;2;0;0;0;1;1;3;2;0;0;4;7;
Tristan Thompson;F;31:32;2;8;0;0;1;2;3;7;10;0;0;0;0;3;5;
Spencer Hawes;C;30:48;8;17;3;10;1;2;0;3;3;3;0;0;3;3;20;
Dion Waiters;G;40:51;11;25;2;3;6;12;0;2;2;4;3;0;1;3;30;
Jarrett Jack;G;33:52;2;8;0;1;2;2;1;2;3;4;1;0;2;2;6;
Matthew Dellavedova;;33:07;4;8;2;6;1;2;2;2;4;10;1;0;3;1;11;
Anderson Varejao;;19:18;3;5;0;0;2;2;2;6;8;1;2;0;2;3;8;
Shane Edwards;;10:27;1;2;0;0;0;0;0;1;1;0;0;0;1;1;2;
Tyler Zeller;;14:22;2;4;0;0;2;2;1;3;4;2;0;0;0;0;6;
