12-23;DAL-HOU;111-104;
20-26;30-31;36-21;25-26;
DAL
Shawn Marion;F;25:19;2;4;0;1;0;0;1;4;5;3;2;1;0;1;4;
Dirk Nowitzki;F;35:14;11;18;1;3;8;9;0;6;6;3;1;2;1;0;31;
Samuel Dalembert;C;28:52;3;6;0;0;2;2;4;3;7;0;3;0;0;3;8;
Monta Ellis;G;35:59;4;16;2;3;8;10;0;5;5;5;2;0;4;1;18;
Jose Calderon;G;32:38;6;12;3;7;0;0;0;1;1;5;0;0;1;5;15;
Vince Carter;;28:12;6;8;2;3;2;2;1;3;4;4;1;0;3;5;16;
Jae Crowder;;22:49;4;7;3;5;0;0;0;0;0;1;2;1;1;0;11;
Brandan Wright;;19:08;3;3;0;0;0;0;1;2;3;1;2;0;0;4;6;
Gal Mekel;;11:49;1;5;0;0;0;0;2;0;2;1;0;0;1;3;2;
HOU
Chandler Parsons;F;43:35;8;15;1;4;4;4;0;5;5;2;1;0;4;2;21;
Terrence Jones;F;30:23;5;8;0;1;0;0;1;3;4;1;0;0;0;2;10;
Dwight Howard;C;40:48;10;16;0;0;9;13;5;10;15;4;1;0;4;2;29;
Francisco Garcia;G;35:01;1;6;1;5;0;0;1;3;4;6;1;0;1;3;3;
Jeremy Lin;G;36:51;6;10;1;2;7;10;0;2;2;2;1;0;5;2;20;
Omri Casspi;;18:55;1;2;0;0;1;2;0;3;3;2;0;0;1;3;3;
Aaron Brooks;;27:13;7;13;4;7;0;0;1;2;3;5;0;1;2;4;18;
Ronnie Brewer;;7:14;0;0;0;0;0;0;0;0;0;1;1;0;0;0;0;
