01-22;ATL-ORL;112-109;
29-21;31-35;28-24;24-29;
ATL
DeMarre Carroll;F;23:47;6;7;3;4;2;2;3;5;8;2;1;0;1;0;17;
Paul Millsap;F;38:23;9;17;1;3;5;6;2;4;6;5;3;5;3;2;24;
Pero Antic;C;33:07;2;9;1;6;5;6;2;10;12;1;1;0;2;2;10;
Kyle Korver;G;35:51;5;11;2;5;0;0;0;5;5;7;1;1;0;2;12;
Jeff Teague;G;35:25;7;14;2;3;7;8;0;5;5;2;3;0;4;1;23;
Elton Brand;;13:25;1;2;0;0;2;2;0;1;1;0;1;0;1;3;4;
Mike Scott;;18:06;5;9;0;1;0;0;1;3;4;0;0;1;1;0;10;
Lou Williams;;21:43;1;4;0;1;0;0;0;0;0;6;0;0;3;2;2;
Shelvin Mack;;20:13;5;10;0;2;0;0;0;1;1;3;1;0;2;1;10;
ORL
Arron Afflalo;F;29:31;3;9;0;1;0;0;0;1;1;3;0;0;2;2;6;
Tobias Harris;F;34:22;7;16;0;2;5;5;2;10;12;1;0;0;3;4;19;
Glen Davis;C;30:53;4;10;0;0;1;2;1;1;2;3;1;0;1;3;9;
Victor Oladipo;G;34:02;8;13;2;2;6;7;1;6;7;7;2;1;2;3;24;
Jameer Nelson;G;29:38;6;11;0;2;5;5;0;1;1;7;1;0;4;1;17;
E'Twaun Moore;;null;1;4;0;0;0;0;0;1;1;1;3;0;1;2;2;
Maurice Harkless;;22:19;4;5;1;1;3;3;0;3;3;1;0;0;0;0;12;
Kyle O'Quinn;;21:19;2;7;0;0;1;2;1;2;3;1;0;0;1;2;5;
Andrew Nicholson;;3:36;1;2;0;0;0;0;0;1;1;0;0;0;0;0;2;
Jason Maxiell;;5:50;0;0;0;0;0;0;1;0;1;0;0;0;0;0;0;
Doron Lamb;;18:53;5;6;3;4;0;0;0;1;1;0;0;0;0;6;13;
