12-31;ATL-BOS;92-91;
20-23;19-21;23-23;30-24;
ATL
Mike Scott;F;27:58;4;12;0;3;0;0;0;7;7;1;0;1;0;1;8;
Paul Millsap;F;39:11;12;19;0;1;10;14;5;10;15;2;2;2;4;2;34;
Elton Brand;C;12:10;1;2;0;0;2;2;0;1;1;0;1;0;1;1;4;
Kyle Korver;G;38:56;5;11;1;6;3;3;0;3;3;5;1;1;0;3;14;
Jeff Teague;G;33:17;6;17;0;3;4;4;1;5;6;6;0;0;1;1;16;
Pero Antic;;22:30;2;5;1;4;0;0;1;4;5;0;0;0;0;3;5;
Lou Williams;;15:47;0;8;0;4;0;0;1;0;1;1;1;0;1;0;0;
Shelvin Mack;;23:20;1;9;1;4;2;2;0;5;5;5;0;0;2;2;5;
Dennis Schroder;;6:01;0;0;0;0;0;0;0;0;0;0;1;0;2;0;0;
Gustavo Ayon;;6:52;0;4;0;0;0;0;7;0;7;1;0;0;0;0;0;
Cartier Martin;;13:58;2;4;2;4;0;0;0;1;1;0;1;0;3;2;6;
BOS
Jeff Green;F;21:13;4;10;0;2;0;0;0;5;5;1;2;0;3;1;8;
Brandon Bass;F;23:37;2;6;0;0;5;6;0;2;2;0;0;1;3;3;9;
Jared Sullinger;C;19:51;1;6;0;0;0;0;2;8;10;3;0;1;0;3;2;
Avery Bradley;G;31:22;2;10;0;3;4;4;1;4;5;2;0;1;1;1;8;
Jordan Crawford;G;32:54;3;15;1;7;1;1;3;3;6;5;0;0;3;2;8;
Kris Humphries;;28:09;7;13;0;0;4;4;0;10;10;1;0;0;0;4;18;
Courtney Lee;;23:00;5;7;1;1;0;0;1;2;3;2;1;2;0;0;11;
Gerald Wallace;;22:14;3;5;0;1;0;0;0;2;2;4;1;0;3;3;6;
Kelly Olynyk;;24:23;8;11;3;5;2;2;1;3;4;5;1;2;1;2;21;
Phil Pressey;;13:17;0;1;0;1;0;0;0;0;0;5;1;0;1;3;0;
