10-30;BOS-TOR;87-93;
26-21;11-28;34-22;16-22;
BOS
Gerald Wallace;F;39:52;1;1;0;0;1;4;0;3;3;2;4;0;5;2;3;
Brandon Bass;F;32:13;6;7;0;0;5;5;1;1;2;2;2;0;1;2;17;
Vitor Faverani;C;26:41;4;9;0;1;5;8;1;2;3;0;0;3;3;5;13;
Jeff Green;G;37:03;8;16;2;3;7;9;0;5;5;2;1;1;1;4;25;
Avery Bradley;G;31:18;4;13;0;3;0;0;1;4;5;4;2;1;4;6;8;
Jordan Crawford;;17:38;3;5;1;1;0;0;2;1;3;5;0;0;1;2;7;
Kelly Olynyk;;16:18;2;5;0;2;0;0;0;0;0;0;0;0;3;2;4;
Kris Humphries;;20:48;3;4;0;0;2;3;2;7;9;0;0;2;2;2;8;
Courtney Lee;;14:28;1;4;0;2;0;0;0;2;2;0;1;0;2;0;2;
Phil Pressey;;3:41;0;2;0;1;0;0;0;1;1;0;0;0;0;2;0;
TOR
Rudy Gay;F;34:10;8;18;1;2;2;3;2;6;8;1;2;0;5;3;19;
Amir Johnson;F;24:18;6;8;1;3;0;0;2;1;3;2;0;1;0;4;13;
Jonas Valanciunas;C;31:23;4;9;0;0;0;0;5;6;11;0;1;2;3;4;8;
DeMar DeRozan;G;40:24;6;19;1;3;0;2;0;2;2;2;2;0;5;3;13;
Kyle Lowry;G;34:45;2;8;0;3;7;12;2;1;3;8;2;0;2;2;11;
Tyler Hansbrough;;24:40;3;4;0;0;1;2;5;7;12;0;0;3;0;1;7;
Landry Fields;;18:14;4;7;0;0;0;1;3;3;6;0;0;0;0;4;8;
Steve Novak;;6:39;1;3;1;2;0;0;0;1;1;0;0;0;0;1;3;
D.J. Augustin;;13:15;2;7;0;3;1;1;0;0;0;2;0;0;1;1;5;
Terrence Ross;;12:12;2;3;1;1;1;2;0;2;2;0;2;0;1;2;6;
