11-08;CLE-PHI;79-94;
28-14;14-30;19-33;18-17;
CLE
Earl Clark;F;16:25;2;9;0;4;0;0;2;1;3;0;2;1;0;0;4;
Tristan Thompson;F;35:20;5;15;0;0;3;4;9;7;16;0;0;2;2;4;13;
Anderson Varejao;C;32:10;1;7;0;1;0;0;2;2;4;3;2;0;0;2;2;
Dion Waiters;G;32:06;7;19;3;6;1;2;0;6;6;3;1;0;0;0;18;
Kyrie Irving;G;33:38;4;17;1;6;1;2;3;0;3;9;1;0;1;1;10;
Andrew Bynum;;17:46;2;3;0;0;0;0;1;4;5;1;1;1;1;0;4;
Jarrett Jack;;25:09;3;10;3;4;4;4;1;3;4;3;2;0;3;1;13;
Alonzo Gee;;13:15;1;2;0;1;0;0;0;1;1;0;0;0;0;1;2;
Anthony Bennett;;5:54;0;0;0;0;0;0;0;1;1;0;0;0;1;0;0;
CJ Miles;;18:15;5;7;2;4;1;2;0;0;0;3;0;0;2;2;13;
Tyler Zeller;;4:50;0;0;0;0;0;0;0;0;0;0;0;0;2;1;0;
Sergey Karasev;;5:12;0;1;0;0;0;0;0;0;0;0;0;0;1;0;0;
PHI
Evan Turner;F;36:59;10;18;0;0;2;2;2;8;10;5;1;0;6;4;22;
Thaddeus Young;F;36:12;8;12;0;1;0;1;0;8;8;1;1;2;1;2;16;
Spencer Hawes;C;31:58;3;6;2;3;2;2;2;5;7;3;0;6;0;5;10;
James Anderson;G;31:57;5;7;1;3;0;0;1;4;5;2;0;0;2;1;11;
Michael Carter-Williams;G;34:18;4;13;2;5;1;2;4;5;9;6;1;0;3;2;11;
Tony Wroten;;26:09;7;14;2;8;2;2;0;4;4;4;1;0;2;0;18;
Lavoy Allen;;20:15;3;10;0;0;0;0;3;1;4;0;0;0;2;0;6;
Darius Morris;;12:29;0;3;0;1;0;0;0;0;0;4;0;0;1;2;0;
Brandon Davies;;7:36;0;1;0;0;0;0;0;0;0;0;1;0;0;2;0;
Hollis Thompson;;2:09;0;0;0;0;0;0;0;0;0;0;0;0;0;0;0;
