01-11;BKN-TOR;80-96;
18-24;24-23;22-21;16-28;
BKN
Joe Johnson;F;31:30;4;13;0;4;3;4;2;4;6;6;1;0;0;2;11;
Paul Pierce;F;31:09;5;9;2;5;3;5;1;3;4;2;2;1;1;1;15;
Mason Plumlee;C;28:20;3;5;0;0;0;1;0;5;5;0;2;4;0;6;6;
Alan Anderson;G;31:18;3;8;3;6;4;4;2;3;5;0;0;3;3;3;13;
Shaun Livingston;G;30:39;3;11;0;0;2;4;0;4;4;3;0;1;2;3;8;
Reggie Evans;;9:16;0;1;0;0;0;0;2;3;5;0;1;0;0;1;0;
Mirza Teletovic;;21:45;3;10;2;8;0;0;2;3;5;1;0;1;2;2;8;
Jason Terry;;15:50;2;4;1;2;0;0;0;0;0;1;0;0;1;1;5;
Andrei Kirilenko;;19:08;3;6;0;0;0;0;0;1;1;0;1;0;2;1;6;
Andray Blatche;;9:25;3;5;0;0;0;0;0;4;4;0;0;0;2;5;6;
Tyshawn Taylor;;7:58;0;2;0;0;0;0;0;0;0;1;0;0;1;0;0;
Tornike Shengelia;;3:42;1;1;0;0;0;0;0;0;0;0;0;0;0;1;2;
TOR
Terrence Ross;F;34:04;4;10;3;8;3;4;2;3;5;0;0;0;2;4;14;
Amir Johnson;F;31:52;1;6;0;1;1;2;2;2;4;2;0;2;2;2;3;
Jonas Valanciunas;C;21:34;2;9;0;0;4;6;3;6;9;0;0;1;0;1;8;
DeMar DeRozan;G;37:14;9;18;1;1;7;8;2;5;7;5;1;1;2;3;26;
Kyle Lowry;G;35:22;4;11;3;7;1;2;1;5;6;4;0;1;2;3;12;
John Salmons;;23:33;5;5;3;3;0;0;0;2;2;1;3;0;0;3;13;
Patrick Patterson;;27:40;5;12;1;2;3;4;5;7;12;1;3;1;2;2;14;
Charles Hayes;;13:45;1;3;0;0;2;2;1;1;2;0;0;0;1;1;4;
Greivis Vasquez;;12:38;1;5;0;3;0;0;0;1;1;3;1;0;1;2;2;
Julyan Stone;;1:09;0;0;0;0;0;0;0;0;0;0;0;0;0;0;0;
Steve Novak;;1:09;0;0;0;0;0;0;0;1;1;0;0;0;0;0;0;
