01-21;ORL-BKN;90-101;
21-27;21-19;14-27;34-28;
ORL
Arron Afflalo;F;30:55;4;9;1;2;2;4;0;2;2;0;1;0;3;2;11;
Tobias Harris;F;33:01;3;8;1;2;0;0;0;4;4;1;0;0;3;3;7;
Glen Davis;C;24:03;5;11;0;1;0;0;1;6;7;0;0;0;1;1;10;
Victor Oladipo;G;30:51;3;9;1;4;3;4;0;6;6;5;2;0;1;1;10;
Jameer Nelson;G;28:17;2;6;1;2;4;4;1;1;2;10;0;0;2;2;9;
E'Twaun Moore;;24:33;5;8;1;2;2;2;0;2;2;2;0;0;0;2;13;
Kyle O'Quinn;;23:57;6;10;0;1;3;6;4;4;8;1;0;2;1;1;15;
Andrew Nicholson;;14:59;1;6;0;2;0;0;0;2;2;1;0;0;1;0;2;
Maurice Harkless;;24:00;3;4;1;2;0;0;0;4;4;2;2;0;1;2;7;
Doron Lamb;;5:24;1;1;1;1;3;3;0;0;0;1;0;0;0;0;6;
BKN
Joe Johnson;F;29:51;6;11;1;5;0;0;1;4;5;3;0;0;0;2;13;
Paul Pierce;F;23:47;5;9;1;4;2;2;0;6;6;4;1;2;0;1;13;
Kevin Garnett;C;18:09;4;5;0;0;0;0;1;4;5;1;1;0;3;1;8;
Alan Anderson;G;22:07;3;6;1;4;0;0;0;1;1;1;1;0;1;2;7;
Shaun Livingston;G;24:14;3;9;0;0;2;2;1;3;4;6;1;0;0;2;8;
Andray Blatche;;24:27;6;11;1;2;5;7;0;5;5;3;0;1;0;2;18;
Deron Williams;;28:08;4;10;1;4;0;0;0;1;1;9;2;0;1;2;9;
Andrei Kirilenko;;21:31;2;6;0;0;0;0;0;3;3;0;0;2;2;1;4;
Jason Terry;;21:43;1;2;1;1;2;2;1;1;2;0;1;0;0;1;5;
Mirza Teletovic;;20:39;5;10;4;8;0;0;2;1;3;2;2;0;1;1;14;
Mason Plumlee;;5:24;1;2;0;0;0;0;0;1;1;0;0;0;0;1;2;
