12-30;CHI-MEM;95-91;
17-22;29-22;25-20;24-27;
CHI
Mike Dunleavy;F;26:22;2;5;0;2;3;3;1;3;4;1;2;0;1;0;7;
Carlos Boozer;F;31:03;9;16;0;0;3;4;3;7;10;0;1;0;4;2;21;
Joakim Noah;C;32:01;2;9;0;0;4;5;3;7;10;0;3;3;4;4;8;
Jimmy Butler;G;40:47;6;10;2;3;12;14;0;4;4;2;0;0;2;3;26;
Kirk Hinrich;G;30:48;1;3;1;1;3;6;1;1;2;4;1;1;1;4;6;
Taj Gibson;;28:43;3;7;0;0;3;4;0;3;3;0;1;5;4;4;9;
Tony Snell;;17:27;3;5;1;2;1;2;0;1;1;0;0;0;0;0;8;
D.J. Augustin;;28:37;2;8;2;7;4;4;0;1;1;9;4;0;4;3;10;
Nazr Mohammed;;4:13;0;2;0;0;0;0;1;1;2;0;1;1;0;1;0;
MEM
Tayshaun Prince;F;19:32;1;2;0;0;1;2;0;2;2;0;0;0;2;1;3;
Zach Randolph;F;32:37;4;15;0;0;2;2;5;5;10;3;0;0;5;3;10;
Kosta Koufos;C;30:05;6;8;0;0;0;0;1;2;3;0;1;1;1;5;12;
Tony Allen;G;34:15;5;7;0;0;3;4;0;0;0;0;2;1;4;3;13;
Mike Conley;G;36:33;9;19;0;2;8;10;3;3;6;9;6;0;1;2;26;
Ed Davis;;23:28;3;4;0;0;2;4;0;4;4;0;2;1;1;4;8;
James Johnson;;24:11;4;13;0;2;5;6;3;7;10;3;2;3;1;6;13;
Jerryd Bayless;;19:57;2;5;0;0;0;0;0;1;1;1;0;0;3;2;4;
Mike Miller;;16:02;1;2;0;1;0;0;0;0;0;2;0;0;0;1;2;
Jon Leuer;;3:19;0;3;0;0;0;0;0;1;1;1;0;0;2;0;0;
