03-19;DET-DEN;109-118;
28-27;33-27;23-31;25-33;
DET
Kyle Singler;F;26:02;5;8;3;3;0;0;3;6;9;0;0;1;1;3;13;
Josh Smith;F;23:00;4;11;0;1;0;0;1;6;7;1;0;2;0;2;8;
Greg Monroe;C;40:38;9;12;0;0;4;9;1;4;5;3;4;1;2;4;22;
Rodney Stuckey;G;37:27;8;17;0;1;2;2;0;1;1;1;2;0;2;1;18;
Brandon Jennings;G;30:21;3;8;1;5;0;0;1;1;2;5;0;0;4;1;7;
Kentavious Caldwell-Pope;;27:41;2;11;1;4;4;4;3;7;10;1;2;0;2;0;9;
Jonas Jerebko;;15:40;3;7;1;2;0;0;1;2;3;0;0;0;0;4;7;
Will Bynum;;22:29;4;8;1;1;3;4;1;1;2;10;0;0;1;0;12;
Charlie Villanueva;;16:42;5;13;3;9;0;0;1;3;4;1;0;0;0;5;13;
DEN
Evan Fournier;F;24:23;5;9;1;3;0;0;0;1;1;0;1;0;2;3;11;
Kenneth Faried;F;32:27;4;8;0;0;7;10;2;6;8;2;1;1;2;2;15;
Timofey Mozgov;C;17:48;4;5;0;0;3;4;1;8;9;1;0;0;1;4;11;
Randy Foye;G;44:21;8;18;5;12;1;1;0;5;5;5;3;0;3;0;22;
Aaron Brooks;G;46:36;10;19;1;5;6;7;3;3;6;17;0;0;3;4;27;
JJ Hickson;;25:36;5;8;0;0;1;4;2;9;11;2;0;1;1;5;11;
Quincy Miller;;7:03;2;4;1;1;0;0;2;0;2;0;0;0;0;2;5;
Darrell Arthur;;20:02;5;11;3;5;0;0;0;2;2;0;0;2;0;1;13;
Jan Vesely;;3:20;0;1;0;0;0;0;0;1;1;0;0;0;0;2;0;
Anthony Randolph;;18:24;1;3;0;1;1;1;0;1;1;0;2;1;0;1;3;
