11-15;DAL-MIA;104-110;
32-31;19-29;27-26;26-24;
DAL
Shawn Marion;F;30:32;4;6;0;1;0;0;1;3;4;2;1;0;2;3;8;
Dirk Nowitzki;F;35:39;8;12;3;5;9;10;0;6;6;3;2;1;5;3;28;
Samuel Dalembert;C;20:18;2;5;0;0;0;0;2;7;9;0;3;1;1;1;4;
Monta Ellis;G;41:44;7;16;2;6;4;6;0;3;3;4;1;0;5;4;20;
Jose Calderon;G;35:29;4;10;4;9;0;0;0;1;1;5;0;0;3;1;12;
DeJuan Blair;;26:55;4;10;0;0;1;1;2;5;7;5;3;2;1;3;9;
Vince Carter;;27:12;7;12;3;6;4;4;1;2;3;1;1;1;3;3;21;
Jae Crowder;;15:57;0;1;0;1;0;0;0;1;1;1;0;1;1;2;0;
Gal Mekel;;6:02;0;1;0;0;0;0;0;0;0;1;0;0;3;0;0;
Ricky Ledo;;0:12;1;1;0;0;0;0;0;0;0;0;0;0;0;0;2;
MIA
LeBron James;F;36:58;14;18;1;1;10;11;0;6;6;4;1;0;6;0;39;
Shane Battier;F;23:46;1;4;0;1;2;2;1;4;5;0;2;1;0;2;4;
Chris Bosh;C;29:47;4;11;0;1;6;6;1;3;4;0;1;2;0;4;14;
Dwyane Wade;G;36:09;7;14;0;0;3;7;1;4;5;8;8;0;0;2;17;
Mario Chalmers;G;24:16;2;8;0;3;0;0;0;2;2;3;1;1;4;3;4;
Rashard Lewis;;28:36;4;6;3;5;0;0;0;3;3;2;1;0;1;1;11;
Chris Andersen;;18:13;2;4;0;0;0;0;1;6;7;0;0;0;0;2;4;
Norris Cole;;26:25;3;4;1;2;4;4;0;1;1;0;3;0;3;0;11;
Michael Beasley;;15:50;3;5;0;0;0;0;0;1;1;0;2;1;2;1;6;
