12-11;PHI-MIN;99-106;
39-20;22-28;20-30;18-28;
PHI
Evan Turner;F;38:23;6;16;1;4;0;0;0;8;8;4;0;0;9;2;13;
Thaddeus Young;F;34:05;7;13;0;2;2;2;0;4;4;1;2;1;2;4;16;
Spencer Hawes;C;34:10;7;12;4;5;2;3;0;6;6;3;0;3;2;3;20;
Hollis Thompson;G;19:04;2;2;0;0;1;1;0;2;2;0;1;0;2;4;5;
Tony Wroten;G;28:07;8;13;1;3;3;4;2;1;3;4;1;1;3;6;20;
James Anderson;;31:16;5;8;2;3;4;4;1;7;8;2;0;0;1;1;16;
Lavoy Allen;;16:27;1;3;0;0;0;0;1;3;4;1;0;0;1;0;2;
Lorenzo Brown;;19:17;2;3;0;1;0;0;1;0;1;6;1;2;5;5;4;
Brandon Davies;;11:18;0;1;0;0;0;0;0;1;1;0;1;0;0;0;0;
Elliot Williams;;7:53;1;3;1;2;0;0;0;0;0;1;1;0;1;0;3;
MIN
Corey Brewer;F;34:21;4;13;2;3;0;0;0;3;3;0;0;0;0;3;10;
Kevin Love;F;37:17;9;21;1;6;7;8;4;11;15;5;2;0;3;0;26;
Nikola Pekovic;C;38:19;9;15;0;0;2;2;7;3;10;3;0;1;3;2;20;
Kevin Martin;G;27:37;1;9;0;3;3;4;0;0;0;2;1;0;0;2;5;
Ricky Rubio;G;35:38;5;12;2;3;9;10;1;4;5;7;4;0;3;4;21;
Dante Cunningham;;20:24;3;7;0;0;2;2;2;0;2;2;1;0;0;1;8;
Jose Juan Barea;;13:40;0;5;0;2;2;3;0;2;2;3;0;0;1;2;2;
Alexey Shved;;8:34;0;2;0;0;0;0;0;1;1;1;1;1;1;1;0;
Luc Mbah a Moute;;12:34;2;6;0;0;0;0;3;1;4;0;0;0;2;0;4;
Robbie Hummel;;11:39;4;6;2;3;0;0;0;3;3;0;0;0;0;0;10;
