12-20;MIN-LAL;91-104;
26-35;27-16;23-30;15-23;
MIN
Corey Brewer;F;27:33;0;7;0;3;5;6;1;2;3;3;1;0;3;2;5;
Kevin Love;F;41:59;9;18;2;7;5;5;4;9;13;3;0;1;0;2;25;
Nikola Pekovic;C;35:24;7;18;0;0;8;12;10;3;13;1;2;0;3;3;22;
Kevin Martin;G;29:35;6;17;0;2;2;2;1;1;2;2;1;0;1;2;14;
Ricky Rubio;G;31:03;3;8;0;1;0;0;1;5;6;7;1;0;3;3;6;
Alexey Shved;;15:00;1;7;1;4;0;0;1;0;1;2;1;1;1;1;3;
Luc Mbah a Moute;;20:27;2;3;0;0;0;0;0;2;2;1;3;0;1;2;4;
Dante Cunningham;;18:15;2;7;0;0;0;0;4;2;6;0;0;0;0;0;4;
Jose Juan Barea;;20:22;3;9;2;5;0;0;0;3;3;2;1;0;4;1;8;
A.J. Price;;0:11;0;0;0;0;0;0;0;0;0;0;0;0;0;0;0;
Gorgui Dieng;;0:11;0;1;0;0;0;0;0;0;0;0;0;0;0;0;0;
LAL
Wesley Johnson;F;30:22;3;8;0;3;0;0;0;4;4;5;2;1;2;3;6;
Jordan Hill;F;13:42;2;2;0;0;0;0;0;1;1;0;0;1;0;3;4;
Pau Gasol;C;32:57;10;15;1;1;0;0;6;7;13;8;1;2;7;3;21;
Jodie Meeks;G;42:20;6;10;1;5;4;4;0;3;3;4;1;0;2;2;17;
Xavier Henry;G;41:54;8;19;1;3;4;6;0;4;4;4;3;0;3;1;21;
Chris Kaman;;16:24;3;6;0;0;0;0;0;3;3;0;0;2;0;1;6;
Nick Young;;31:14;9;14;4;6;3;3;0;3;3;4;0;0;5;2;25;
Robert Sacre;;11:10;1;3;0;0;0;0;0;3;3;1;0;2;0;2;2;
Shawne Williams;;19:57;0;1;0;1;2;2;1;8;9;1;0;1;0;2;2;
