12-08;BOS-NYK;114-73;
34-11;24-20;34-25;22-17;
BOS
Brandon Bass;F;32:22;4;8;0;0;8;9;3;5;8;1;3;1;1;3;16;
Jeff Green;F;25:06;6;9;1;2;3;3;0;6;6;3;0;0;2;2;16;
Jared Sullinger;C;26:59;9;13;2;3;1;1;1;2;3;2;1;0;2;3;21;
Avery Bradley;G;28:24;4;11;2;2;3;3;1;9;10;2;1;0;0;2;13;
Jordan Crawford;G;30:45;8;14;6;12;1;1;0;3;3;7;0;0;0;0;23;
Kris Humphries;;24:54;2;5;0;0;2;2;1;6;7;2;0;1;2;2;6;
Courtney Lee;;19:36;4;7;2;4;0;0;0;1;1;0;1;0;0;1;10;
Gerald Wallace;;21:22;0;0;0;0;0;2;0;3;3;2;2;1;3;3;0;
Phil Pressey;;17:16;0;3;0;1;1;2;0;2;2;3;0;0;2;1;1;
Vitor Faverani;;7:19;0;0;0;0;0;0;1;1;2;0;0;0;2;2;0;
MarShon Brooks;;5:58;2;2;1;1;3;4;0;1;1;0;1;0;2;0;8;
NYK
Carmelo Anthony;F;31:54;5;15;1;2;8;10;1;4;5;1;0;0;2;1;19;
Tim Hardaway Jr.;F;24:39;3;7;1;2;1;1;0;2;2;1;3;1;2;1;8;
Andrea Bargnani;C;22:33;1;7;0;0;0;0;0;3;3;0;0;1;1;2;2;
Raymond Felton;G;20:21;0;6;0;1;0;0;0;0;0;2;0;0;0;1;0;
Iman Shumpert;G;31:28;0;6;0;4;0;0;1;1;2;0;1;0;1;2;0;
J.R. Smith;;26:32;1;5;0;0;1;2;0;3;3;3;1;0;2;3;3;
Pablo Prigioni;;16:49;1;1;1;1;0;0;1;1;2;4;1;0;1;2;3;
Amar'e Stoudemire;;20:58;5;7;0;0;7;10;0;2;2;0;0;1;1;2;17;
Metta World Peace;;20:16;5;10;2;4;0;0;1;2;3;2;3;0;2;3;12;
Beno Udrih;;12:34;2;5;1;2;0;0;0;1;1;0;1;0;0;0;5;
Cole Aldrich;;5:58;0;0;0;0;0;0;0;3;3;0;0;0;2;1;0;
Toure Murry;;5:58;2;4;0;0;0;0;0;0;0;0;0;0;0;0;4;
