03-02;GSW-TOR;98-104;
28-25;22-30;28-20;20-29;
GSW
Andre Iguodala;F;30:29;2;4;0;2;4;4;2;4;6;5;0;0;3;3;8;
David Lee;F;43:12;8;18;0;0;4;4;7;4;11;3;0;0;1;5;20;
Andrew Bogut;C;30:34;2;4;0;0;0;2;4;6;10;1;2;3;1;0;4;
Klay Thompson;G;26:31;4;15;2;7;2;2;1;2;3;0;1;0;1;5;12;
Stephen Curry;G;43:12;13;27;4;11;4;6;1;3;4;7;1;0;6;3;34;
Harrison Barnes;;22:21;4;8;1;2;2;2;0;2;2;1;0;1;1;1;11;
Draymond Green;;17:01;1;4;0;0;0;0;0;2;2;5;1;0;0;1;2;
Steve Blake;;16:22;1;3;1;1;0;0;1;0;1;3;0;1;0;4;3;
Marreese Speights;;4:48;1;2;0;0;0;0;0;1;1;0;0;0;0;0;2;
Jordan Crawford;;5:30;1;3;0;0;0;0;0;1;1;0;0;0;0;0;2;
TOR
Landry Fields;F;24:48;4;5;0;0;0;0;1;5;6;0;1;0;0;0;8;
Amir Johnson;F;30:12;4;9;0;0;1;2;1;8;9;5;0;0;1;3;9;
Jonas Valanciunas;C;23:07;5;6;0;0;0;0;1;4;5;1;1;1;3;3;10;
DeMar DeRozan;G;42:12;10;16;1;2;11;12;0;4;4;6;1;0;0;2;32;
Kyle Lowry;G;31:27;3;13;3;6;4;4;2;1;3;8;2;0;2;4;13;
Greivis Vasquez;;22:52;5;13;2;7;0;0;0;0;0;4;0;0;1;0;12;
John Salmons;;20:23;1;5;0;2;0;0;0;1;1;3;0;0;0;2;2;
Patrick Patterson;;28:43;4;10;2;5;2;2;1;4;5;1;1;1;2;3;12;
Tyler Hansbrough;;13:41;2;2;0;0;2;3;3;2;5;0;0;1;0;1;6;
Nando De Colo;;2:34;0;0;0;0;0;0;0;1;1;0;0;0;0;0;0;
