01-31;OKC-BKN;120-95;
30-16;33-19;26-24;31-36;
OKC
Kevin Durant;F;30:22;10;12;3;3;3;3;1;2;3;7;1;0;3;3;26;
Serge Ibaka;F;30:39;12;12;0;0;1;2;4;5;9;1;1;1;1;1;25;
Kendrick Perkins;C;23:16;4;9;0;0;0;0;1;7;8;1;0;1;2;2;8;
Thabo Sefolosha;G;38:20;5;9;1;4;3;4;0;3;3;4;3;0;1;3;14;
Reggie Jackson;G;35:08;6;15;0;5;2;3;1;2;3;7;1;1;2;3;14;
Perry Jones;;22:08;3;5;1;1;4;4;0;5;5;2;0;2;2;1;11;
Derek Fisher;;5:52;0;2;0;2;0;0;0;1;1;1;1;0;0;1;0;
Jeremy Lamb;;22:00;5;6;0;0;2;2;0;1;1;2;0;1;3;0;12;
Nick Collison;;15:56;1;3;0;0;2;2;3;3;6;2;1;0;0;2;4;
Steven Adams;;12:00;2;3;0;0;0;0;0;1;1;1;1;1;1;2;4;
Hasheem Thabeet;;4:19;1;1;0;0;0;0;0;1;1;0;0;0;1;1;2;
BKN
Joe Johnson;F;27:00;4;8;1;1;0;0;0;1;1;2;1;1;2;1;9;
Paul Pierce;F;30:39;2;5;0;2;6;7;0;5;5;2;2;0;2;1;10;
Kevin Garnett;C;12:14;0;4;0;0;0;0;0;1;1;0;0;1;1;4;0;
Alan Anderson;G;22:21;2;5;1;4;0;0;1;0;1;1;1;0;0;3;5;
Shaun Livingston;G;29:24;6;8;0;0;4;4;1;3;4;1;3;0;0;3;16;
Andray Blatche;;15:45;3;9;1;1;0;0;0;0;0;0;1;0;1;2;7;
Deron Williams;;31:00;5;8;3;4;1;2;0;0;0;1;2;0;4;1;14;
Jason Terry;;19:21;4;6;3;5;0;0;0;0;0;2;0;0;1;2;11;
Mirza Teletovic;;20:15;1;6;1;5;0;0;0;1;1;4;0;0;1;2;3;
Reggie Evans;;2:40;0;3;0;0;0;0;1;1;2;1;0;0;0;0;0;
Mason Plumlee;;17:21;5;6;0;0;3;4;0;0;0;1;2;1;1;1;13;
Marquis Teague;;12:00;3;6;1;2;0;0;0;2;2;3;1;0;0;1;7;
