03-13;LAL-OKC;102-131;
19-33;27-27;31-41;25-30;
LAL
Ryan Kelly;F;28:54;4;8;2;2;2;2;1;3;4;6;0;2;1;2;12;
Wesley Johnson;F;30:01;4;11;2;5;0;0;2;2;4;0;0;0;0;3;10;
Pau Gasol;C;26:20;5;12;0;0;4;6;3;3;6;2;0;2;2;1;14;
Jodie Meeks;G;31:02;6;15;3;4;4;4;2;1;3;2;1;0;2;2;19;
Kendall Marshall;G;22:05;3;5;1;2;1;4;0;2;2;6;1;0;2;1;8;
Jordan Farmar;;25:55;4;9;3;6;2;4;0;2;2;3;1;0;2;2;13;
Kent Bazemore;;27:17;7;17;2;5;0;1;0;7;7;1;1;0;2;4;16;
Xavier Henry;;21:53;3;14;0;2;1;2;2;3;5;3;3;0;1;1;7;
Robert Sacre;;21:40;1;2;0;0;1;2;2;2;4;0;0;1;1;3;3;
MarShon Brooks;;4:53;0;1;0;1;0;0;0;0;0;0;0;0;1;0;0;
OKC
Kevin Durant;F;30:24;8;17;2;5;11;11;0;4;4;3;1;3;3;4;29;
Serge Ibaka;F;28:55;6;9;1;1;2;2;5;8;13;0;2;7;1;2;15;
Steven Adams;C;11:38;2;3;0;0;0;0;1;2;3;1;0;0;1;3;4;
Andre Roberson;G;24:07;3;6;0;1;2;2;2;5;7;0;1;0;1;4;8;
Russell Westbrook;G;23:20;9;17;4;7;7;9;1;1;2;9;3;1;3;2;29;
Perry Jones;;23:20;2;5;1;2;2;2;2;3;5;0;0;0;2;1;7;
Caron Butler;;28:31;4;10;3;9;0;0;0;6;6;2;0;0;1;3;11;
Reggie Jackson;;21:56;3;8;0;0;2;2;0;8;8;6;0;0;0;1;8;
Nick Collison;;12:13;2;2;0;0;2;2;2;4;6;0;1;0;1;3;6;
Derek Fisher;;17:16;2;5;1;3;0;0;0;1;1;0;2;0;1;3;5;
Hasheem Thabeet;;6:52;1;1;0;0;0;0;0;3;3;0;0;0;1;1;2;
Jeremy Lamb;;6:52;1;2;0;1;0;0;0;2;2;3;0;0;1;0;2;
Reggie Williams;;4:36;2;4;1;1;0;0;0;0;0;0;0;0;1;0;5;
