01-04;ATL-CHI;84-91;
18-26;27-24;19-17;20-24;
ATL
DeMarre Carroll;F;38:45;4;8;1;2;1;2;3;4;7;4;3;1;2;2;10;
Paul Millsap;F;30:52;5;18;0;3;6;6;6;6;12;1;1;2;2;2;16;
Pero Antic;C;22:35;3;8;3;5;0;0;2;5;7;1;0;1;1;3;9;
Kyle Korver;G;36:06;3;9;2;7;0;0;1;4;5;3;1;0;1;3;8;
Jeff Teague;G;32:08;7;16;0;4;2;2;1;1;2;6;2;1;4;4;16;
Elton Brand;;19:27;2;4;0;0;0;0;0;2;2;0;1;3;0;3;4;
Lou Williams;;19:05;2;6;0;1;1;1;0;2;2;2;0;0;2;0;5;
Mike Scott;;25:10;4;10;2;4;2;3;4;1;5;2;1;0;1;3;12;
Shelvin Mack;;15:52;2;7;0;2;0;0;0;1;1;2;0;0;2;0;4;
CHI
Luol Deng;F;29:42;5;15;1;1;6;6;7;4;11;1;3;0;3;1;17;
Taj Gibson;F;39:13;4;12;0;0;2;2;3;9;12;2;1;3;2;4;10;
Joakim Noah;C;34:21;3;7;0;0;4;6;3;9;12;2;0;5;3;2;10;
Jimmy Butler;G;38:18;4;11;1;5;2;4;1;1;2;3;5;1;0;0;11;
Kirk Hinrich;G;19:30;2;3;1;2;0;0;0;2;2;2;1;0;0;4;5;
Mike Dunleavy;;28:00;9;14;2;3;0;0;1;2;3;0;1;1;1;0;20;
Nazr Mohammed;;13:39;2;6;0;0;3;4;3;3;6;1;0;1;2;0;7;
D.J. Augustin;;28:30;4;13;1;6;2;2;2;2;4;7;0;1;2;4;11;
Tony Snell;;8:47;0;0;0;0;0;0;0;0;0;1;1;0;0;0;0;
