04-09;MIA-MEM;102-107;
32-31;26-23;22-26;22-27;
MIA
LeBron James;F;41:22;14;23;3;5;6;7;1;5;6;5;2;0;5;1;37;
Shane Battier;F;23:39;3;6;3;5;0;0;1;2;3;1;2;0;0;2;9;
Chris Bosh;C;35:19;6;14;1;3;0;0;1;5;6;0;2;2;4;5;13;
Toney Douglas;G;16:58;0;2;0;0;0;0;1;0;1;5;1;0;1;0;0;
Mario Chalmers;G;35:50;5;10;0;0;2;2;2;2;4;3;1;0;1;4;12;
Rashard Lewis;;24:01;5;8;4;6;3;3;0;3;3;3;0;0;0;1;17;
Ray Allen;;25:28;2;4;2;4;0;0;0;0;0;2;2;0;1;1;6;
Norris Cole;;24:42;1;4;1;1;0;0;0;4;4;5;0;0;3;0;3;
Justin Hamilton;;12:41;2;2;1;1;0;0;0;0;0;0;1;0;0;3;5;
MEM
James Johnson;F;24:17;1;5;0;2;3;4;1;3;4;3;1;3;2;2;5;
Zach Randolph;F;42:04;12;15;1;2;0;1;3;8;11;2;1;1;3;2;25;
Marc Gasol;C;44:34;8;16;0;0;4;7;3;11;14;3;2;1;2;4;20;
Courtney Lee;G;36:50;7;11;3;5;1;1;0;1;1;3;0;1;4;2;18;
Mike Conley;G;41:21;10;18;3;7;3;4;1;2;3;6;2;0;3;2;26;
Tony Allen;;24:03;3;7;0;2;0;0;1;1;2;2;3;0;0;4;6;
Kosta Koufos;;3:26;0;1;0;0;2;2;0;0;0;0;0;0;0;0;2;
Nick Calathes;;8:28;1;1;0;0;0;0;1;0;1;2;1;0;0;2;2;
Mike Miller;;9:21;0;2;0;2;0;0;0;2;2;2;0;0;0;0;0;
Ed Davis;;5:36;1;2;0;0;1;2;2;1;3;0;0;0;0;1;3;
