01-19;BOS-ORL;91-93;
26-18;20-35;18-13;27-27;
BOS
Jeff Green;F;34:44;4;11;1;2;13;15;0;2;2;3;0;1;0;4;22;
Jared Sullinger;F;31:18;3;8;1;2;1;1;3;5;8;0;1;1;0;3;8;
Kris Humphries;C;28:35;8;15;0;0;2;2;5;7;12;0;0;2;1;3;18;
Avery Bradley;G;37:45;7;21;0;5;4;4;1;1;2;0;1;0;1;4;18;
Rajon Rondo;G;21:20;3;10;0;0;0;0;1;5;6;4;1;0;3;0;6;
Jerryd Bayless;;8:26;2;4;0;0;0;0;0;2;2;0;0;0;0;1;4;
Brandon Bass;;19:09;2;7;0;0;0;0;3;2;5;1;0;1;0;3;4;
Gerald Wallace;;19:10;0;1;0;1;0;0;0;3;3;1;0;0;1;0;0;
Phil Pressey;;22:37;1;7;0;2;0;0;0;1;1;5;3;0;3;2;2;
Kelly Olynyk;;16:56;3;6;1;1;2;2;2;3;5;2;1;0;1;5;9;
ORL
Arron Afflalo;F;43:30;7;16;2;3;4;5;2;11;13;6;0;0;3;2;20;
Tobias Harris;F;36:16;5;10;0;2;8;12;2;5;7;1;0;1;2;3;18;
Glen Davis;C;35:50;8;16;0;0;1;1;3;4;7;0;1;0;0;0;17;
Victor Oladipo;G;39:01;2;8;0;2;5;5;1;5;6;2;2;2;3;3;9;
Jameer Nelson;G;39:43;3;10;1;5;9;10;0;5;5;10;0;0;7;1;16;
Kyle O'Quinn;;23:54;4;6;0;0;2;3;3;6;9;1;1;1;2;5;10;
E'Twaun Moore;;21:46;1;5;1;3;0;0;0;2;2;0;2;1;0;4;3;
