02-25;LAL-IND;98-118;
23-30;31-27;16-34;28-27;
LAL
Kent Bazemore;F;38:32;8;19;1;5;6;8;0;4;4;3;3;0;3;5;23;
Wesley Johnson;F;25:04;6;10;2;3;1;2;1;4;5;0;1;1;0;5;15;
Pau Gasol;C;27:20;6;13;0;0;1;1;3;6;9;2;2;4;2;3;13;
Jodie Meeks;G;37:42;5;14;1;6;2;2;2;3;5;1;3;0;2;0;13;
Kendall Marshall;G;18:05;0;3;0;1;0;0;0;3;3;4;1;0;4;1;0;
Jordan Hill;;10:20;1;2;0;0;0;0;2;1;3;0;0;1;1;0;2;
MarShon Brooks;;26:30;4;10;2;3;1;5;0;2;2;4;0;1;2;1;11;
Jordan Farmar;;21:14;2;7;1;3;0;0;1;1;2;7;1;0;1;1;5;
Chris Kaman;;14:28;3;6;0;0;0;0;0;4;4;0;0;2;1;2;6;
Ryan Kelly;;14:33;3;4;1;2;0;0;0;2;2;1;0;2;0;4;7;
Robert Sacre;;6:12;1;2;0;0;1;2;1;2;3;0;0;1;0;1;3;
IND
Paul George;F;27:58;6;18;1;5;7;7;2;5;7;6;2;1;2;2;20;
David West;F;27:58;4;12;0;0;3;4;4;8;12;3;3;2;2;1;11;
Roy Hibbert;C;24:05;5;10;0;0;0;0;3;3;6;1;0;4;2;3;10;
Lance Stephenson;G;32:33;6;12;0;2;1;2;2;7;9;3;0;0;3;3;13;
George Hill;G;24:03;6;9;1;2;1;1;0;3;3;3;2;1;0;1;14;
Evan Turner;;26:11;6;12;0;1;1;2;0;6;6;2;1;0;2;3;13;
Ian Mahinmi;;19:21;4;7;0;0;1;1;4;0;4;2;1;2;0;3;9;
CJ Watson;;20:51;5;6;1;1;0;0;1;1;2;2;0;0;0;0;11;
Luis Scola;;13:50;3;8;0;0;3;4;3;6;9;2;2;0;2;2;9;
Rasual Butler;;6:12;2;3;2;3;0;0;0;0;0;0;0;0;0;2;6;
Chris Copeland;;6:12;0;2;0;2;1;2;0;1;1;0;0;0;2;0;1;
Donald Sloan;;6:12;0;1;0;0;1;2;0;0;0;0;0;0;1;0;1;
Lavoy Allen;;4:34;0;1;0;0;0;0;2;1;3;1;0;0;1;1;0;
