03-28;UTA-NOP;95-102;
22-20;16-23;28-29;29-30;
UTA
Richard Jefferson;F;41:25;3;8;1;5;2;3;0;6;6;4;1;0;0;3;9;
Derrick Favors;F;31:27;6;9;0;0;6;9;3;8;11;2;2;4;1;3;18;
Enes Kanter;C;26:28;4;7;0;0;0;0;1;2;3;3;0;0;6;3;8;
Gordon Hayward;G;36:20;6;13;1;2;8;8;0;1;1;7;1;1;3;4;21;
Trey Burke;G;38:30;3;8;1;4;5;5;0;2;2;6;3;0;2;5;12;
Marvin Williams;;28:50;5;12;1;6;1;2;1;3;4;1;0;0;0;6;12;
Diante Garrett;;19:10;3;6;2;3;0;0;1;0;1;1;0;0;4;1;8;
Jeremy Evans;;9:06;1;3;0;0;0;0;0;3;3;1;1;0;1;2;2;
Ian Clark;;8:44;2;2;1;1;0;0;0;0;0;1;0;0;1;1;5;
NOP
Al-Farouq Aminu;F;33:09;5;10;0;0;3;4;3;5;8;1;0;0;1;2;13;
Anthony Davis;F;3:43;0;1;0;0;0;0;0;0;0;0;0;0;0;0;0;
Greg Stiemsma;C;19:13;1;1;0;0;0;0;0;3;3;1;1;2;2;6;2;
Anthony Morrow;G;33:44;7;11;3;4;3;4;0;0;0;0;0;0;2;3;20;
Tyreke Evans;G;37:32;9;20;0;1;4;7;3;2;5;15;3;1;4;0;22;
Alexis Ajinca;;28:02;3;6;0;1;3;3;3;7;10;3;1;3;3;6;9;
Luke Babbitt;;24:39;3;6;1;3;2;2;1;2;3;2;2;1;0;3;9;
Austin Rivers;;22:07;5;9;1;2;1;2;0;3;3;2;1;0;1;1;12;
Darius Miller;;24:26;3;7;1;3;5;6;0;1;1;1;1;1;0;3;12;
Jeff Withey;;13:25;0;0;0;0;3;4;1;3;4;1;0;0;0;1;3;
