03-27;POR-ATL;100-85;
22-16;31-21;25-27;22-21;
POR
Nicolas Batum;F;36:56;5;10;2;6;0;0;2;5;7;3;1;2;1;1;12;
LaMarcus Aldridge;F;32:14;9;21;0;0;7;7;5;11;16;2;1;1;1;2;25;
Robin Lopez;C;34:42;4;7;0;0;3;3;3;4;7;0;0;2;0;1;11;
Wesley Matthews;G;31:45;4;10;3;6;0;0;1;2;3;2;1;0;4;2;11;
Damian Lillard;G;34:11;7;15;4;9;3;4;0;6;6;4;0;0;2;4;21;
Thomas Robinson;;18:47;4;4;0;0;2;4;0;2;2;1;1;0;1;4;10;
Mo Williams;;25:08;3;6;1;2;1;2;2;2;4;11;0;0;4;2;8;
Will Barton;;16:07;1;5;0;1;0;1;0;2;2;1;0;0;0;2;2;
Dorell Wright;;10:10;0;2;0;2;0;0;0;0;0;0;0;0;0;2;0;
ATL
DeMarre Carroll;F;31:54;5;6;1;2;0;1;0;4;4;1;0;0;1;1;11;
Paul Millsap;F;34:58;3;15;0;4;4;5;2;4;6;3;2;0;1;3;10;
Elton Brand;C;29:48;5;10;0;0;1;1;4;8;12;2;1;1;2;5;11;
Shelvin Mack;G;34:32;3;9;1;4;2;2;0;3;3;4;1;0;1;2;9;
Jeff Teague;G;37:08;10;18;1;4;1;1;0;3;3;2;1;0;2;2;22;
Mike Muscala;;18:12;3;9;0;0;0;0;3;1;4;0;0;0;0;2;6;
Lou Williams;;29:41;5;12;1;5;5;7;0;4;4;4;1;0;0;0;16;
Mike Scott;;12:55;0;3;0;2;0;0;1;2;3;1;0;0;2;2;0;
Dennis Schroder;;10:52;0;2;0;1;0;0;0;0;0;0;0;0;1;2;0;
