04-11;GSW-LAL;112-95;
26-26;32-17;25-26;29-26;
GSW
Harrison Barnes;F;21:39;4;9;0;1;0;0;2;2;4;0;1;1;3;2;8;
Draymond Green;F;31:36;3;6;2;2;1;2;1;6;7;2;4;1;1;3;9;
Andrew Bogut;C;23:20;2;2;0;0;0;0;2;7;9;1;0;2;0;2;4;
Klay Thompson;G;36:35;6;15;2;6;2;5;1;2;3;4;0;1;2;2;16;
Stephen Curry;G;34:43;12;20;4;5;2;2;0;10;10;12;2;0;6;3;30;
David Lee;;25:22;4;12;0;0;2;2;4;6;10;2;2;0;0;1;10;
Steve Blake;;30:02;5;9;3;7;0;0;1;4;5;5;2;0;1;0;13;
Marreese Speights;;22:12;7;11;0;0;2;2;1;7;8;0;1;0;2;4;16;
Jordan Crawford;;14:07;2;8;2;4;0;0;0;1;1;1;0;0;2;0;6;
Hilton Armstrong;;0:24;0;0;0;0;0;0;0;0;0;0;0;0;0;0;0;
LAL
Wesley Johnson;F;30:06;4;8;0;3;0;0;0;6;6;1;1;0;0;3;8;
Ryan Kelly;F;37:26;5;11;2;4;2;2;2;9;11;3;1;1;4;1;14;
Jordan Hill;C;41:35;7;18;0;0;4;4;4;8;12;4;2;0;2;4;18;
Jodie Meeks;G;33:54;2;12;1;2;5;8;0;1;1;2;2;0;2;2;10;
Kendall Marshall;G;19:07;3;7;1;4;0;0;1;1;2;3;1;0;1;0;7;
Robert Sacre;;18:55;1;2;0;0;2;2;1;6;7;3;0;1;2;1;4;
Nick Young;;30:04;10;20;3;8;2;2;0;0;0;4;0;0;0;1;25;
Jordan Farmar;;28:53;3;11;2;7;1;2;0;3;3;3;3;0;4;0;9;
