04-12;SAC-LAC;101-117;
26-27;21-29;32-29;22-32;
SAC
Rudy Gay;F;34:26;6;18;1;2;3;4;3;3;6;2;2;0;2;3;16;
Reggie Evans;F;34:22;4;6;0;0;6;8;6;8;14;0;1;0;0;3;14;
DeMarcus Cousins;C;42:59;12;27;0;0;8;9;3;9;12;5;2;2;6;6;32;
Ben McLemore;G;32:21;3;7;2;4;6;6;0;1;1;0;0;0;0;3;14;
Ray McCallum;G;40:22;4;13;0;1;0;0;0;0;0;8;0;2;2;4;8;
Travis Outlaw;;23:04;3;7;0;1;0;0;0;1;1;3;0;0;0;1;6;
Derrick Williams;;4:42;1;1;0;0;0;0;0;1;1;0;0;0;0;1;2;
Jason Thompson;;13:17;1;1;0;0;1;2;0;3;3;1;0;0;0;2;3;
Jared Cunningham;;14:11;1;2;1;1;3;4;0;0;0;2;0;0;0;3;6;
Quincy Acy;;0:16;0;0;0;0;0;0;0;0;0;0;0;0;0;0;0;
LAC
Matt Barnes;F;29:43;4;6;2;3;2;2;0;5;5;3;1;0;1;1;12;
Blake Griffin;F;36:29;9;15;1;2;8;9;0;4;4;9;2;1;2;4;27;
DeAndre Jordan;C;34:09;9;13;0;0;3;11;3;6;9;1;1;7;2;5;21;
JJ Redick;G;32:02;4;9;2;4;3;4;0;2;2;1;0;0;0;2;13;
Chris Paul;G;35:50;6;14;1;4;4;4;2;5;7;10;0;0;2;3;17;
Darren Collison;;22:30;1;5;0;0;0;0;5;3;8;5;0;0;2;2;2;
Jamal Crawford;;19:13;3;8;2;4;2;2;0;2;2;2;0;0;0;1;10;
Glen Davis;;17:21;3;7;0;0;2;2;0;2;2;0;1;0;1;6;8;
Hedo Turkoglu;;5:46;1;2;0;0;0;0;0;1;1;0;1;0;0;1;2;
Jared Dudley;;5:22;1;2;1;2;0;0;0;2;2;0;0;0;0;1;3;
Ryan Hollins;;1:04;0;0;0;0;2;2;0;1;1;0;0;0;1;0;2;
Reggie Bullock;;0:32;0;0;0;0;0;0;0;0;0;0;0;0;0;0;0;
