03-15;DEN-ATL;92-97;
15-28;22-25;34-24;21-20;
DEN
Wilson Chandler;F;28:07;5;10;2;5;0;0;0;1;1;1;0;0;4;6;12;
Kenneth Faried;F;27:05;9;13;0;0;7;13;1;6;7;1;0;1;1;4;25;
Timofey Mozgov;C;14:41;3;5;0;0;0;0;3;4;7;1;0;2;4;2;6;
Randy Foye;G;23:26;2;6;2;3;2;2;0;3;3;2;0;1;3;2;8;
Ty Lawson;G;37:48;0;12;0;3;2;4;2;7;9;11;2;0;2;2;2;
JJ Hickson;;26:18;4;8;0;0;3;4;2;8;10;1;1;0;1;1;11;
Darrell Arthur;;11:32;3;7;1;2;2;2;2;2;4;1;0;0;0;3;9;
Evan Fournier;;23:48;4;10;2;7;0;0;1;4;5;0;1;0;2;3;10;
Quincy Miller;;9:12;1;3;0;1;0;0;1;0;1;2;0;1;2;0;2;
Aaron Brooks;;25:34;3;9;1;4;0;0;0;3;3;7;2;2;1;1;7;
Jan Vesely;;12:29;0;0;0;0;0;0;0;4;4;0;1;0;0;0;0;
ATL
DeMarre Carroll;F;42:08;4;13;3;8;0;0;1;9;10;3;4;0;3;1;11;
Paul Millsap;F;37:14;6;17;1;4;11;16;2;9;11;5;3;2;0;3;24;
Pero Antic;C;24:09;6;12;3;8;1;2;1;0;1;2;1;0;0;5;16;
Kyle Korver;G;36:56;6;8;4;4;2;2;0;4;4;1;1;0;1;2;18;
Jeff Teague;G;36:28;6;13;1;3;2;3;1;5;6;10;1;1;5;2;15;
Elton Brand;;23:28;1;3;0;0;1;2;1;3;4;1;0;2;1;3;3;
Shelvin Mack;;12:37;1;2;1;1;0;0;0;0;0;1;0;0;0;1;3;
Dennis Schroder;;11:32;2;7;1;1;0;2;0;0;0;1;1;0;3;0;5;
Mike Scott;;11:02;1;3;0;0;0;2;0;2;2;1;1;0;0;0;2;
Cartier Martin;;4:26;0;3;0;3;0;0;0;0;0;0;0;0;0;0;0;
