01-29;HOU-DAL;117-115;
32-30;31-27;28-28;26-30;
HOU
Chandler Parsons;F;38:39;9;17;2;6;6;9;1;3;4;5;1;0;2;5;26;
Terrence Jones;F;31:33;7;10;0;0;2;4;2;3;5;1;2;0;2;5;16;
Dwight Howard;C;35:47;6;10;0;0;9;11;0;5;5;1;1;1;4;4;21;
Jeremy Lin;G;37:13;8;14;2;3;0;0;1;6;7;7;1;0;2;3;18;
Patrick Beverley;G;36:18;3;8;3;6;2;2;0;4;4;4;1;0;5;5;11;
Donatas Motiejunas;;25:46;4;5;0;0;4;6;4;9;13;0;0;0;1;4;12;
Omri Casspi;;12:13;1;3;0;1;0;0;2;0;2;2;0;0;0;1;2;
Aaron Brooks;;22:28;3;7;2;5;3;4;0;2;2;4;2;0;1;2;11;
Ronnie Brewer;;0:03;0;0;0;0;0;0;0;0;0;0;0;0;0;0;0;
DAL
Shawn Marion;F;28:58;3;10;0;1;0;0;5;2;7;1;1;0;2;3;6;
Dirk Nowitzki;F;35:04;13;21;1;3;11;11;4;13;17;3;0;0;2;1;38;
Samuel Dalembert;C;11:54;1;2;0;0;0;0;1;2;3;0;0;1;0;3;2;
Monta Ellis;G;31:02;3;10;0;1;0;0;1;0;1;5;2;0;4;5;6;
Jose Calderon;G;36:54;2;12;2;7;2;3;1;2;3;5;1;1;0;3;8;
DeJuan Blair;;23:45;5;9;0;0;3;3;0;5;5;0;1;1;1;3;13;
Vince Carter;;25:41;5;9;2;4;10;11;0;3;3;3;0;1;3;3;22;
Jae Crowder;;10:11;0;1;0;1;0;2;0;0;0;0;0;0;0;2;0;
Devin Harris;;24:32;5;8;0;2;4;6;0;1;1;3;0;0;1;5;14;
Brandan Wright;;11:59;3;4;0;0;0;0;1;0;1;0;0;0;1;1;6;
