12-11;CHI-NYK;78-83;
17-15;15-31;22-22;24-15;
CHI
Carlos Boozer;F;31:49;6;10;0;0;0;0;3;9;12;0;2;0;4;2;12;
Mike Dunleavy;F;45:14;7;24;3;11;3;3;2;6;8;3;3;1;3;5;20;
Joakim Noah;C;36:54;3;5;0;0;6;8;5;6;11;4;0;3;5;3;12;
Kirk Hinrich;G;39:46;3;11;2;5;3;4;1;3;4;3;4;0;3;3;11;
Tony Snell;G;34:03;1;7;1;4;1;2;1;1;2;1;0;1;2;1;4;
Marquis Teague;;20:21;2;7;0;1;3;4;0;2;2;1;0;0;2;2;7;
Taj Gibson;;24:38;2;6;0;0;8;8;2;5;7;0;0;2;3;2;12;
Erik Murphy;;4:36;0;0;0;0;0;0;0;0;0;0;0;0;0;0;0;
Nazr Mohammed;;2:39;0;2;0;0;0;0;2;0;2;0;0;0;0;1;0;
NYK
Carmelo Anthony;F;40:45;9;21;1;3;11;12;3;7;10;4;3;1;2;4;30;
Kenyon Martin;F;34:52;0;3;0;0;3;4;2;5;7;2;2;4;2;5;3;
Andrea Bargnani;C;26:38;4;10;0;1;0;1;0;3;3;1;1;1;1;1;8;
Pablo Prigioni;G;30:32;2;9;2;7;0;0;1;1;2;2;4;0;0;1;6;
Iman Shumpert;G;13:00;0;2;0;0;0;0;1;2;3;2;2;0;1;0;0;
J.R. Smith;;28:42;2;8;1;5;2;2;0;2;2;2;1;0;2;4;7;
Amar'e Stoudemire;;29:40;7;11;0;0;0;0;3;6;9;1;2;1;1;4;14;
Beno Udrih;;17:28;4;5;0;0;0;0;0;2;2;2;1;0;4;1;8;
Tim Hardaway Jr.;;18:23;3;7;1;3;0;0;0;1;1;1;0;0;0;1;7;
