04-04;NOP-UTA;96-100;
23-25;22-18;20-30;31-27;
NOP
Darius Miller;F;20:01;2;8;2;7;0;0;0;1;1;1;1;0;1;4;6;
Anthony Davis;F;23:29;3;6;0;0;2;4;0;6;6;1;0;2;0;1;8;
Greg Stiemsma;C;25:09;4;7;0;0;2;2;2;4;6;0;3;2;2;5;10;
Tyreke Evans;G;29:44;3;11;0;1;2;3;1;2;3;5;1;0;7;4;8;
Brian Roberts;G;30:31;5;11;3;5;5;5;1;1;2;6;0;0;1;1;18;
Anthony Morrow;;30:17;9;11;3;3;5;6;1;3;4;0;1;0;0;3;26;
Al-Farouq Aminu;;25:39;3;6;0;0;0;0;1;4;5;0;0;1;0;1;6;
Alexis Ajinca;;10:48;2;2;0;0;2;2;2;0;2;0;0;0;0;4;6;
Luke Babbitt;;11:28;0;4;0;3;0;0;0;2;2;1;0;1;0;2;0;
Austin Rivers;;15:05;0;4;0;0;1;4;0;3;3;5;0;0;3;0;1;
Jeff Withey;;17:49;3;3;0;0;1;3;1;1;2;0;0;3;0;2;7;
UTA
Richard Jefferson;F;19:12;3;5;1;3;0;0;0;2;2;0;0;1;1;4;7;
Derrick Favors;F;31:16;8;12;0;0;4;4;2;7;9;1;0;4;5;3;20;
Enes Kanter;C;24:48;5;9;0;0;1;3;1;6;7;2;0;0;4;2;11;
Gordon Hayward;G;37:16;4;11;2;3;11;13;0;4;4;6;3;0;1;0;21;
Trey Burke;G;32:51;3;7;0;1;0;0;0;1;1;8;2;0;2;3;6;
Alec Burks;;27:23;4;9;0;1;13;13;1;2;3;1;1;0;1;3;21;
Marvin Williams;;23:12;4;5;1;1;0;0;1;4;5;1;2;0;0;1;9;
Diante Garrett;;14:06;0;0;0;0;0;0;0;0;0;0;0;1;1;3;0;
Jeremy Evans;;16:44;1;1;0;0;1;2;1;1;2;1;0;0;2;4;3;
Ian Clark;;13:12;1;5;0;2;0;0;0;1;1;2;0;0;0;1;2;
