11-08;TOR-IND;84-91;
32-22;14-22;13-28;25-19;
TOR
Rudy Gay;F;35:13;12;26;2;5;4;4;2;2;4;0;3;3;2;2;30;
Amir Johnson;F;34:06;5;8;0;2;2;2;5;5;10;1;0;0;3;3;12;
Jonas Valanciunas;C;34:19;2;6;0;0;0;0;3;2;5;0;2;2;2;5;4;
DeMar DeRozan;G;36:06;2;15;0;1;2;2;1;4;5;3;1;0;1;1;6;
Kyle Lowry;G;36:43;4;10;2;6;2;2;2;5;7;8;1;0;2;4;12;
Tyler Hansbrough;;19:26;1;4;0;0;2;2;1;4;5;1;0;0;1;2;4;
Landry Fields;;13:38;2;2;0;0;1;3;0;2;2;1;0;0;0;1;5;
D.J. Augustin;;5:46;0;2;0;1;0;0;0;0;0;0;0;0;0;1;0;
Aaron Gray;;6:16;0;1;0;0;0;0;1;1;2;2;0;0;3;3;0;
Terrence Ross;;11:04;2;4;1;1;0;0;0;1;1;0;0;1;0;0;5;
Julyan Stone;;3:37;1;1;1;1;0;0;0;0;0;0;0;0;1;0;3;
Dwight Buycks;;1:54;1;1;0;0;1;1;0;1;1;0;0;0;0;0;3;
Steve Novak;;1:54;0;1;0;1;0;0;0;0;0;0;0;0;0;0;0;
IND
Paul George;F;38:47;7;21;2;8;7;9;2;6;8;6;2;0;3;2;23;
David West;F;29:19;4;7;0;0;1;2;0;5;5;2;1;0;3;3;9;
Roy Hibbert;C;31:26;9;14;0;0;2;2;4;3;7;1;0;2;2;0;20;
Lance Stephenson;G;29:12;2;5;0;2;0;0;0;2;2;4;1;0;2;3;4;
George Hill;G;19:25;4;8;3;4;3;3;1;3;4;2;0;0;1;1;14;
Solomon Hill;;14:39;0;1;0;1;0;0;0;3;3;0;0;0;0;1;0;
CJ Watson;;28:35;3;8;0;3;0;0;0;0;0;2;1;0;1;2;6;
Luis Scola;;18:30;4;6;0;0;0;0;1;3;4;0;0;2;2;3;8;
Ian Mahinmi;;16:23;0;1;0;0;0;0;1;3;4;0;0;2;1;4;0;
Orlando Johnson;;13:34;3;7;1;3;0;0;0;1;1;3;0;0;0;0;7;
Rasual Butler;;0:11;0;0;0;0;0;0;0;0;0;0;0;0;0;0;0;
