01-28;IND-LAL;104-92;
22-19;27-30;30-20;25-23;
IND
Paul George;F;34:27;4;21;1;6;5;9;1;4;5;6;2;0;2;3;14;
David West;F;29:04;8;14;0;0;3;3;2;6;8;0;0;1;0;1;19;
Roy Hibbert;C;29:55;5;11;0;1;1;2;4;6;10;2;1;0;1;4;11;
Lance Stephenson;G;37:30;6;9;0;0;3;9;0;14;14;6;2;0;0;3;15;
George Hill;G;28:58;6;9;1;2;0;0;1;6;7;3;1;0;0;0;13;
Luis Scola;;18:56;4;11;0;0;0;0;2;4;6;2;0;0;0;2;8;
Danny Granger;;22:37;3;10;2;7;2;2;3;3;6;1;0;0;0;0;10;
CJ Watson;;19:02;4;8;1;4;0;0;0;1;1;2;1;0;1;0;9;
Ian Mahinmi;;18:05;2;5;0;0;1;2;4;2;6;1;0;1;0;3;5;
Orlando Johnson;;0:43;0;1;0;1;0;0;0;0;0;0;0;0;0;0;0;
Rasual Butler;;0:43;0;0;0;0;0;0;0;0;0;0;0;0;0;0;0;
LAL
Wesley Johnson;F;30:30;3;7;1;2;0;0;2;8;10;1;0;1;1;1;7;
Ryan Kelly;F;19:13;2;7;0;2;6;7;1;2;3;2;1;2;0;3;10;
Pau Gasol;C;35:48;10;19;0;0;1;1;2;11;13;2;0;0;2;2;21;
Jodie Meeks;G;32:40;7;16;2;8;5;5;0;2;2;1;2;0;2;1;21;
Kendall Marshall;G;39:19;5;11;1;3;0;1;0;2;2;13;0;0;1;1;11;
Nick Young;;24:01;5;16;1;7;1;2;0;1;1;1;0;0;0;2;12;
Manny Harris;;17:30;0;6;0;2;0;0;1;4;5;2;0;0;1;1;0;
Jordan Hill;;28:47;5;10;0;0;0;0;1;11;12;1;0;1;2;3;10;
Robert Sacre;;12:12;0;2;0;0;0;0;0;2;2;1;0;0;0;4;0;
