01-04;MIA-ORL;110-94;
30-24;18-22;33-24;29-24;
MIA
LeBron James;F;35:55;5;13;0;1;5;8;1;7;8;8;1;0;3;1;15;
Rashard Lewis;F;31:22;6;11;3;6;3;3;0;4;4;2;3;1;1;1;18;
Chris Bosh;C;31:08;9;9;0;0;2;3;0;6;6;0;1;1;0;1;20;
Dwyane Wade;G;35:58;8;15;0;0;4;5;1;5;6;4;1;0;2;2;20;
Mario Chalmers;G;28:48;4;6;1;3;0;0;0;0;0;6;2;0;2;2;9;
Ray Allen;;18:12;0;4;0;2;1;1;0;1;1;0;0;0;0;3;1;
Chris Andersen;;15:12;1;3;0;1;4;4;2;1;3;0;0;0;2;4;6;
Norris Cole;;22:11;3;5;2;3;0;0;0;6;6;1;0;0;4;2;8;
Michael Beasley;;18:18;4;7;0;0;5;7;3;2;5;2;1;0;1;0;13;
Joel Anthony;;1:40;0;1;0;0;0;0;0;0;0;0;0;0;0;0;0;
Roger Mason Jr.;;1:16;0;0;0;0;0;0;0;1;1;0;0;0;0;0;0;
ORL
Tobias Harris;F;39:51;7;16;1;5;2;2;3;7;10;1;0;1;1;3;17;
Andrew Nicholson;F;6:26;0;4;0;0;0;0;0;0;0;0;0;0;0;1;0;
Glen Davis;C;32:39;5;9;0;0;4;6;2;7;9;3;0;2;2;1;14;
Arron Afflalo;G;39:48;5;16;0;5;6;6;3;5;8;3;1;0;3;1;16;
Jameer Nelson;G;39:19;7;11;5;8;2;2;1;4;5;6;0;0;2;5;21;
Victor Oladipo;;34:41;5;13;2;6;4;4;2;4;6;3;1;0;4;2;16;
Jason Maxiell;;7:16;0;1;0;0;0;2;1;0;1;0;0;0;0;0;0;
E'Twaun Moore;;14:53;2;5;0;1;2;2;0;1;1;0;2;0;2;3;6;
Maurice Harkless;;14:00;2;4;0;1;0;0;0;1;1;0;2;0;1;3;4;
Ronnie Price;;3:02;0;1;0;0;0;0;0;0;0;0;0;0;0;1;0;
Kyle O'Quinn;;8:05;0;0;0;0;0;0;0;0;0;0;0;0;0;4;0;
