11-22;UTA-DAL;93-103;
18-31;16-27;30-22;29-23;
UTA
Richard Jefferson;F;28:21;3;8;1;4;0;0;0;3;3;3;0;0;2;0;7;
Derrick Favors;F;33:30;5;8;0;0;3;6;3;5;8;0;3;0;3;3;13;
Enes Kanter;C;20:45;1;6;0;0;0;0;1;4;5;1;0;0;2;3;2;
Gordon Hayward;G;34:35;5;12;1;3;2;2;1;0;1;5;3;2;5;4;13;
John Lucas III;G;12:22;1;3;0;1;0;0;0;0;0;2;0;0;0;1;2;
Marvin Williams;;31:44;7;13;3;6;2;3;1;4;5;3;2;1;0;4;19;
Trey Burke;;19:36;2;8;0;4;1;1;1;4;5;3;0;0;2;1;5;
Alec Burks;;27:05;5;10;1;1;0;0;0;1;1;2;1;1;2;4;11;
Jeremy Evans;;16:00;7;7;0;0;0;0;2;1;3;0;0;2;1;2;14;
Diante Garrett;;16:02;3;3;1;1;0;0;0;0;0;8;1;0;0;0;7;
DAL
Shawn Marion;F;32:19;4;7;1;3;1;2;0;3;3;4;2;1;0;0;10;
Dirk Nowitzki;F;31:40;5;14;1;2;7;7;1;6;7;1;1;0;1;1;18;
Samuel Dalembert;C;28:31;8;8;0;0;2;4;5;7;12;1;0;2;3;4;18;
Monta Ellis;G;38:21;8;19;1;2;9;10;1;2;3;6;1;0;3;2;26;
Jose Calderon;G;29:51;2;3;1;2;0;0;0;1;1;4;2;0;2;2;5;
Vince Carter;;21:56;3;9;2;5;0;1;1;3;4;0;0;1;2;3;8;
DeJuan Blair;;19:29;5;9;0;0;1;2;5;4;9;1;1;0;3;3;11;
Jae Crowder;;16:59;1;2;1;2;0;0;0;1;1;1;1;0;1;1;3;
Shane Larkin;;15:11;1;2;0;0;0;1;0;1;1;1;2;0;1;1;2;
Wayne Ellington;;5:43;1;2;0;1;0;0;0;0;0;0;0;0;0;0;2;
