02-03;SAS-NOP;102-95;
25-27;17-27;22-22;38-19;
SAS
Danny Green;F;29:52;1;7;1;5;4;4;1;6;7;2;1;1;0;1;7;
Tim Duncan;F;28:51;10;20;0;0;1;3;2;5;7;2;1;6;4;2;21;
Boris Diaw;C;31:45;2;8;1;2;0;0;1;1;2;2;2;0;1;3;5;
Cory Joseph;G;23:43;2;3;1;1;0;0;0;2;2;1;0;1;0;3;5;
Tony Parker;G;35:33;12;24;0;3;8;9;0;2;2;9;0;2;2;2;32;
Marco Belinelli;;19:51;4;7;0;2;5;5;0;3;3;0;0;0;0;0;13;
Tiago Splitter;;21:00;2;3;0;0;2;2;1;6;7;1;1;0;0;1;6;
Nando De Colo;;11:03;2;2;0;0;1;2;0;0;0;1;0;0;0;1;5;
Patty Mills;;20:30;2;6;1;4;0;0;0;3;3;2;1;0;0;2;5;
Matt Bonner;;13:57;1;1;1;1;0;0;0;0;0;0;3;2;0;1;3;
Shannon Brown;;3:55;0;0;0;0;0;0;0;1;1;0;0;0;0;0;0;
NOP
Al-Farouq Aminu;F;34:24;3;7;0;2;0;0;1;5;6;0;0;0;1;1;6;
Anthony Davis;F;43:51;6;21;0;0;5;8;1;15;16;1;0;4;5;3;17;
Alexis Ajinca;C;27:09;4;6;0;0;0;0;3;7;10;1;1;2;2;2;8;
Eric Gordon;G;32:26;6;13;3;5;4;4;0;3;3;4;1;1;2;2;19;
Brian Roberts;G;29:45;4;11;1;3;0;0;1;0;1;2;0;0;3;5;9;
Greg Stiemsma;;20:50;1;1;0;0;0;0;1;4;5;2;0;0;0;3;2;
Tyreke Evans;;5:13;2;3;0;1;0;0;0;1;1;0;0;0;0;1;4;
Austin Rivers;;20:20;3;8;0;1;4;4;0;1;1;5;0;0;1;2;10;
Anthony Morrow;;22:05;7;9;2;2;4;4;0;1;1;0;1;0;1;3;20;
Darius Miller;;3:57;0;0;0;0;0;0;0;0;0;1;0;0;0;2;0;
