01-07;PHI-CLE;93-111;
20-36;21-28;25-27;27-20;
PHI
Thaddeus Young;F;21:33;0;7;0;1;0;0;0;4;4;2;1;1;2;2;0;
Evan Turner;F;17:31;2;13;0;1;0;0;1;0;1;2;0;0;0;3;4;
Spencer Hawes;C;22:42;3;5;1;2;2;2;2;1;3;2;1;2;0;1;9;
Michael Carter-Williams;G;36:43;13;25;2;7;5;7;1;5;6;5;0;0;1;2;33;
Hollis Thompson;G;31:55;1;4;0;0;2;2;2;3;5;3;1;0;2;1;4;
James Anderson;;32:53;6;15;0;4;3;3;0;5;5;2;3;2;0;2;15;
Lavoy Allen;;18:11;1;2;0;0;0;0;1;2;3;2;0;1;0;2;2;
Brandon Davies;;23:53;3;4;0;0;5;7;1;3;4;1;2;0;1;3;11;
Elliot Williams;;23:19;4;8;1;3;3;4;0;4;4;1;0;0;2;2;12;
Lorenzo Brown;;11:20;1;3;0;1;1;2;0;3;3;1;1;0;2;0;3;
CLE
Earl Clark;F;10:47;1;6;0;2;0;0;0;3;3;0;0;1;0;0;2;
Tristan Thompson;F;29:07;5;11;0;0;2;4;5;5;10;1;1;0;3;0;12;
Anderson Varejao;C;26:22;8;10;0;0;2;5;3;11;14;2;0;1;1;2;18;
CJ Miles;G;31:24;11;18;10;14;2;3;2;3;5;2;2;0;0;3;34;
Kyrie Irving;G;30:01;6;9;2;4;2;2;0;1;1;8;0;3;1;3;16;
Dion Waiters;;27:38;5;14;1;4;1;3;0;4;4;8;2;0;2;2;12;
Tyler Zeller;;18:06;4;5;0;0;1;1;1;3;4;1;0;3;1;3;9;
Matthew Dellavedova;;30:46;1;5;0;3;0;0;0;3;3;6;0;0;3;4;2;
Anthony Bennett;;17:42;1;6;0;0;0;0;1;7;8;0;0;0;5;4;2;
Alonzo Gee;;2:49;0;0;0;0;0;0;0;1;1;0;0;0;0;1;0;
Sergey Karasev;;7:07;0;2;0;1;0;0;0;1;1;0;0;0;1;3;0;
Henry Sims;;4:43;1;2;0;0;0;0;2;2;4;1;0;1;0;1;2;
Carrick Felix;;3:28;1;1;0;0;0;0;0;0;0;0;0;0;1;1;2;
