02-19;CHI-TOR;94-92;
31-21;17-20;22-21;24-30;
CHI
Mike Dunleavy;F;37:56;1;6;0;2;0;0;1;10;11;3;1;1;4;3;2;
Carlos Boozer;F;28:35;7;13;0;0;6;7;2;6;8;1;0;1;1;2;20;
Joakim Noah;C;36:48;3;7;0;0;2;4;1;3;4;13;0;1;3;2;8;
Jimmy Butler;G;45:57;6;11;0;1;4;6;1;5;6;6;1;3;0;1;16;
Kirk Hinrich;G;27:39;8;11;3;3;0;0;1;1;2;0;1;1;3;2;19;
D.J. Augustin;;26:17;7;15;4;5;1;1;0;1;1;1;0;0;3;4;null;
Taj Gibson;;26:29;4;8;0;0;2;2;2;1;3;0;0;1;1;6;10;
Tony Snell;;6:13;0;1;0;1;0;0;0;1;1;1;0;0;1;2;0;
Nazr Mohammed;;4:06;0;0;0;0;0;0;0;2;2;0;1;0;0;2;0;
TOR
Terrence Ross;F;25:39;4;9;0;2;1;1;1;0;1;1;0;0;0;2;9;
Patrick Patterson;F;22:00;2;6;1;3;0;0;2;4;6;1;2;1;1;2;5;
Jonas Valanciunas;C;21:55;1;3;0;0;0;0;0;2;2;0;0;1;0;1;2;
DeMar DeRozan;G;42:22;11;25;0;4;10;11;1;4;5;1;0;0;2;3;32;
Kyle Lowry;G;34:27;4;13;1;4;7;7;1;4;5;7;1;0;2;6;16;
John Salmons;;24:16;2;6;0;1;0;0;0;2;2;2;1;0;0;0;4;
Amir Johnson;;26:37;4;6;0;0;1;3;1;2;3;4;2;1;2;4;9;
Tyler Hansbrough;;25:26;4;7;0;0;0;1;5;2;7;0;0;1;1;2;8;
Greivis Vasquez;;17:11;3;8;1;3;0;0;1;1;2;0;1;0;2;4;7;
Julyan Stone;;0:05;0;0;0;0;0;0;0;0;0;0;0;0;0;0;0;
Steve Novak;;0:02;0;0;0;0;0;0;0;0;0;0;0;0;0;0;0;
