11-05;MIA-TOR;104-95;
23-25;29-25;26-24;26-21;
MIA
LeBron James;F;36:01;13;20;1;3;8;8;2;6;8;8;0;1;1;2;35;
Shane Battier;F;19:37;3;4;2;3;0;0;0;2;2;2;1;1;0;4;8;
Udonis Haslem;C;21:47;0;4;0;0;0;0;4;1;5;0;0;0;0;3;0;
Dwyane Wade;G;33:31;9;19;0;1;2;2;1;5;6;5;2;0;2;1;20;
Mario Chalmers;G;27:52;2;6;1;3;0;0;2;2;4;7;2;0;2;3;5;
Ray Allen;;29:34;5;11;3;7;1;1;0;4;4;2;1;0;2;3;14;
Chris Andersen;;17:19;3;4;0;0;0;0;1;2;3;0;0;0;2;4;6;
Rashard Lewis;;21:18;1;4;1;2;1;2;0;1;1;5;0;0;1;3;4;
Norris Cole;;20:08;3;7;0;1;0;1;0;3;3;2;1;0;0;1;6;
Joel Anthony;;8:54;0;0;0;0;0;0;0;2;2;0;0;1;0;2;0;
Michael Beasley;;3:59;2;4;2;3;0;0;0;0;0;0;0;1;1;1;6;
TOR
Rudy Gay;F;33:34;3;10;1;3;6;7;3;7;10;2;1;0;4;4;13;
Amir Johnson;F;23:42;3;7;0;0;0;0;1;5;6;2;0;0;2;2;6;
Jonas Valanciunas;C;27:10;7;13;0;0;4;6;4;5;9;0;0;1;0;3;18;
DeMar DeRozan;G;39:46;8;15;0;3;5;5;0;0;0;3;1;0;2;3;21;
Kyle Lowry;G;35:27;4;11;2;8;3;3;2;1;3;5;1;0;1;4;13;
Landry Fields;;28:18;2;6;0;0;1;3;2;1;3;1;0;0;1;2;5;
D.J. Augustin;;12:33;0;0;0;0;0;0;0;0;0;0;0;0;3;2;0;
Tyler Hansbrough;;15:33;1;2;0;0;6;7;1;6;7;0;0;0;1;1;8;
Terrence Ross;;23:57;3;8;3;7;2;2;0;2;2;2;1;0;1;0;11;
