04-06;DEN-HOU;125-130;
27-22;25-47;36-19;29-29;8-13;
DEN
Quincy Miller;F;34:02;8;14;3;5;0;0;1;5;6;3;1;4;2;1;19;
Kenneth Faried;F;38:18;7;17;0;0;2;2;3;10;13;1;1;2;2;4;16;
Timofey Mozgov;C;27:28;6;9;1;1;2;4;4;3;7;0;2;1;4;1;15;
Randy Foye;G;34:51;4;11;2;4;1;2;0;1;1;2;0;0;3;3;11;
Aaron Brooks;G;47:03;11;24;2;7;0;0;2;6;8;15;3;0;7;5;24;
Evan Fournier;;38:59;9;16;6;10;2;2;1;3;4;4;0;0;2;3;26;
Darrell Arthur;;19:16;3;9;0;4;1;2;2;7;9;1;1;0;1;4;7;
Jan Vesely;;19:04;2;4;0;0;1;1;1;4;5;1;0;1;0;1;5;
Anthony Randolph;;5:59;1;3;0;0;0;0;1;0;1;1;0;0;0;2;2;
HOU
Chandler Parsons;F;42:14;5;11;2;6;3;5;2;1;3;3;2;1;3;3;15;
Terrence Jones;F;23:46;6;16;0;1;2;2;1;4;5;0;2;3;1;1;14;
Omer Asik;C;43:09;6;11;0;0;6;11;7;16;23;1;3;3;2;1;18;
James Harden;G;43:13;9;23;3;10;11;12;0;4;4;10;4;0;5;3;32;
Jeremy Lin;G;34:24;7;12;1;4;4;4;2;0;2;5;3;0;3;2;19;
Donatas Motiejunas;;16:29;0;3;0;0;0;2;1;2;3;1;1;1;0;2;0;
Francisco Garcia;;31:57;5;11;1;5;0;2;1;5;6;1;0;1;0;4;11;
Isaiah Canaan;;18:36;5;8;4;7;1;2;1;0;1;2;0;1;0;2;15;
Omri Casspi;;11:12;2;3;2;3;0;0;0;3;3;1;0;0;1;1;6;
