01-13;SAS-NOP;101-95;
24-28;27-24;25-21;25-22;
SAS
Kawhi Leonard;F;32:59;4;6;1;1;4;4;0;6;6;3;2;1;1;2;13;
Tim Duncan;F;26:06;7;14;0;0;4;7;2;7;9;2;0;0;3;6;18;
Jeff Ayres;C;16:31;1;1;0;0;1;2;1;4;5;0;0;1;0;2;3;
Manu Ginobili;G;24:38;4;9;0;2;6;6;0;2;2;2;2;1;3;1;14;
Tony Parker;G;36:16;9;15;0;0;9;10;0;3;3;6;1;0;2;3;27;
Marco Belinelli;;30:10;5;11;2;4;0;0;0;2;2;2;1;0;1;1;12;
Boris Diaw;;22:20;0;0;0;0;0;0;0;2;2;1;0;2;2;0;0;
Cory Joseph;;15:01;3;6;1;3;0;0;0;1;1;0;0;1;1;1;7;
Aron Baynes;;8:44;0;1;0;0;2;2;0;5;5;1;0;0;0;1;2;
Patty Mills;;11:44;0;1;0;0;0;0;0;1;1;1;0;0;0;1;0;
Matt Bonner;;15:31;2;3;1;2;0;0;0;5;5;1;0;1;0;1;5;
NOP
Al-Farouq Aminu;F;37:01;3;10;0;0;2;2;2;11;13;1;0;0;2;2;8;
Anthony Davis;F;35:19;9;18;0;1;4;5;6;5;11;2;3;2;3;3;22;
Jason Smith;C;19:09;3;9;0;0;0;0;1;2;3;1;1;0;1;4;6;
Eric Gordon;G;32:10;4;14;1;1;3;5;0;0;0;3;2;0;1;3;12;
Brian Roberts;G;34:50;7;12;3;5;2;3;0;4;4;4;0;0;2;4;19;
Alexis Ajinca;;19:58;3;6;0;0;1;2;0;4;4;0;0;2;0;0;7;
Darius Miller;;20:48;1;3;1;2;0;0;0;2;2;2;1;0;0;4;3;
Austin Rivers;;23:14;5;11;1;1;0;0;0;2;2;5;0;0;0;1;11;
Anthony Morrow;;12:34;2;3;1;1;0;0;0;1;1;1;0;0;0;0;5;
Jeff Withey;;4:57;1;1;0;0;0;0;0;1;1;0;0;0;0;2;2;
