02-22;MIN-UTA;121-104;
26-21;33-28;35-32;27-23;
MIN
Corey Brewer;F;36:23;5;12;0;2;3;3;2;2;4;1;0;0;1;2;13;
Dante Cunningham;F;32:56;5;8;0;0;1;2;0;5;5;3;1;0;0;4;11;
Kevin Love;C;32:35;11;20;6;10;9;10;3;9;12;10;1;0;1;3;37;
Chase Budinger;G;22:49;4;6;3;4;2;2;1;3;4;2;1;0;2;3;13;
Ricky Rubio;G;27:23;5;7;1;1;4;5;3;3;6;7;0;0;4;2;15;
Gorgui Dieng;;21:41;4;5;0;0;0;2;0;8;8;1;0;3;1;4;8;
Luc Mbah a Moute;;23:43;2;4;0;0;4;5;1;2;3;0;0;0;1;2;8;
Jose Juan Barea;;20:34;3;9;0;2;1;4;0;0;0;6;0;0;0;2;7;
Shabazz Muhammad;;11:21;3;8;0;0;0;0;2;4;6;0;1;0;1;1;6;
Robbie Hummel;;7:58;1;4;1;2;0;0;0;1;1;0;0;0;0;1;3;
A.J. Price;;2:37;0;1;0;1;0;0;0;0;0;0;0;0;0;0;0;
UTA
Richard Jefferson;F;28:40;5;10;0;4;4;4;0;2;2;0;1;0;0;3;14;
Marvin Williams;F;17:56;2;3;1;1;0;0;0;2;2;1;0;1;0;4;5;
Enes Kanter;C;34:51;11;14;0;0;3;5;2;5;7;1;1;0;1;2;25;
Gordon Hayward;G;24:20;2;10;0;2;1;2;0;0;0;0;2;2;2;1;5;
Trey Burke;G;35:18;7;19;2;9;0;0;0;3;3;6;2;1;0;3;16;
Alec Burks;;32:46;2;11;0;2;11;14;0;2;2;3;1;0;3;1;15;
Jeremy Evans;;24:53;2;3;0;0;5;6;1;5;6;2;1;0;0;4;9;
Diante Garrett;;16:30;3;4;0;0;0;0;0;0;0;1;0;0;2;4;6;
Rudy Gobert;;13:09;1;1;0;0;3;5;1;8;9;0;0;2;0;2;5;
Brandon Rush;;6:26;0;1;0;0;0;0;0;0;0;0;0;0;0;0;0;
Malcolm Thomas;;5:11;2;3;0;1;0;0;1;2;3;2;0;1;0;1;4;
