12-21;LAL-GSW;83-102;
26-27;16-19;15-26;26-30;
LAL
Wesley Johnson;F;38:31;0;7;0;5;2;2;1;4;5;2;1;0;3;3;2;
Jordan Hill;F;19:60;6;11;0;0;2;2;5;5;10;0;0;0;2;3;14;
Chris Kaman;C;28:19;5;17;0;1;0;0;2;15;17;1;0;3;2;3;10;
Jodie Meeks;G;33:26;4;11;1;3;4;5;1;3;4;4;3;0;4;0;13;
Xavier Henry;G;35:59;2;9;0;3;9;10;0;3;3;2;2;0;3;2;13;
Nick Young;;30:38;5;18;1;6;9;12;2;2;4;0;1;0;4;3;20;
Shawne Williams;;23:09;1;2;1;1;0;0;0;2;2;1;1;0;1;4;3;
Robert Sacre;;19:40;2;4;0;0;1;2;1;3;4;1;0;2;1;0;5;
Kendall Marshall;;5:54;1;1;1;1;0;0;0;0;0;0;0;0;4;0;3;
Ryan Kelly;;4:24;0;0;0;0;0;0;0;1;1;0;0;0;0;0;0;
GSW
Andre Iguodala;F;24:24;1;6;0;3;1;2;1;1;2;1;2;0;3;4;3;
David Lee;F;32:45;8;18;0;0;3;4;3;7;10;0;1;0;3;3;19;
Andrew Bogut;C;27:55;6;12;0;0;0;0;9;11;20;0;1;2;2;3;12;
Klay Thompson;G;32:46;5;15;4;8;3;4;0;3;3;2;2;0;2;3;17;
Stephen Curry;G;32:43;5;15;4;9;4;4;1;5;6;10;3;0;1;2;18;
Draymond Green;;20:45;2;4;1;3;2;2;1;4;5;4;2;0;3;2;7;
Harrison Barnes;;25:49;3;7;1;2;1;1;0;2;2;0;1;0;0;1;8;
Marreese Speights;;13:32;5;9;0;1;0;0;1;2;3;0;1;2;0;1;10;
Toney Douglas;;15:20;1;6;1;4;0;0;0;3;3;1;1;1;2;2;3;
Kent Bazemore;;11:01;2;5;1;1;0;0;0;1;1;1;0;0;0;3;5;
Hilton Armstrong;;3:00;0;1;0;0;0;2;0;0;0;0;0;0;0;0;0;
