11-11;SAS-PHI;109-85;
31-13;26-25;26-26;26-21;
SAS
Kawhi Leonard;F;24:14;6;12;1;4;0;0;1;8;9;3;2;0;2;1;13;
Boris Diaw;F;27:30;4;8;0;1;0;0;2;3;5;3;0;0;5;1;8;
Tiago Splitter;C;28:14;4;8;0;0;3;4;1;5;6;1;0;1;0;2;11;
Danny Green;G;32:04;6;9;5;7;1;1;0;6;6;3;1;1;0;2;18;
Tony Parker;G;28:46;7;12;0;1;0;0;1;2;3;9;0;0;3;1;14;
Manu Ginobili;;13:02;3;4;2;2;0;0;0;1;1;1;0;0;0;1;8;
Patty Mills;;19:14;4;8;2;5;0;0;1;2;3;2;4;0;0;2;10;
Marco Belinelli;;22:25;5;11;2;5;0;0;2;4;6;2;2;0;1;0;12;
Jeff Ayres;;24:20;3;9;0;0;0;0;2;4;6;2;0;0;0;4;6;
Nando De Colo;;9:45;1;3;1;3;0;0;0;2;2;1;0;0;0;0;3;
Cory Joseph;;7:08;1;4;0;0;4;6;1;0;1;2;0;0;1;1;6;
Aron Baynes;;3:18;0;1;0;0;0;0;0;2;2;0;0;0;0;0;0;
PHI
Evan Turner;F;34:16;9;21;1;4;1;2;1;2;3;2;0;0;1;1;20;
Thaddeus Young;F;29:32;3;7;0;2;1;2;4;2;6;1;1;1;1;0;7;
Spencer Hawes;C;32:36;6;13;2;4;3;3;3;10;13;3;0;2;4;1;17;
James Anderson;G;24:04;3;6;1;2;0;0;0;1;1;1;0;0;1;1;7;
Michael Carter-Williams;G;32:31;2;11;0;2;4;4;0;2;2;4;3;3;2;1;8;
Tony Wroten;;21:13;5;9;1;3;2;3;1;1;2;3;0;1;2;3;13;
Lavoy Allen;;19:25;2;4;0;0;0;1;0;6;6;0;0;1;1;2;4;
Darius Morris;;19:55;2;6;0;1;1;1;0;1;1;4;0;0;2;2;5;
Brandon Davies;;14:27;2;4;0;0;0;0;1;1;2;1;0;1;1;1;4;
Hollis Thompson;;12:01;0;1;0;1;0;0;1;3;4;0;0;0;0;0;0;
