11-05;ATL-SAC;105-100;
25-32;29-13;28-20;23-35;
ATL
DeMarre Carroll;F;34:42;3;11;0;4;0;0;0;2;2;0;1;0;2;2;6;
Paul Millsap;F;33:40;9;15;2;3;5;6;3;8;11;4;4;1;2;0;25;
Al Horford;C;35:16;11;19;1;1;4;6;5;5;10;1;3;2;2;3;27;
Kyle Korver;G;31:42;3;4;1;2;2;2;0;1;1;1;0;1;3;3;9;
Jeff Teague;G;33:40;6;12;2;5;4;8;0;3;3;10;1;0;4;2;18;
Dennis Schroder;;19:05;3;7;0;1;0;0;0;2;2;7;0;0;0;4;6;
Elton Brand;;11:31;0;2;0;0;0;0;0;3;3;1;0;2;0;0;0;
Cartier Martin;;24:51;2;7;1;3;4;4;0;3;3;2;2;0;1;0;9;
Pero Antic;;15:33;2;4;1;3;0;0;1;0;1;0;0;1;0;1;5;
SAC
John Salmons;F;34:02;5;11;1;4;2;2;1;3;4;5;0;2;3;2;13;
Patrick Patterson;F;30:58;3;6;1;3;0;0;1;8;9;1;2;0;3;4;7;
DeMarcus Cousins;C;29:09;5;12;0;1;1;2;2;4;6;2;0;1;1;5;11;
Marcus Thornton;G;25:14;5;10;3;7;2;2;0;0;0;1;3;0;1;2;15;
Greivis Vasquez;G;19:48;2;5;1;4;4;4;0;3;3;4;0;0;4;4;9;
Ben McLemore;;22:46;6;12;3;7;0;0;2;4;6;1;2;0;0;1;15;
Jason Thompson;;23:10;1;4;0;0;0;0;1;5;6;1;0;0;1;3;2;
Isaiah Thomas;;28:12;8;17;1;4;9;9;2;0;2;5;1;0;4;2;26;
Charles Hayes;;12:43;0;1;0;0;0;0;0;0;0;1;2;0;0;2;0;
Travis Outlaw;;13:58;0;2;0;1;2;2;1;2;3;1;0;1;1;1;2;
