03-06;MIA-SAS;87-111;
22-37;29-25;23-20;13-29;
MIA
Shane Battier;F;16:06;0;1;0;1;0;0;0;1;1;0;1;1;0;1;0;
LeBron James;F;38:04;6;18;0;3;7;9;3;5;8;7;2;0;5;5;19;
Chris Bosh;C;34:30;10;16;1;2;3;3;2;5;7;1;2;0;3;0;24;
Dwyane Wade;G;36:09;7;15;0;1;2;3;0;3;3;7;1;0;2;2;16;
Mario Chalmers;G;26:51;2;7;1;1;0;0;0;2;2;3;2;1;4;5;5;
Ray Allen;;21:42;2;5;1;3;1;1;0;1;1;5;0;1;3;1;6;
Chris Andersen;;17:01;2;3;0;0;2;2;2;4;6;0;1;0;1;4;6;
Michael Beasley;;20:59;5;10;1;1;0;0;1;5;6;0;1;1;1;1;11;
Norris Cole;;17:47;0;4;0;1;0;0;0;1;1;2;0;0;1;1;0;
Greg Oden;;5:40;0;0;0;0;0;0;0;1;1;0;0;0;0;2;0;
Udonis Haslem;;1:44;0;0;0;0;0;0;0;0;0;0;0;0;0;0;0;
Rashard Lewis;;1:44;0;0;0;0;0;0;0;0;0;0;0;0;0;0;0;
Toney Douglas;;1:44;0;0;0;0;0;0;0;0;0;0;0;0;0;0;0;
SAS
Kawhi Leonard;F;30:22;4;13;1;4;2;2;0;5;5;0;5;0;1;4;11;
Tim Duncan;F;33:20;9;13;0;0;5;5;2;9;11;2;0;1;3;4;23;
Boris Diaw;C;36:55;5;5;2;2;4;5;2;6;8;5;1;0;4;1;16;
Danny Green;G;20:49;2;8;2;6;0;0;0;3;3;3;1;3;3;2;6;
Tony Parker;G;31:18;6;14;0;0;5;6;0;1;1;4;2;0;2;0;17;
Manu Ginobili;;19:57;3;6;0;2;0;0;0;0;0;4;0;0;1;4;6;
Marco Belinelli;;22:17;3;5;0;2;2;2;0;2;2;3;0;0;1;2;8;
Tiago Splitter;;18:47;2;4;0;0;3;4;0;2;2;4;0;1;1;0;7;
Patty Mills;;17:25;3;6;2;5;1;2;2;8;10;4;0;0;1;0;9;
Cory Joseph;;3:38;0;2;0;0;0;0;0;0;0;0;0;0;0;0;0;
Austin Daye;;1:44;2;2;2;2;0;0;0;1;1;1;0;0;0;0;6;
Matt Bonner;;1:44;1;1;0;0;0;0;1;0;1;0;0;0;0;0;2;
Aron Baynes;;1:44;0;0;0;0;0;0;1;0;1;0;0;0;0;0;0;
