11-15;PHI-ATL;103-113;
17-25;39-29;17-28;30-31;
PHI
Evan Turner;F;36:47;10;19;0;1;7;8;1;3;4;4;0;0;7;1;27;
Thaddeus Young;F;33:00;7;15;0;1;3;3;5;2;7;1;2;0;1;3;17;
Spencer Hawes;C;31:55;5;11;1;3;3;4;2;10;12;2;0;0;0;1;14;
James Anderson;G;38:50;1;6;0;4;0;0;0;4;4;5;2;2;2;1;2;
Tony Wroten;G;37:34;9;19;0;3;4;6;0;0;0;6;1;0;1;4;22;
Lavoy Allen;;16:05;3;5;0;1;1;2;1;3;4;0;0;2;0;3;7;
Darius Morris;;16:40;3;7;3;4;0;0;0;0;0;3;0;0;2;2;9;
Hollis Thompson;;14:09;2;3;1;2;0;0;0;4;4;0;1;0;2;1;5;
Daniel Orton;;4:56;0;0;0;0;0;0;0;2;2;0;0;0;1;2;0;
Brandon Davies;;10:04;0;1;0;0;0;0;0;2;2;0;0;0;0;1;0;
ATL
DeMarre Carroll;F;34:10;8;14;5;8;0;0;0;6;6;2;1;0;0;3;21;
Al Horford;F;34:41;8;15;0;0;4;4;1;7;8;3;1;3;2;0;20;
Gustavo Ayon;C;16:47;3;5;0;0;0;0;1;3;4;1;0;1;0;5;6;
Kyle Korver;G;33:38;3;6;3;5;4;4;1;5;6;2;0;1;2;4;13;
Jeff Teague;G;34:52;10;16;1;3;12;13;0;4;4;10;1;0;4;3;33;
Paul Millsap;;28:60;3;8;0;1;2;6;0;4;4;3;2;0;3;4;8;
Elton Brand;;11:46;0;2;0;0;2;2;0;4;4;1;0;0;0;1;2;
Lou Williams;;16:01;3;8;1;3;0;0;1;2;3;2;1;0;0;1;7;
Dennis Schroder;;12:17;0;0;0;0;1;2;1;0;1;1;0;0;3;0;1;
Cartier Martin;;12:31;0;6;0;3;0;0;0;2;2;0;0;0;1;2;0;
Mike Scott;;4:17;1;1;0;0;0;0;1;0;1;0;0;0;0;0;2;
