12-30;MIA-DEN;97-94;
29-30;17-25;26-22;25-17;
MIA
LeBron James;F;39:44;8;15;5;9;5;8;1;5;6;10;0;1;4;0;26;
Shane Battier;F;21:46;2;3;2;3;0;0;0;2;2;0;1;0;0;2;6;
Chris Bosh;C;36:42;8;12;0;0;1;4;1;4;5;0;2;1;2;3;17;
Dwyane Wade;G;18:17;6;9;0;1;0;0;0;2;2;2;1;1;0;0;12;
Mario Chalmers;G;37:31;1;5;1;3;7;10;1;2;3;9;0;0;3;3;10;
Ray Allen;;30:33;4;7;2;4;3;4;1;6;7;2;0;0;1;1;13;
Udonis Haslem;;11:41;0;4;0;0;0;0;0;0;0;0;0;1;0;2;0;
Norris Cole;;12:02;0;3;0;0;0;0;0;1;1;0;1;0;2;0;0;
Rashard Lewis;;7:20;1;2;0;1;0;0;0;0;0;0;1;0;1;1;2;
Michael Beasley;;18:31;4;6;1;1;0;0;1;3;4;0;0;0;0;1;9;
Joel Anthony;;0:01;0;0;0;0;2;2;0;0;0;0;0;0;0;0;2;
Roger Mason Jr.;;5:52;0;1;0;1;0;0;0;1;1;0;1;0;0;0;0;
DEN
Wilson Chandler;F;41:03;6;17;1;6;0;0;1;5;6;2;1;0;1;3;13;
Kenneth Faried;F;21:51;4;8;0;0;0;0;1;3;4;0;0;1;2;2;8;
JJ Hickson;C;36:22;5;11;0;1;2;2;4;7;11;3;2;0;2;3;12;
Jordan Hamilton;G;10:20;1;3;1;2;0;0;0;3;3;1;0;0;0;2;3;
Ty Lawson;G;39:37;8;15;5;8;5;6;1;1;2;7;1;0;2;4;26;
Randy Foye;;33:30;4;6;0;1;3;3;0;2;2;7;0;0;1;2;11;
Darrell Arthur;;24:50;6;14;1;1;0;0;0;4;4;2;1;0;1;4;13;
Timofey Mozgov;;11:47;3;4;0;0;0;0;1;1;2;1;0;1;0;1;6;
Nate Robinson;;10:57;0;1;0;1;0;0;0;1;1;0;1;0;2;0;0;
Andre Miller;;9:43;1;2;0;0;0;0;0;2;2;0;0;0;2;0;2;
