04-10;SAS-DAL;109-100;
30-22;19-29;34-21;26-28;
SAS
Kawhi Leonard;F;36:57;5;14;2;6;4;5;6;10;16;5;2;0;2;2;16;
Tim Duncan;F;39:17;7;12;0;0;6;9;4;11;15;2;1;1;3;3;20;
Tiago Splitter;C;28:06;6;10;0;0;0;0;2;1;3;1;0;0;1;3;12;
Danny Green;G;22:23;5;9;5;9;0;0;0;5;5;1;1;0;0;1;15;
Patty Mills;G;35:39;9;25;6;11;2;2;0;2;2;6;2;0;0;2;26;
Boris Diaw;;19:32;0;3;0;0;0;0;2;1;3;0;1;0;1;3;0;
Manu Ginobili;;28:37;4;8;2;4;0;0;0;2;2;7;2;0;5;2;10;
Cory Joseph;;8:16;0;0;0;0;3;4;0;1;1;0;0;0;0;2;3;
Marco Belinelli;;20:09;2;7;1;4;2;2;1;0;1;0;0;0;0;4;7;
Austin Daye;;0:32;0;0;0;0;0;0;0;0;0;0;0;0;0;0;0;
Jeff Ayres;;0:32;0;0;0;0;0;0;0;0;0;0;0;0;0;0;0;
DAL
Shawn Marion;F;29:27;5;7;2;3;0;0;0;3;3;1;0;2;2;2;12;
Dirk Nowitzki;F;34:11;8;14;0;0;3;5;0;6;6;1;1;0;0;1;19;
Samuel Dalembert;C;19:58;1;5;0;0;0;0;4;7;11;1;0;1;0;2;2;
Monta Ellis;G;37:49;10;22;0;1;4;4;0;4;4;4;1;0;2;3;24;
Jose Calderon;G;27:54;5;11;2;3;2;2;0;3;3;1;0;0;2;0;14;
Vince Carter;;27:07;2;5;0;0;2;2;0;4;4;2;0;1;0;3;6;
Devin Harris;;27:10;1;8;1;5;5;6;0;2;2;4;3;1;2;0;8;
DeJuan Blair;;8:26;2;3;0;0;1;2;2;2;4;1;0;0;1;4;5;
Jae Crowder;;9:14;0;1;0;0;0;0;0;2;2;1;0;0;0;0;0;
Brandan Wright;;17:09;4;6;0;0;0;0;2;1;3;0;0;0;1;1;8;
Shane Larkin;;0:32;1;1;0;0;0;0;0;0;0;0;0;0;0;1;2;
Bernard James;;0:32;0;0;0;0;0;0;0;0;0;0;0;0;0;0;0;
Wayne Ellington;;0:32;0;0;0;0;0;0;0;0;0;0;0;0;0;0;0;
