11-25;MIL-DET;94-113;
18-38;16-27;32-27;28-21;
MIL
Khris Middleton;F;20:39;5;9;2;4;2;2;0;5;5;2;0;0;1;1;14;
Ersan Ilyasova;F;16:28;1;3;0;1;0;0;2;2;4;1;1;0;2;5;2;
Zaza Pachulia;C;17:25;2;3;0;0;4;4;0;1;1;2;1;0;1;3;8;
O.J. Mayo;G;24:45;1;4;0;1;3;4;0;2;2;0;0;0;3;3;5;
Brandon Knight;G;21:16;2;7;0;1;4;6;0;0;0;4;0;0;6;2;8;
John Henson;;21:58;7;12;0;0;1;2;4;3;7;1;2;2;1;1;15;
Caron Butler;;27:21;2;7;2;5;2;2;0;5;5;3;1;1;0;0;8;
Luke Ridnour;;10:07;0;2;0;0;0;0;0;0;0;4;0;0;1;1;0;
Ekpe Udoh;;23:26;1;2;0;0;2;2;2;3;5;1;0;1;2;1;4;
Gary Neal;;23:15;5;11;2;6;2;2;0;4;4;1;0;0;1;1;14;
Nate Wolters;;16:37;4;6;0;1;0;0;0;1;1;3;0;0;0;0;8;
Giannis Antetokounmpo;;12:00;2;6;0;0;2;2;1;3;4;0;0;0;0;2;6;
Miroslav Raduljica;;4:43;1;1;0;0;0;0;1;0;1;1;0;0;0;0;2;
DET
Josh Smith;F;35:20;4;10;0;4;2;3;0;7;7;4;1;1;2;2;10;
Greg Monroe;F;31:57;5;10;0;0;6;8;1;5;6;3;1;0;0;0;16;
Andre Drummond;C;24:34;6;10;0;0;0;0;2;6;8;1;2;0;1;5;12;
Kentavious Caldwell-Pope;G;35:56;5;9;2;5;2;3;1;1;2;3;2;0;0;5;14;
Brandon Jennings;G;35:50;5;10;4;6;1;2;1;1;2;13;2;0;4;4;15;
Kyle Singler;;2:25;0;0;0;0;0;0;0;1;1;0;0;0;0;0;0;
Rodney Stuckey;;30:12;7;11;2;3;1;3;0;3;3;2;1;0;1;3;17;
Josh Harrellson;;8:59;1;2;1;2;0;0;0;3;3;0;0;0;0;1;3;
Will Bynum;;12:38;1;4;0;2;3;4;0;1;1;2;1;0;2;3;5;
Charlie Villanueva;;12:55;5;9;2;5;0;0;0;2;2;0;1;0;0;0;12;
Jonas Jerebko;;4:43;3;3;1;1;0;0;0;1;1;0;0;0;0;0;7;
Tony Mitchell;;2:16;1;1;0;0;0;0;0;0;0;0;0;0;0;0;2;
Gigi Datome;;2:16;0;1;0;1;0;0;0;1;1;0;0;0;0;1;0;
