12-16;UTA-MIA;94-117;
20-26;30-21;21-36;23-34;
UTA
Richard Jefferson;F;11:35;1;5;1;2;0;0;0;0;0;0;1;0;1;3;3;
Marvin Williams;F;27:50;4;10;0;3;0;0;3;1;4;2;0;0;0;1;8;
Derrick Favors;C;28:28;8;12;0;0;1;3;2;5;7;1;1;2;1;1;17;
Gordon Hayward;G;27:23;2;8;0;4;3;4;1;2;3;2;1;0;5;4;7;
Trey Burke;G;30:57;1;8;1;4;0;0;1;1;2;4;0;0;1;2;3;
Alec Burks;;34:03;12;17;2;4;5;8;1;2;3;7;4;0;2;4;31;
Jeremy Evans;;17:48;2;6;0;0;0;0;0;3;3;0;0;0;1;2;4;
Brandon Rush;;20:37;0;1;0;0;0;0;0;1;1;0;0;0;0;0;0;
Enes Kanter;;17:10;6;11;0;0;2;2;3;5;8;0;0;0;0;2;14;
Diante Garrett;;17:03;1;2;1;1;0;0;0;1;1;1;0;0;3;1;3;
John Lucas III;;2:22;0;0;0;0;0;0;0;0;0;0;0;0;0;0;0;
Andris Biedrins;;2:22;0;0;0;0;0;0;0;1;1;0;0;0;0;0;0;
Michael Harris;;2:22;2;4;0;0;0;0;0;0;0;0;0;0;0;0;4;
MIA
LeBron James;F;33:49;13;17;0;1;4;5;1;8;9;9;1;0;3;1;30;
Shane Battier;F;17:11;0;0;0;0;0;0;0;2;2;0;0;1;0;4;0;
Chris Bosh;C;30:13;8;13;0;1;4;5;2;4;6;1;2;2;0;0;20;
Dwyane Wade;G;30:40;9;14;0;0;9;10;1;4;5;2;0;1;3;3;27;
Mario Chalmers;G;24:52;4;7;3;3;1;2;1;2;3;8;2;0;2;1;12;
Ray Allen;;23:47;2;6;1;4;0;0;0;4;4;1;1;0;3;1;5;
Chris Andersen;;15:25;0;0;0;0;1;2;0;5;5;1;1;3;0;1;1;
Rashard Lewis;;27:17;1;3;1;3;0;0;1;2;3;1;2;1;0;1;3;
Norris Cole;;27:18;5;7;1;3;2;2;0;2;2;4;1;0;3;2;13;
Roger Mason Jr.;;2:22;1;1;0;0;0;0;0;1;1;1;0;0;0;0;2;
Udonis Haslem;;2:22;1;2;0;0;0;0;0;0;0;0;0;0;0;0;2;
Joel Anthony;;2:22;1;1;0;0;0;0;0;1;1;0;0;0;0;0;2;
James Jones;;2:22;0;0;0;0;0;0;0;0;0;0;0;0;0;0;0;
