11-09;UTA-TOR;91-115;
16-30;20-32;24-29;31-24;
UTA
Richard Jefferson;F;25:24;3;8;0;3;0;0;0;2;2;0;0;0;1;0;6;
Derrick Favors;F;31:21;6;14;0;0;5;8;4;3;7;1;2;2;2;5;17;
Enes Kanter;C;37:32;5;12;0;0;4;4;1;3;4;2;1;1;1;3;14;
Gordon Hayward;G;36:21;10;18;0;5;4;4;1;6;7;4;4;0;2;2;24;
Jamaal Tinsley;G;16:09;0;0;0;0;0;0;0;3;3;4;0;0;0;3;0;
Rudy Gobert;;15:55;1;3;0;0;0;0;3;4;7;0;0;2;2;4;2;
Alec Burks;;27:31;4;10;2;5;7;8;1;2;3;4;0;0;4;3;17;
Marvin Williams;;15:18;0;3;0;1;0;0;1;1;2;1;0;0;1;0;0;
John Lucas III;;16:24;1;3;1;2;0;0;0;0;0;1;0;0;0;1;3;
Michael Harris;;11:26;3;4;0;1;0;0;1;1;2;2;0;0;1;1;6;
Ian Clark;;6:39;1;2;0;1;0;0;0;0;0;1;0;0;0;2;2;
TOR
Rudy Gay;F;23:19;5;11;1;3;0;0;1;1;2;5;2;0;0;1;11;
Amir Johnson;F;26:36;3;9;1;2;0;0;5;6;11;1;0;3;1;4;7;
Jonas Valanciunas;C;23:28;6;8;0;0;2;2;1;2;3;0;0;1;2;3;14;
DeMar DeRozan;G;24:00;5;14;1;3;7;7;1;4;5;3;1;0;1;1;18;
Kyle Lowry;G;15:13;3;5;3;4;0;0;1;1;2;4;2;0;1;0;9;
Landry Fields;;18:02;1;4;0;0;2;2;0;1;1;3;0;0;1;1;4;
Tyler Hansbrough;;27:56;6;9;0;0;11;13;3;4;7;0;2;0;2;4;23;
Steve Novak;;6:50;0;2;0;2;0;0;0;0;0;0;0;0;0;0;0;
Terrence Ross;;17:21;4;9;1;4;0;0;0;2;2;3;0;0;2;2;9;
Dwight Buycks;;20:47;1;3;0;1;0;0;0;2;2;2;1;0;1;2;2;
Quincy Acy;;17:49;3;5;2;4;1;2;1;1;2;1;0;0;0;2;9;
Julyan Stone;;12:00;2;2;1;1;2;3;0;2;2;1;0;0;0;0;7;
D.J. Augustin;;6:39;1;2;0;1;0;0;0;1;1;0;0;0;1;0;2;
