11-16;IND-CHI;94-110;
20-31;15-29;24-24;35-26;
IND
Paul George;F;32:44;3;14;0;3;6;6;1;5;6;2;0;0;3;3;12;
David West;F;27:36;6;16;0;0;1;1;3;4;7;1;0;2;1;2;13;
Roy Hibbert;C;29:19;5;10;0;0;4;7;5;5;10;0;0;3;1;3;14;
Lance Stephenson;G;32:04;5;14;0;4;2;2;0;1;1;3;2;0;0;4;12;
George Hill;G;34:44;3;7;1;2;4;5;0;2;2;5;1;1;2;2;11;
Solomon Hill;;10:12;0;1;0;1;0;0;1;1;2;2;0;1;2;0;0;
Luis Scola;;20:24;4;8;0;0;0;0;0;4;4;1;0;0;0;2;8;
CJ Watson;;13:49;1;6;0;1;0;0;0;0;0;0;0;0;0;1;2;
Orlando Johnson;;15:36;3;4;0;1;3;3;0;3;3;1;0;0;0;1;9;
Ian Mahinmi;;6:41;0;0;0;0;0;2;2;0;2;0;1;0;0;0;0;
Chris Copeland;;16:30;4;5;3;4;2;2;0;0;0;1;1;1;0;1;13;
Rasual Butler;;0:22;0;0;0;0;0;0;0;0;0;0;0;0;0;0;0;
CHI
Luol Deng;F;32:27;8;14;1;2;6;7;1;6;7;2;2;0;3;3;23;
Carlos Boozer;F;26:16;6;11;0;0;1;2;2;4;6;1;0;1;3;4;13;
Joakim Noah;C;31:58;1;6;0;0;2;4;1;6;7;6;2;0;1;6;4;
Jimmy Butler;G;24:38;2;3;1;1;5;6;0;2;2;1;1;1;1;1;10;
Derrick Rose;G;30:37;7;16;6;11;0;0;1;2;3;4;1;0;0;1;20;
Kirk Hinrich;;32:34;4;10;1;3;4;4;0;4;4;8;0;1;3;3;13;
Taj Gibson;;26:34;7;13;0;0;1;1;4;4;8;0;0;2;1;3;15;
Mike Dunleavy;;23:22;4;5;2;2;0;0;0;4;4;2;0;0;1;2;10;
Nazr Mohammed;;10:50;1;1;0;0;0;0;0;1;1;1;0;1;0;1;2;
Erik Murphy;;0:22;0;0;0;0;0;0;0;0;0;0;0;0;0;0;0;
Tony Snell;;0:22;0;0;0;0;0;0;0;0;0;0;0;0;0;0;0;
