11-22;IND-BOS;97-82;
22-25;20-25;25-8;30-24;
IND
Paul George;F;37:34;9;20;3;8;6;6;0;3;3;2;1;0;2;2;27;
David West;F;29:23;7;14;0;0;3;4;2;6;8;3;3;0;0;0;17;
Roy Hibbert;C;28:44;3;11;0;0;0;0;6;2;8;2;0;2;3;4;6;
Lance Stephenson;G;41:25;5;10;0;0;0;0;3;8;11;10;4;0;1;0;10;
George Hill;G;37:36;3;8;2;5;0;0;0;1;1;1;2;0;3;2;8;
Orlando Johnson;;9:16;1;2;0;0;2;2;0;0;0;0;0;0;0;0;4;
Luis Scola;;25:17;7;9;0;0;3;4;3;1;4;1;2;0;4;3;17;
Donald Sloan;;10:24;0;2;0;2;0;0;0;4;4;0;1;0;1;0;0;
Chris Copeland;;7:45;1;2;1;2;0;0;0;0;0;0;0;0;0;0;3;
Ian Mahinmi;;12:36;2;3;0;0;1;2;1;1;2;0;0;1;1;2;5;
BOS
Jeff Green;F;37:32;8;13;2;3;2;2;0;2;2;0;1;0;3;1;20;
Jared Sullinger;F;31:28;6;12;0;2;1;2;1;4;5;2;1;0;1;3;13;
Kelly Olynyk;C;12:14;1;3;0;0;0;0;1;1;2;0;0;0;0;1;2;
Avery Bradley;G;31:10;3;10;0;1;0;0;0;7;7;2;1;0;3;2;6;
Jordan Crawford;G;34:12;10;12;3;4;1;1;1;2;3;4;2;0;6;2;24;
Vitor Faverani;;10:48;0;2;0;1;0;0;0;2;2;0;0;0;2;0;0;
Gerald Wallace;;21:59;1;2;0;0;0;0;1;3;4;0;1;1;5;1;2;
Brandon Bass;;22:26;4;8;0;0;0;0;0;3;3;1;0;0;1;4;8;
Courtney Lee;;16:14;1;3;0;0;0;0;0;0;0;0;2;0;0;1;2;
Kris Humphries;;15:40;1;3;0;0;2;2;1;1;2;1;0;0;0;1;4;
Phil Pressey;;6:17;0;1;0;0;1;2;0;1;1;1;0;0;0;0;1;
