04-11;WAS-ORL;96-86;
17-29;28-22;22-19;29-16;
WAS
Trevor Ariza;F;27:29;3;10;0;4;2;2;1;2;3;2;1;0;0;2;8;
Trevor Booker;F;28:04;7;10;0;0;0;0;1;2;3;0;0;1;1;0;14;
Marcin Gortat;C;30:56;4;12;0;0;4;4;2;4;6;3;0;1;3;3;12;
Bradley Beal;G;35:21;4;10;2;5;6;10;2;2;4;1;3;0;1;4;16;
John Wall;G;37:07;3;10;0;5;4;4;1;4;5;12;0;1;1;3;10;
Nene;;19:55;7;11;0;0;3;6;1;2;3;2;1;1;2;0;17;
Martell Webster;;7:31;0;2;0;1;1;2;0;0;0;0;1;0;1;0;1;
Otto Porter;;25:45;4;10;0;2;1;1;3;6;9;0;0;0;0;1;9;
Al Harrington;;16:59;3;7;0;2;3;4;2;7;9;0;1;0;1;0;9;
Garrett Temple;;0:01;0;0;0;0;0;0;0;0;0;0;0;0;0;0;0;
Andre Miller;;10:52;0;0;0;0;0;0;0;2;2;4;0;0;2;6;0;
ORL
Maurice Harkless;F;30:26;1;4;0;1;0;0;0;2;2;0;0;0;1;3;2;
Kyle O'Quinn;F;24:32;6;9;0;0;1;4;2;7;9;1;0;3;1;2;13;
Dewayne Dedmon;C;24:55;1;7;0;0;2;2;4;6;10;1;1;1;1;3;4;
Arron Afflalo;G;31:14;6;14;1;4;6;6;0;2;2;1;1;0;2;0;19;
Jameer Nelson;G;33:58;5;16;0;5;2;4;2;5;7;11;2;0;4;4;12;
Andrew Nicholson;;22:09;2;8;0;1;0;0;2;3;5;1;1;0;0;6;4;
Doron Lamb;;19:07;4;5;3;4;0;0;0;1;1;1;1;0;0;2;11;
Victor Oladipo;;16:00;3;5;0;0;0;0;0;2;2;1;2;0;3;5;6;
Tobias Harris;;24:24;4;7;0;2;2;2;0;3;3;2;1;1;2;5;10;
E'Twaun Moore;;13:15;0;2;0;2;5;6;0;1;1;2;0;0;2;1;5;
