03-09;OKC-LAL;110-114;
35-26;21-25;19-36;35-27;
OKC
Kevin Durant;F;41:36;8;19;4;11;7;11;1;9;10;12;0;0;5;4;27;
Serge Ibaka;F;34:09;9;18;0;0;3;5;8;7;15;1;2;2;0;4;21;
Steven Adams;C;10:17;0;0;0;0;0;0;1;1;2;0;1;0;0;1;0;
Perry Jones;G;16:58;3;6;1;3;0;0;1;3;4;0;0;0;0;2;7;
Russell Westbrook;G;30:32;7;23;2;10;4;5;3;4;7;8;3;0;8;4;20;
Hasheem Thabeet;;6:17;2;2;0;0;0;0;0;1;1;0;0;0;0;4;4;
Reggie Jackson;;29:56;6;12;2;3;0;0;3;6;9;1;2;0;0;2;14;
Caron Butler;;23:52;2;6;0;2;0;0;0;2;2;1;1;0;0;1;4;
Derek Fisher;;22:06;3;7;2;4;0;0;0;2;2;3;2;0;1;4;8;
Nick Collison;;11:31;1;2;0;0;0;0;1;2;3;0;0;0;1;2;2;
Jeremy Lamb;;12:46;1;5;1;2;0;0;1;3;4;0;0;0;1;2;3;
LAL
Wesley Johnson;F;36:58;3;8;1;4;4;5;0;3;3;5;1;1;1;4;11;
Ryan Kelly;F;37:00;5;10;2;3;0;0;0;5;5;8;1;2;0;2;12;
Pau Gasol;C;38:36;8;17;0;0;4;4;1;10;11;3;0;1;3;3;20;
Jodie Meeks;G;37:02;11;18;6;11;14;14;0;2;2;0;4;0;3;2;42;
Kendall Marshall;G;26:55;0;3;0;3;0;2;0;5;5;10;0;0;3;1;0;
Jordan Farmar;;20:54;4;9;3;4;1;3;0;0;0;3;1;0;1;2;12;
Xavier Henry;;12:51;1;3;0;1;2;2;0;0;0;0;0;0;2;1;4;
Kent Bazemore;;20:20;5;11;1;5;0;0;0;7;7;2;0;1;1;1;11;
Robert Sacre;;9:24;1;2;0;0;0;0;0;3;3;0;0;1;1;0;2;
