12-04;DEN-CLE;88-98;
24-31;28-25;21-23;15-19;
DEN
Wilson Chandler;F;33:00;5;13;2;7;1;1;2;6;8;1;1;2;0;3;13;
Kenneth Faried;F;18:47;3;6;0;0;1;1;1;3;4;1;0;1;0;2;7;
JJ Hickson;C;25:59;7;13;0;0;1;2;7;4;11;2;0;0;2;1;15;
Randy Foye;G;26:07;4;8;3;6;5;5;0;3;3;3;0;2;0;2;16;
Ty Lawson;G;34:41;1;13;0;3;2;3;0;2;2;11;3;1;3;0;4;
Timofey Mozgov;;16:59;4;6;0;0;0;0;2;1;3;0;0;1;3;4;8;
Darrell Arthur;;25:30;4;11;0;1;0;0;2;6;8;3;1;1;0;3;8;
Nate Robinson;;26:55;7;15;0;2;0;1;0;2;2;2;0;0;0;4;14;
Andre Miller;;17:02;0;2;0;0;0;0;1;0;1;4;0;0;0;2;0;
Jordan Hamilton;;10:25;1;5;1;4;0;0;0;1;1;0;1;0;2;0;3;
Evan Fournier;;4:35;0;0;0;0;0;0;0;0;0;0;0;0;1;1;0;
CLE
Alonzo Gee;F;21:58;2;8;1;2;2;2;0;2;2;0;1;0;0;2;7;
Tristan Thompson;F;34:29;6;13;0;0;5;6;9;12;21;1;0;3;2;0;17;
Andrew Bynum;C;20:10;6;15;0;0;2;2;4;3;7;1;0;1;2;1;14;
CJ Miles;G;15:55;0;4;0;2;0;0;2;1;3;1;1;1;0;2;0;
Kyrie Irving;G;37:09;9;20;2;5;3;3;1;1;2;4;1;0;3;2;23;
Dion Waiters;;26:02;2;8;0;1;1;2;1;3;4;6;0;0;2;0;5;
Jarrett Jack;;32:05;2;7;1;2;1;1;0;2;2;4;1;3;2;2;6;
Anthony Bennett;;10:51;2;5;1;1;0;0;0;0;0;0;0;0;0;0;5;
Anderson Varejao;;27:50;7;9;0;0;4;6;3;10;13;3;2;3;1;0;18;
Earl Clark;;13:31;1;2;0;1;1;2;0;4;4;0;0;2;0;1;3;
