11-22;PHX-CHA;98-91;
27-24;28-20;19-19;24-28;
PHX
PJ Tucker;F;24:48;6;6;3;3;2;3;4;1;5;2;0;0;3;4;17;
Channing Frye;F;27:49;6;10;5;7;3;4;0;3;3;1;2;1;0;4;20;
Miles Plumlee;C;24:20;2;6;0;0;0;2;2;9;11;0;0;3;1;3;4;
Gerald Green;G;35:27;5;15;0;8;4;4;0;1;1;3;1;0;3;3;14;
Goran Dragic;G;32:14;4;9;0;1;6;11;0;5;5;8;1;0;6;5;14;
Markieff Morris;;36:04;4;13;1;2;2;4;1;8;9;2;0;0;1;4;11;
Archie Goodwin;;22:21;3;5;0;1;2;3;0;6;6;0;1;1;2;1;8;
Marcus Morris;;18:32;2;2;1;1;3;7;2;1;3;1;1;0;2;0;8;
Ish Smith;;18:25;1;4;0;0;0;0;0;0;0;4;2;0;3;1;2;
CHA
Michael Kidd-Gilchrist;F;18:21;1;2;0;0;7;8;0;3;3;0;1;0;2;2;9;
Josh McRoberts;F;30:32;4;10;2;6;0;0;3;3;6;5;1;0;0;4;10;
Al Jefferson;C;24:56;3;6;0;0;3;5;2;4;6;3;2;3;3;4;9;
Gerald Henderson;G;34:21;6;12;0;1;5;6;0;4;4;3;1;1;1;4;17;
Kemba Walker;G;37:22;7;18;0;4;2;3;0;5;5;6;1;0;1;3;16;
Jeff Taylor;;17:48;2;4;0;0;0;0;0;0;0;0;0;0;2;5;4;
Jeff Adrien;;15:36;1;3;0;0;3;3;1;2;3;0;1;0;1;1;5;
Cody Zeller;;24:56;2;11;0;0;2;2;4;5;9;0;0;0;3;3;6;
Ramon Sessions;;28:23;6;10;1;2;2;6;1;3;4;0;2;0;3;1;15;
Anthony Tolliver;;7:45;0;1;0;1;0;0;0;1;1;0;0;0;0;1;0;
