11-19;PHX-SAC;104-107;
25-33;37-21;26-28;16-25;
PHX
PJ Tucker;F;30:00;2;6;0;1;0;0;0;5;5;3;1;0;1;3;4;
Channing Frye;F;30:12;7;13;3;6;0;0;4;5;9;1;0;1;1;3;17;
Miles Plumlee;C;30:19;5;9;0;0;0;5;0;6;6;1;1;0;2;2;10;
Gerald Green;G;35:17;6;13;4;8;7;8;0;3;3;4;1;2;2;2;23;
Goran Dragic;G;35:29;3;9;0;1;4;4;0;2;2;8;2;0;7;4;10;
Markieff Morris;;11:02;0;0;0;0;3;4;0;0;0;0;0;0;0;5;3;
Ish Smith;;14:31;1;7;0;4;0;0;0;0;0;3;1;0;2;1;2;
Marcus Morris;;24:01;6;11;2;6;5;5;1;2;3;0;0;0;0;1;19;
Dionte Christmas;;4:37;0;0;0;0;0;0;0;1;1;0;0;0;0;0;0;
Alex Len;;5:19;0;1;0;0;0;0;0;0;0;1;1;0;0;1;0;
Archie Goodwin;;19:14;7;10;1;3;1;2;1;1;2;2;2;0;1;1;16;
SAC
Luc Mbah a Moute;F;26:57;2;4;0;0;0;0;2;5;7;2;2;0;0;2;4;
Jason Thompson;F;25:36;4;8;0;0;0;0;3;3;6;2;0;0;2;3;8;
DeMarcus Cousins;C;35:08;9;18;0;0;9;15;4;8;12;3;4;2;4;3;27;
Ben McLemore;G;33:60;5;13;4;10;5;5;0;5;5;0;0;1;1;3;19;
Greivis Vasquez;G;24:02;5;9;1;2;0;0;0;1;1;6;0;0;2;3;11;
Isaiah Thomas;;23:58;6;12;1;5;6;6;0;0;0;3;2;0;3;4;19;
John Salmons;;6:21;0;0;0;0;0;0;0;1;1;0;0;0;2;1;0;
Patrick Patterson;;24:33;4;8;1;2;1;2;2;3;5;1;0;0;1;3;10;
Jimmer Fredette;;13:30;1;5;1;2;0;0;0;1;1;3;0;0;1;0;3;
Charles Hayes;;2:48;1;1;0;0;0;0;0;0;0;0;0;0;0;0;2;
Travis Outlaw;;18:13;2;5;0;1;0;0;3;6;9;0;0;0;3;1;4;
Hamady Ndiaye;;4:54;0;0;0;0;0;0;1;0;1;1;0;0;1;1;0;
