11-27;IND-CHA;99-74;
22-11;21-27;17-14;39-22;
IND
Paul George;F;26:55;6;15;1;4;2;3;0;5;5;4;3;0;5;4;15;
David West;F;24:51;3;9;0;0;5;8;1;7;8;1;1;0;0;2;11;
Roy Hibbert;C;29:45;4;14;0;0;6;7;6;4;10;2;0;2;2;3;14;
Lance Stephenson;G;36:36;5;10;0;3;5;7;1;9;10;3;2;0;3;2;15;
George Hill;G;28:17;2;10;1;5;2;2;2;5;7;4;1;2;1;3;7;
Orlando Johnson;;8:57;0;1;0;1;0;0;0;0;0;0;0;0;0;1;0;
Luis Scola;;20:42;3;6;0;0;2;2;1;6;7;3;0;0;1;3;8;
CJ Watson;;29:37;6;9;6;7;0;0;0;6;6;1;0;0;1;0;18;
Chris Copeland;;8:44;0;3;0;3;0;0;0;1;1;1;0;0;1;0;0;
Ian Mahinmi;;18:15;0;4;0;0;3;3;1;1;2;0;0;0;1;3;3;
Donald Sloan;;2:27;2;2;1;1;0;0;0;0;0;0;1;0;0;0;5;
Solomon Hill;;2:27;0;0;0;0;0;0;0;0;0;1;0;0;0;1;0;
Rasual Butler;;2:27;1;1;1;1;0;0;0;1;1;0;0;0;0;1;3;
CHA
Michael Kidd-Gilchrist;F;33:32;2;4;0;0;1;1;2;5;7;2;1;1;1;3;5;
Josh McRoberts;F;17:40;2;4;0;1;0;4;1;2;3;2;0;0;1;5;4;
Al Jefferson;C;32:28;7;15;0;0;2;4;3;6;9;2;0;3;3;2;16;
Gerald Henderson;G;31:07;3;15;0;0;4;4;0;4;4;1;0;1;2;3;10;
Kemba Walker;G;35:47;3;17;2;4;7;7;0;5;5;3;2;0;3;0;15;
Jeff Taylor;;19:42;2;7;0;1;0;0;0;3;3;0;0;0;0;5;4;
Jeff Adrien;;4:35;0;1;0;0;0;0;1;0;1;0;0;0;0;3;0;
Cody Zeller;;19:08;2;7;0;0;3;4;2;4;6;2;0;1;3;5;7;
Ramon Sessions;;14:34;2;5;0;0;0;0;0;0;0;0;0;0;1;0;4;
Anthony Tolliver;;15:38;0;4;0;2;0;0;0;1;1;0;0;0;1;1;0;
Bismack Biyombo;;10:57;1;1;0;0;2;4;2;2;4;0;0;0;0;0;4;
Jannero Pargo;;4:52;2;3;1;1;0;0;0;0;0;1;0;0;0;0;5;
