03-03;CHI-BKN;80-96;
18-27;24-23;17-26;21-20;
CHI
Mike Dunleavy;F;32:56;3;9;2;3;0;0;2;5;7;4;0;0;2;2;8;
Carlos Boozer;F;29:50;4;10;0;0;2;4;4;9;13;0;0;0;5;3;10;
Joakim Noah;C;34:39;5;8;0;0;0;0;1;5;6;1;2;0;6;3;10;
Jimmy Butler;G;43:16;4;11;0;3;5;9;1;1;2;2;4;0;5;2;13;
Kirk Hinrich;G;31:48;2;7;1;2;0;0;0;3;3;1;0;0;3;4;5;
Taj Gibson;;21:54;5;6;0;0;2;3;1;4;5;0;0;1;1;4;12;
D.J. Augustin;;26:32;4;9;1;5;7;7;0;3;3;4;0;0;2;2;16;
Tony Snell;;6:31;1;2;0;0;0;0;0;0;0;0;0;0;1;3;2;
Nazr Mohammed;;9:37;1;1;0;0;0;0;0;4;4;0;0;0;0;0;2;
Jimmer Fredette;;2:57;1;2;0;0;0;0;0;0;0;0;0;0;0;0;2;
BKN
Joe Johnson;F;32:54;7;11;3;4;2;2;0;2;2;3;1;0;1;0;19;
Paul Pierce;F;30:57;5;12;3;7;1;1;0;7;7;5;4;1;4;1;14;
Mason Plumlee;C;22:28;3;3;0;0;0;2;1;3;4;0;0;1;0;1;6;
Shaun Livingston;G;24:03;4;7;0;0;6;6;0;0;0;0;5;0;2;5;14;
Deron Williams;G;36:25;6;11;1;4;7;8;0;1;1;6;2;1;0;2;20;
Andray Blatche;;28:29;4;11;0;1;3;3;1;4;5;3;3;0;1;3;11;
Andrei Kirilenko;;24:33;3;3;0;0;1;4;1;2;3;1;0;0;0;1;7;
Mirza Teletovic;;14:06;0;5;0;5;0;0;2;2;4;1;2;0;1;4;0;
Marcus Thornton;;20:27;1;7;0;4;1;2;0;0;0;0;1;0;2;0;3;
Alan Anderson;;2:57;1;2;0;0;0;0;1;0;1;0;0;0;0;0;2;
Jason Collins;;2:41;0;1;0;0;0;0;0;1;1;0;1;0;0;1;0;
