04-04;ORL-CHA;80-91;
19-20;17-33;24-19;20-19;
ORL
Maurice Harkless;F;30:53;1;3;0;1;0;0;0;3;3;1;2;3;1;1;2;
Kyle O'Quinn;F;29:38;5;20;0;0;0;0;2;4;6;1;3;5;2;4;10;
Andrew Nicholson;C;13:11;0;1;0;0;0;0;1;2;3;0;0;0;0;4;0;
Arron Afflalo;G;23:06;2;10;0;2;4;4;1;2;3;0;0;0;1;1;8;
Jameer Nelson;G;21:27;5;11;1;3;0;0;1;1;2;7;0;0;1;1;11;
Tobias Harris;;31:28;5;12;1;2;4;5;2;6;8;1;1;1;2;3;15;
Dewayne Dedmon;;18:22;2;5;0;0;3;5;5;3;8;0;0;0;1;4;7;
Victor Oladipo;;30:22;8;18;1;3;4;4;2;4;6;2;2;0;2;4;21;
E'Twaun Moore;;20:36;3;7;0;0;0;0;0;2;2;2;0;1;2;1;6;
Doron Lamb;;20:57;0;0;0;0;0;0;0;2;2;1;0;0;1;2;0;
CHA
Michael Kidd-Gilchrist;F;16:46;0;3;0;0;0;0;0;2;2;1;1;0;0;0;0;
Cody Zeller;F;24:47;2;4;0;0;4;6;1;3;4;0;0;2;2;2;8;
Al Jefferson;C;36:45;13;24;0;1;3;3;4;12;16;0;0;1;2;1;29;
Gerald Henderson;G;22:51;2;7;0;2;3;3;0;3;3;2;1;2;3;5;7;
Kemba Walker;G;34:49;5;15;1;1;2;2;2;8;10;10;1;0;4;2;13;
Luke Ridnour;;13:11;1;2;0;0;0;0;0;0;0;1;1;0;0;2;2;
Gary Neal;;25:09;4;10;1;4;3;3;0;3;3;2;0;0;2;1;12;
Chris Douglas-Roberts;;31:14;1;5;0;3;3;4;0;3;3;3;1;0;1;1;5;
Anthony Tolliver;;23:13;4;7;4;5;1;2;1;1;2;1;0;0;0;1;13;
Bismack Biyombo;;11:15;1;1;0;0;0;0;1;2;3;0;0;2;0;0;2;
