03-07;BKN-BOS;84-91;
20-26;21-27;29-25;14-13;
BKN
Joe Johnson;F;37:49;9;21;1;7;2;3;3;4;7;2;1;0;1;0;21;
Paul Pierce;F;33:04;4;11;0;4;2;2;0;3;3;1;3;0;3;2;10;
Mason Plumlee;C;24:23;4;5;0;0;2;3;2;3;5;1;1;0;5;4;10;
Shaun Livingston;G;26:54;0;6;0;1;3;4;2;1;3;3;3;0;0;6;3;
Deron Williams;G;36:18;7;15;2;8;4;4;0;0;0;4;1;1;4;4;20;
Andray Blatche;;23:37;3;7;1;1;4;5;1;2;3;0;0;0;0;0;11;
Alan Anderson;;3:32;0;1;0;1;0;0;0;0;0;0;0;0;1;1;0;
Andrei Kirilenko;;17:55;1;3;0;1;1;1;0;2;2;1;1;3;0;0;3;
Mirza Teletovic;;7:12;0;2;0;1;2;2;0;1;1;0;0;1;0;0;2;
Marcus Thornton;;29:16;1;9;0;6;2;2;1;3;4;2;2;0;0;3;4;
BOS
Jeff Green;F;35:03;6;11;0;4;3;4;0;3;3;1;1;0;2;2;15;
Brandon Bass;F;26:43;4;6;0;0;1;1;3;3;6;0;0;0;2;5;9;
Kris Humphries;C;26:15;2;6;0;0;3;4;1;6;7;1;1;2;3;2;7;
Jerryd Bayless;G;38:49;5;12;1;4;3;3;0;6;6;3;2;0;2;1;14;
Rajon Rondo;G;35:04;6;14;3;6;5;8;1;6;7;9;4;0;7;2;20;
Jared Sullinger;;25:53;2;8;1;2;0;0;4;8;12;3;1;1;2;6;5;
Chris Johnson;;7:34;0;1;0;0;2;2;0;1;1;1;0;0;0;1;2;
Kelly Olynyk;;17:09;4;7;1;1;4;4;3;4;7;0;0;0;6;6;13;
Chris Babb;;14:34;2;4;2;4;0;0;0;1;1;0;0;0;0;2;6;
Phil Pressey;;12:56;0;1;0;0;0;0;0;1;1;2;2;0;1;1;0;
