03-29;ATL-WAS;97-101;
27-28;25-22;19-25;26-26;
ATL
Cartier Martin;F;28:45;5;8;2;5;1;2;0;4;4;2;2;1;1;3;13;
Paul Millsap;F;39:37;5;13;2;6;5;8;1;3;4;5;2;0;3;3;17;
Pero Antic;C;25:56;5;10;1;4;2;2;2;10;12;1;0;0;0;4;13;
Shelvin Mack;G;29:36;2;6;1;3;0;0;3;3;6;6;0;0;1;2;5;
Jeff Teague;G;32:32;8;17;2;5;1;1;0;1;1;3;0;0;2;3;19;
Mike Muscala;;22:04;1;6;0;0;0;0;4;4;8;1;0;1;2;3;2;
Lou Williams;;32:07;4;10;0;4;4;5;0;2;2;1;1;0;0;1;12;
Mike Scott;;14:41;2;5;0;2;4;4;0;2;2;0;0;0;1;1;8;
Dennis Schroder;;14:42;2;5;1;2;3;6;0;1;1;1;1;0;2;2;8;
WAS
Trevor Ariza;F;34:03;4;6;1;2;4;4;0;5;5;0;1;0;1;2;13;
Trevor Booker;F;16:26;0;4;0;0;0;0;3;2;5;0;1;1;2;2;0;
Marcin Gortat;C;32:59;6;11;0;0;0;2;3;8;11;2;1;4;3;2;12;
Bradley Beal;G;37:13;5;15;0;1;4;4;1;5;6;5;1;0;1;2;14;
John Wall;G;36:28;10;20;3;4;2;6;2;5;7;6;3;0;2;3;25;
Drew Gooden;;28:55;5;5;1;1;5;7;2;6;8;1;2;0;2;3;16;
Martell Webster;;20:03;3;7;0;3;0;0;0;0;0;0;1;0;1;2;6;
Al Harrington;;14:60;2;7;1;3;0;0;0;1;1;0;0;0;0;3;5;
Andre Miller;;18:45;4;4;0;0;2;2;0;1;1;3;1;0;1;3;10;
Garrett Temple;;0:08;0;0;0;0;0;0;0;0;0;0;0;0;0;0;0;
