12-07;DET-CHI;92-75;
25-24;22-23;24-9;21-19;
DET
Josh Smith;F;34:52;2;11;1;2;2;2;0;10;10;3;1;0;5;2;7;
Greg Monroe;F;36:25;3;10;0;0;2;4;1;11;12;3;2;2;3;2;8;
Andre Drummond;C;30:29;4;11;0;0;0;0;8;6;14;1;0;2;3;4;8;
Kentavious Caldwell-Pope;G;38:15;4;8;1;1;0;0;1;2;3;0;1;0;0;3;9;
Brandon Jennings;G;41:55;12;22;5;8;4;4;0;3;3;5;2;0;3;1;33;
Rodney Stuckey;;9:45;0;3;0;0;2;2;0;0;0;1;0;0;1;0;2;
Kyle Singler;;22:29;4;5;2;3;2;3;1;3;4;0;2;1;1;2;12;
Jonas Jerebko;;6:49;1;3;1;3;0;0;0;0;0;0;0;0;1;2;3;
Peyton Siva;;6:05;0;1;0;0;0;0;0;0;0;0;0;1;1;1;0;
Josh Harrellson;;12:56;4;6;2;2;0;0;2;3;5;2;0;3;0;3;10;
CHI
Taj Gibson;F;42:27;9;20;0;0;3;6;3;7;10;1;0;1;2;1;21;
Carlos Boozer;F;33:09;4;16;0;0;5;5;3;4;7;0;0;0;1;2;13;
Joakim Noah;C;28:38;1;7;0;0;0;0;4;5;9;2;0;4;2;2;2;
Tony Snell;G;42:27;3;12;0;3;2;2;0;3;3;3;2;1;1;0;8;
Kirk Hinrich;G;36:18;1;10;1;7;0;0;0;4;4;4;4;1;5;1;3;
Mike Dunleavy;;33:44;7;15;2;8;0;0;0;6;6;4;1;0;1;2;16;
Marquis Teague;;17:15;4;8;0;0;2;2;0;3;3;3;0;0;0;2;10;
Nazr Mohammed;;6:02;1;2;0;0;0;0;1;1;2;0;1;0;1;1;2;
