03-12;NYK-BOS;116-92;
36-24;32-24;17-27;31-17;
NYK
J.R. Smith;F;28:33;6;11;0;1;1;1;0;3;3;4;2;1;0;3;13;
Carmelo Anthony;F;39:11;11;25;4;7;8;8;0;9;9;2;1;0;0;2;34;
Cole Aldrich;C;25:22;4;5;0;0;4;5;5;5;10;1;0;3;1;3;12;
Iman Shumpert;G;21:04;3;4;1;1;0;0;0;3;3;4;0;0;0;5;7;
Raymond Felton;G;26:40;3;7;0;2;0;0;0;2;2;4;1;0;3;0;6;
Jeremy Tyler;;14:39;1;3;0;0;2;2;3;4;7;0;1;1;1;4;4;
Tim Hardaway Jr.;;38:21;7;11;3;5;5;6;0;3;3;0;1;0;1;0;22;
Pablo Prigioni;;19:26;2;3;2;2;0;0;1;1;2;4;3;0;0;1;6;
Earl Clark;;20:18;2;5;1;1;1;2;1;5;6;1;1;2;1;3;6;
Shannon Brown;;4:32;2;5;0;0;0;0;2;0;2;0;1;0;1;0;4;
Toure Murry;;1:54;1;1;0;0;0;0;0;0;0;0;0;0;0;0;2;
BOS
Jeff Green;F;41:09;10;21;2;5;5;7;0;2;2;0;0;0;1;4;27;
Brandon Bass;F;32:05;3;9;0;0;1;1;3;2;5;1;1;1;1;2;7;
Kris Humphries;C;20:45;6;9;0;0;3;5;5;0;5;2;0;1;0;1;15;
Jerryd Bayless;G;31:39;5;14;4;6;1;1;0;3;3;3;1;0;1;4;15;
Phil Pressey;G;35:13;3;9;1;2;2;4;1;4;5;5;1;0;3;0;9;
Jared Sullinger;;25:19;3;8;0;1;4;5;2;6;8;1;1;0;3;2;10;
Chris Johnson;;29:08;2;5;1;3;0;0;1;3;4;2;0;0;0;3;5;
Kelly Olynyk;;17:51;2;5;0;1;0;0;4;2;6;1;0;0;1;2;4;
Chris Babb;;6:51;0;1;0;1;0;0;0;0;0;0;0;0;1;0;0;
