04-02;MEM-MIN;88-102;
20-20;21-28;20-29;27-25;
MEM
Tayshaun Prince;F;13:42;3;9;0;1;0;0;0;3;3;0;0;0;0;0;6;
Zach Randolph;F;26:54;1;8;0;0;2;2;2;3;5;3;0;1;2;2;4;
Marc Gasol;C;33:18;9;18;0;0;0;0;3;4;7;4;1;0;0;2;18;
Courtney Lee;G;34:17;6;9;2;2;0;0;1;5;6;0;1;0;1;1;14;
Mike Conley;G;33:17;3;15;1;4;0;0;0;0;0;8;1;0;3;5;7;
Mike Miller;;28:23;4;8;1;3;0;0;0;4;4;3;0;0;0;0;9;
Kosta Koufos;;7:46;1;3;0;0;0;0;1;1;2;0;1;0;0;1;2;
Tony Allen;;12:48;0;3;0;0;0;2;1;0;1;1;1;0;2;0;0;
Nick Calathes;;14:44;3;8;0;1;0;0;0;3;3;3;0;0;2;1;6;
Ed Davis;;16:48;5;8;0;0;0;0;3;3;6;0;1;2;1;1;10;
James Johnson;;14:40;3;4;0;0;2;2;0;1;1;2;0;0;0;2;8;
Jon Leuer;;3:24;2;2;0;0;0;0;0;0;0;0;0;0;0;0;4;
MIN
Corey Brewer;F;33:47;2;7;0;2;2;2;1;1;2;2;1;1;1;1;6;
Kevin Love;F;36:07;9;15;2;5;4;5;4;12;16;10;1;1;2;2;24;
Gorgui Dieng;C;25:32;4;6;0;0;0;0;2;7;9;0;1;1;5;2;8;
Kevin Martin;G;33:44;10;18;1;3;0;0;0;2;2;2;1;0;2;2;21;
Ricky Rubio;G;33:26;5;11;1;2;3;4;1;2;3;7;3;0;2;3;14;
Ronny Turiaf;;21:41;5;5;0;0;1;3;3;4;7;2;0;3;1;2;11;
Chase Budinger;;15:03;1;5;1;3;0;0;0;1;1;0;0;0;0;0;3;
Dante Cunningham;;10:20;2;3;0;0;1;2;0;3;3;1;0;0;0;0;5;
Jose Juan Barea;;14:34;1;6;0;1;0;0;1;0;1;7;1;0;1;1;2;
Shabazz Muhammad;;14:13;4;5;0;0;0;0;0;2;2;0;0;0;0;0;8;
Robbie Hummel;;1:33;0;0;0;0;0;0;0;0;0;0;0;0;0;0;0;
