01-25;WAS-UTA;101-104;
29-21;24-30;24-26;24-27;
WAS
Trevor Ariza;F;35:02;8;14;6;10;1;2;0;5;5;1;0;0;1;3;23;
Nene;F;33:05;9;16;0;0;1;2;3;3;6;2;0;1;1;3;19;
Marcin Gortat;C;34:41;6;12;0;0;2;2;5;6;11;0;1;2;0;3;14;
Bradley Beal;G;30:45;5;16;0;3;4;4;0;5;5;8;3;0;1;3;14;
John Wall;G;34:24;4;14;1;3;4;4;0;6;6;4;1;0;4;2;13;
Martell Webster;;27:22;2;5;0;3;0;0;1;3;4;2;0;0;0;1;4;
Trevor Booker;;14:54;1;4;0;0;0;0;3;1;4;1;0;0;0;0;2;
Garrett Temple;;13:37;1;4;0;1;4;4;0;2;2;0;1;0;1;0;6;
Kevin Seraphin;;12:58;3;5;0;0;0;0;2;1;3;1;0;0;1;3;6;
Otto Porter;;3:13;0;1;0;0;0;0;0;1;1;0;0;0;0;0;0;
UTA
Richard Jefferson;F;16:60;2;7;1;3;0;0;0;3;3;0;1;0;2;1;5;
Marvin Williams;F;17:12;2;7;2;5;2;2;2;2;4;0;0;0;0;2;8;
Derrick Favors;C;34:12;3;8;0;0;5;7;5;9;14;0;0;1;3;2;11;
Gordon Hayward;G;38:23;5;14;2;3;4;4;0;6;6;4;2;0;3;1;16;
Trey Burke;G;38:20;4;12;4;5;0;0;0;3;3;8;0;0;2;1;12;
Alec Burks;;31:22;6;9;0;2;3;5;0;3;3;2;0;0;0;1;15;
Enes Kanter;;30:27;11;13;0;0;2;2;1;4;5;2;0;0;1;3;24;
Brandon Rush;;6:42;2;5;1;4;0;0;0;0;0;0;0;0;0;1;5;
Diante Garrett;;12:35;2;4;0;2;0;0;0;3;3;1;1;0;0;2;4;
Jeremy Evans;;13:48;1;2;0;0;2;2;0;0;0;0;1;0;0;0;4;
