12-11;UTA-SAC;122-101;
26-23;32-23;38-26;26-29;
UTA
Richard Jefferson;F;21:13;7;9;3;4;3;4;0;1;1;3;1;0;0;0;20;
Marvin Williams;F;27:34;3;8;2;5;0;0;1;3;4;5;2;0;0;2;8;
Derrick Favors;C;24:37;6;9;0;0;5;5;4;3;7;0;0;3;2;5;17;
Gordon Hayward;G;30:17;7;15;1;1;2;2;1;3;4;4;0;0;0;1;17;
Trey Burke;G;21:27;4;8;1;4;2;2;0;2;2;9;1;0;0;5;11;
Alec Burks;;25:00;7;11;3;4;0;1;1;2;3;2;0;1;1;3;17;
Enes Kanter;;17:15;4;7;0;0;0;0;1;2;3;1;1;0;2;5;8;
Diante Garrett;;22:16;3;5;0;1;0;0;1;2;3;4;2;0;0;3;6;
Jeremy Evans;;20:26;4;8;0;0;1;1;1;5;6;3;0;1;0;1;9;
Brandon Rush;;19:30;3;4;3;4;0;0;0;2;2;2;0;2;0;0;9;
Rudy Gobert;;6:08;0;2;0;0;0;0;2;2;4;0;0;1;1;0;0;
John Lucas III;;4:17;0;3;0;0;0;0;0;0;0;2;0;0;0;2;0;
SAC
Derrick Williams;F;32:13;6;11;0;2;1;2;1;6;7;1;0;1;2;1;13;
Jason Thompson;F;34:19;3;8;0;0;5;5;2;4;6;1;0;0;0;3;11;
DeMarcus Cousins;C;23:06;7;14;0;0;7;11;6;5;11;2;0;0;3;3;21;
Ben McLemore;G;33:29;1;8;1;2;1;2;0;2;2;0;0;0;1;2;4;
Isaiah Thomas;G;36:22;7;13;1;3;5;5;0;3;3;7;1;0;5;5;20;
Travis Outlaw;;23:04;2;6;0;2;2;2;1;1;2;1;0;0;0;2;6;
Marcus Thornton;;34:05;4;11;1;3;2;2;2;2;4;0;1;1;0;3;11;
Hamady Ndiaye;;9:14;1;1;0;0;0;0;0;2;2;0;0;2;0;1;2;
Jimmer Fredette;;11:38;4;6;1;1;4;4;1;1;2;1;0;0;1;0;13;
Ray McCallum;;2:30;0;0;0;0;0;0;0;1;1;0;0;0;0;0;0;
