03-16;PHX-TOR;121-113;
37-35;24-24;35-31;25-23;
PHX
PJ Tucker;F;32:40;3;4;1;1;4;5;2;5;7;1;4;0;1;2;11;
Channing Frye;F;28:49;3;7;1;4;2;2;1;3;4;3;0;3;1;3;9;
Miles Plumlee;C;16:15;3;6;0;0;3;4;2;2;4;1;0;1;2;5;9;
Goran Dragic;G;33:01;6;11;2;4;5;6;1;0;1;4;0;0;3;3;19;
Eric Bledsoe;G;29:07;2;5;0;0;10;10;0;4;4;3;0;0;4;0;14;
Markieff Morris;;35:23;6;12;0;2;4;4;4;10;14;2;1;0;4;1;16;
Gerald Green;;26:43;9;18;5;8;5;6;0;5;5;2;0;0;3;4;28;
Alex Len;;7:54;0;1;0;0;0;0;0;2;2;0;0;0;1;2;0;
Marcus Morris;;22:26;4;8;2;4;0;0;1;2;3;0;0;0;2;2;10;
Ish Smith;;7:42;2;3;0;0;1;1;1;0;1;1;0;0;0;1;5;
TOR
Terrence Ross;F;31:48;7;13;4;8;4;4;0;1;1;2;1;0;1;4;22;
Amir Johnson;F;33:01;9;12;0;0;2;4;0;2;2;2;0;1;2;5;20;
Jonas Valanciunas;C;32:08;7;11;0;0;1;1;0;5;5;1;2;1;1;4;15;
DeMar DeRozan;G;39:04;6;16;0;1;5;5;1;3;4;7;4;0;3;3;17;
Kyle Lowry;G;40:23;9;19;2;8;8;9;1;4;5;13;2;1;3;5;28;
Tyler Hansbrough;;8:34;1;1;0;0;0;0;0;0;0;0;1;0;1;1;2;
John Salmons;;18:19;1;5;0;1;0;0;1;3;4;0;1;0;0;0;2;
Greivis Vasquez;;19:22;0;5;0;3;2;2;0;3;3;2;0;0;0;2;2;
Steve Novak;;13:05;1;2;1;2;0;0;1;1;2;0;1;0;0;1;3;
Charles Hayes;;4:16;1;1;0;0;0;0;0;0;0;0;0;0;0;2;2;
