04-16;ATL-MIL;111-103;
29-39;29-24;24-20;29-20;
ATL
DeMarre Carroll;F;22:25;6;9;1;2;0;0;0;1;1;4;3;0;1;1;13;
Mike Scott;F;32:06;8;13;1;3;0;0;2;2;4;4;1;0;2;2;17;
Pero Antic;C;19:27;2;8;1;4;3;3;0;4;4;2;2;0;0;4;8;
Kyle Korver;G;22:25;3;4;0;0;1;2;0;2;2;4;1;0;1;0;7;
Jeff Teague;G;19:35;4;8;2;5;1;2;0;0;0;2;1;0;2;1;11;
Elton Brand;;19:22;1;2;0;0;0;0;0;1;1;1;0;0;1;5;2;
Shelvin Mack;;22:09;4;7;1;3;2;2;1;2;3;2;2;0;1;1;11;
Lou Williams;;18:58;1;6;0;3;7;7;0;4;4;3;0;0;0;0;9;
Cartier Martin;;24:12;5;7;2;3;2;5;1;5;6;1;3;0;1;1;14;
Mike Muscala;;25:05;6;8;0;0;3;3;0;4;4;3;0;2;2;2;15;
Dennis Schroder;;14:16;1;4;0;1;2;2;0;1;1;3;0;0;1;1;4;
MIL
Khris Middleton;F;37:04;6;17;2;6;2;2;1;6;7;1;0;0;3;5;16;
Jeff Adrien;F;34:00;3;5;0;0;2;4;2;5;7;4;1;0;3;1;8;
Zaza Pachulia;C;21:13;2;5;0;0;3;4;2;4;6;4;0;0;3;3;7;
Ramon Sessions;G;30:02;2;6;0;3;2;2;0;1;1;6;1;1;3;1;6;
Brandon Knight;G;39:43;12;18;3;6;4;4;2;5;7;4;0;0;3;5;31;
John Henson;;34:11;8;13;0;0;3;5;1;4;5;3;3;2;4;1;19;
Giannis Antetokounmpo;;26:15;4;6;2;3;0;0;1;4;5;3;0;1;1;5;10;
Chris Wright;;17:32;3;7;0;0;0;0;2;3;5;0;0;1;0;0;6;
