12-03;TOR-GSW;103-112;
36-19;29-29;23-22;15-42;
TOR
Rudy Gay;F;34:09;6;12;1;3;5;6;1;3;4;0;2;0;5;3;18;
Tyler Hansbrough;F;29:06;1;4;0;0;0;1;2;7;9;3;1;0;1;3;2;
Jonas Valanciunas;C;26:47;4;7;0;0;0;0;0;6;6;0;0;1;3;3;8;
DeMar DeRozan;G;42:41;10;18;2;4;4;5;0;0;0;3;0;0;3;2;26;
Kyle Lowry;G;37:52;7;13;2;7;4;4;0;4;4;9;2;0;3;5;20;
Amir Johnson;;33:07;7;10;0;1;2;2;5;5;10;1;1;1;2;3;16;
Terrence Ross;;10:14;2;5;0;0;0;0;1;1;2;0;0;0;1;1;4;
Julyan Stone;;10:08;0;1;0;1;0;0;0;0;0;1;0;0;0;3;0;
Steve Novak;;11:29;3;6;3;4;0;0;0;1;1;0;0;0;0;1;9;
Landry Fields;;4:27;0;1;0;0;0;0;0;2;2;0;0;0;0;1;0;
GSW
Harrison Barnes;F;31:23;7;12;2;5;3;6;0;3;3;2;2;0;1;2;19;
David Lee;F;36:29;6;10;0;0;6;6;2;6;8;4;0;0;2;1;18;
Andrew Bogut;C;25:26;5;7;0;0;0;0;2;3;5;1;0;0;2;1;10;
Klay Thompson;G;41:08;8;20;6;12;0;0;1;2;3;7;1;0;2;4;22;
Stephen Curry;G;43:26;8;15;3;7;8;10;0;3;3;10;5;1;3;1;27;
Jermaine O'Neal;;22:44;4;7;0;0;3;3;4;4;8;1;0;1;1;1;11;
Draymond Green;;26:40;1;5;1;4;0;0;0;5;5;2;3;0;0;5;3;
Marreese Speights;;5:39;1;2;0;0;0;0;0;1;1;0;0;0;0;0;2;
Nemanja Nedovic;;4:51;0;0;0;0;0;0;0;0;0;0;0;0;1;0;0;
Kent Bazemore;;1:57;0;1;0;1;0;0;0;0;0;0;0;0;0;1;0;
Dewayne Dedmon;;0:17;0;0;0;0;0;0;0;0;0;0;0;0;0;0;0;
