11-29;LAC-SAC;104-98;
23-24;27-21;23-27;21-22;10-4;
LAC
Jared Dudley;F;37:16;2;5;1;3;0;2;1;2;3;1;1;0;1;4;5;
Blake Griffin;F;38:57;7;15;0;0;7;10;2;10;12;1;0;0;4;4;21;
DeAndre Jordan;C;40:14;5;9;0;0;0;5;6;9;15;2;0;9;1;1;10;
JJ Redick;G;16:59;4;9;1;4;4;4;0;1;1;2;1;0;1;2;13;
Darren Collison;G;40:07;5;12;1;2;4;4;0;1;1;2;1;0;1;1;15;
Jamal Crawford;;37:29;12;22;3;7;4;4;2;5;7;11;0;0;2;1;31;
Antawn Jamison;;16:37;1;5;0;0;3;4;1;4;5;1;1;0;2;1;5;
Ryan Hollins;;10:11;1;1;0;0;1;2;0;0;0;0;0;0;0;2;3;
Reggie Bullock;;12:03;0;4;0;3;1;2;1;0;1;0;0;0;0;0;1;
Willie Green;;15:07;0;1;0;1;0;0;0;1;1;0;0;0;0;0;0;
SAC
Derrick Williams;F;32:21;6;13;0;2;0;1;0;6;6;4;0;0;1;3;12;
Jason Thompson;F;23:11;3;7;0;0;0;0;2;2;4;0;0;1;1;4;6;
DeMarcus Cousins;C;41:21;11;19;0;0;3;3;1;8;9;6;0;3;3;5;25;
Ben McLemore;G;34:43;5;12;1;6;3;3;2;2;4;3;2;0;2;3;14;
Greivis Vasquez;G;35:58;4;12;2;6;1;1;1;2;3;7;0;0;0;2;11;
Marcus Thornton;;17:26;2;4;0;2;0;0;1;2;3;0;0;0;1;5;4;
John Salmons;;21:10;6;11;2;3;0;0;1;2;3;2;1;1;0;2;14;
Isaiah Thomas;;17:25;2;5;1;3;0;0;0;2;2;1;0;0;4;2;5;
Patrick Patterson;;26:59;3;5;0;0;1;2;3;6;9;0;0;0;1;4;7;
Hamady Ndiaye;;4:56;0;1;0;0;0;0;1;0;1;0;0;0;2;3;0;
Travis Outlaw;;9:31;0;2;0;1;0;0;0;0;0;1;1;0;0;0;0;
