03-07;MIL-NOP;104-112;
25-22;24-29;28-27;27-34;
MIL
Khris Middleton;F;37:52;10;17;3;8;2;2;2;1;3;4;0;1;2;4;25;
John Henson;F;22:40;6;9;0;0;0;0;1;5;6;2;0;2;3;4;12;
Zaza Pachulia;C;30:14;3;8;0;0;0;1;3;4;7;4;0;0;1;2;6;
Nate Wolters;G;19:06;4;9;0;2;0;0;1;3;4;2;0;0;0;2;8;
Brandon Knight;G;41:19;5;17;2;7;3;4;1;2;3;5;1;0;1;1;15;
Jeff Adrien;;29:48;5;8;0;0;10;11;4;6;10;2;1;3;0;3;20;
Giannis Antetokounmpo;;20:25;1;5;0;3;0;0;0;4;4;3;0;0;1;1;2;
O.J. Mayo;;2:55;0;1;0;0;0;0;0;1;1;0;0;0;0;2;0;
Miroslav Raduljica;;7:53;0;5;0;0;0;0;3;0;3;0;0;0;0;0;0;
Ramon Sessions;;27:48;6;10;0;0;4;7;1;3;4;2;1;0;1;3;16;
NOP
Tyreke Evans;F;30:11;7;13;1;1;10;10;1;3;4;7;1;1;2;3;25;
Anthony Davis;F;39:44;12;22;0;1;5;6;4;10;14;5;1;2;1;2;29;
Alexis Ajinca;C;12:33;0;1;0;0;0;0;0;2;2;0;0;1;1;4;0;
Eric Gordon;G;29:16;5;10;2;7;0;0;0;0;0;5;0;0;1;3;12;
Brian Roberts;G;27:03;4;9;2;3;4;4;0;1;1;1;0;1;0;1;14;
Greg Stiemsma;;29:05;1;1;0;0;1;2;2;3;5;3;0;3;0;4;3;
Austin Rivers;;21:48;2;6;0;1;0;0;0;1;1;3;0;0;2;2;4;
Anthony Morrow;;15:59;7;12;2;4;0;1;1;1;2;4;1;0;0;3;16;
Al-Farouq Aminu;;17:09;3;7;1;3;0;0;1;4;5;2;1;1;2;2;7;
Jeff Withey;;14:29;1;3;0;0;0;0;2;6;8;1;0;0;0;1;2;
Darius Miller;;2:42;0;0;0;0;0;0;0;0;0;0;0;0;0;1;0;
