03-31;TOR-MIA;83-93;
23-24;28-30;14-20;18-19;
TOR
Terrence Ross;F;24:03;1;6;0;4;0;0;0;6;6;0;0;0;0;1;2;
Amir Johnson;F;23:50;2;3;0;0;0;2;1;5;6;1;0;0;1;4;4;
Jonas Valanciunas;C;32:29;7;9;0;0;0;0;2;8;10;0;1;0;2;4;14;
DeMar DeRozan;G;39:17;8;14;0;2;0;1;0;2;2;7;2;0;2;3;16;
Kyle Lowry;G;25:53;4;11;1;5;2;3;1;0;1;4;0;0;5;2;11;
Patrick Patterson;;8:08;1;4;0;1;0;0;1;0;1;0;0;0;0;3;2;
Steve Novak;;25:44;4;6;4;6;1;1;0;2;2;0;2;0;0;3;13;
John Salmons;;18:49;1;3;0;1;0;0;0;0;0;3;1;0;0;2;2;
Greivis Vasquez;;23:08;6;11;3;5;2;3;0;0;0;1;0;0;4;3;17;
Charles Hayes;;5:49;0;0;0;0;0;0;0;1;1;0;0;0;0;0;0;
Nando De Colo;;10:33;1;3;0;2;0;0;0;1;1;1;1;1;0;0;2;
Landry Fields;;2:17;0;0;0;0;0;0;0;0;0;0;0;0;0;0;0;
MIA
LeBron James;F;38:53;11;20;1;6;9;11;0;7;7;8;1;0;6;2;32;
Udonis Haslem;F;16:37;1;3;0;0;0;0;1;4;5;1;1;0;0;0;2;
Chris Bosh;C;34:17;8;16;0;4;2;3;1;3;4;2;1;0;1;0;18;
Toney Douglas;G;24:08;2;4;1;3;0;0;0;3;3;0;0;0;1;4;5;
Mario Chalmers;G;36:30;4;8;3;5;1;1;0;3;3;4;0;0;0;1;12;
Rashard Lewis;;19:30;1;4;0;2;0;0;1;2;3;2;1;0;1;2;2;
Norris Cole;;20:11;0;1;0;1;1;2;0;0;0;2;1;0;3;1;1;
James Jones;;24:42;2;5;2;4;2;2;0;4;4;0;0;0;2;1;8;
Chris Andersen;;25:12;5;5;0;0;3;3;3;4;7;0;0;2;1;3;13;
