04-16;GSW-DEN;116-112;
36-27;30-25;22-28;28-32;
GSW
Harrison Barnes;F;48:00;11;21;3;5;5;12;1;4;5;3;1;0;3;2;30;
Marreese Speights;F;30:52;5;15;0;0;1;2;3;3;6;3;1;1;3;6;11;
Hilton Armstrong;C;31:35;3;6;0;0;4;7;2;8;10;2;0;2;2;6;10;
Klay Thompson;G;7:36;3;5;2;4;0;0;0;1;1;1;0;0;0;0;8;
Steve Blake;G;47:11;3;10;1;4;1;2;0;7;7;15;7;0;3;0;8;
Ognjen Kuzmic;;30:43;2;2;0;0;2;4;2;5;7;0;2;0;0;5;6;
Jordan Crawford;;41:14;16;28;2;8;7;8;1;4;5;3;1;1;3;3;41;
Draymond Green;;2:49;1;3;0;2;0;0;2;2;4;0;0;0;0;1;2;
DEN
Quincy Miller;F;22:45;2;6;0;3;2;2;1;6;7;1;0;1;1;5;6;
Kenneth Faried;F;37:32;7;17;0;0;1;4;5;8;13;0;0;0;5;3;15;
Timofey Mozgov;C;25:17;2;3;0;1;6;6;2;3;5;1;0;2;3;3;10;
Randy Foye;G;42:35;10;21;3;10;9;12;0;2;2;11;0;1;5;1;32;
Aaron Brooks;G;25:29;3;10;2;5;0;0;0;1;1;6;0;0;0;4;8;
Wilson Chandler;;30:42;2;5;0;2;2;2;1;3;4;2;2;0;2;3;6;
Jan Vesely;;13:38;2;2;0;0;0;0;0;3;3;0;1;0;3;3;4;
Evan Fournier;;22:34;3;11;1;7;5;5;0;2;2;1;0;0;0;2;12;
Anthony Randolph;;19:28;6;9;3;6;4;4;0;5;5;1;1;0;0;4;19;
