01-07;BOS-DEN;98-129;
23-31;22-37;33-35;20-26;
BOS
Jeff Green;F;35:29;7;19;2;7;1;2;0;4;4;1;2;1;2;1;17;
Brandon Bass;F;25:45;3;10;0;0;9;11;1;6;7;1;1;1;1;4;15;
Jared Sullinger;C;14:23;4;8;0;0;0;0;3;4;7;0;0;0;2;3;8;
Jordan Crawford;G;21:24;3;9;0;1;4;4;0;2;2;5;0;0;1;1;10;
Avery Bradley;G;30:38;5;12;0;1;2;2;0;2;2;1;0;0;2;5;12;
Kelly Olynyk;;21:18;2;5;0;1;2;2;1;1;2;4;1;0;4;6;6;
Gerald Wallace;;24:03;2;4;0;0;0;4;1;3;4;2;1;0;0;0;4;
Vitor Faverani;;15:35;4;8;0;1;2;2;4;1;5;1;0;0;2;6;10;
Jerryd Bayless;;25:26;3;11;0;3;0;0;0;0;0;3;3;0;0;1;6;
Keith Bogans;;12:57;2;3;2;3;3;3;0;1;1;1;0;0;0;0;9;
Phil Pressey;;13:02;0;2;0;1;1;2;0;1;1;3;0;0;0;1;1;
DEN
Wilson Chandler;F;23:24;4;14;1;5;2;3;4;3;7;2;0;4;1;3;11;
Kenneth Faried;F;32:15;6;8;0;0;9;12;3;10;13;1;0;1;2;3;21;
JJ Hickson;C;27:36;6;8;0;0;5;7;1;7;8;1;2;1;5;3;17;
Randy Foye;G;38:45;8;17;7;12;0;0;1;4;5;5;1;0;1;3;23;
Ty Lawson;G;33:23;5;10;1;4;8;9;2;2;4;13;1;0;4;1;19;
Timofey Mozgov;;17:46;3;4;0;0;3;4;2;4;6;0;0;2;1;5;9;
Darrell Arthur;;17:32;2;6;1;3;1;2;0;6;6;0;0;2;1;3;6;
Evan Fournier;;18:47;2;4;2;4;0;0;0;4;4;2;0;0;3;4;6;
Nate Robinson;;22:42;4;7;1;1;1;1;0;0;0;5;1;0;3;2;10;
Quincy Miller;;2:38;2;3;1;1;0;0;1;0;1;0;0;0;0;1;5;
Jordan Hamilton;;2:38;0;1;0;1;0;0;0;1;1;1;0;0;0;0;0;
Anthony Randolph;;2:34;1;1;0;0;0;0;0;1;1;0;0;0;0;0;2;
