01-10;HOU-ATL;80-83;
18-10;23-29;19-26;20-18;
HOU
Ronnie Brewer;F;25:04;0;2;0;0;0;0;0;2;2;1;0;0;1;0;0;
Terrence Jones;F;26:34;3;10;0;1;0;0;3;5;8;2;1;0;0;0;6;
Dwight Howard;C;37:16;7;11;0;0;1;2;4;7;11;1;1;2;1;4;15;
James Harden;G;38:06;6;14;2;3;11;14;0;7;7;7;0;0;5;1;25;
Jeremy Lin;G;38:55;3;8;1;4;4;4;0;4;4;1;0;0;4;3;11;
Aaron Brooks;;27:07;5;9;3;5;0;2;1;2;3;1;0;0;2;5;13;
Greg Smith;;10:27;2;2;0;0;0;0;1;2;3;0;0;0;0;0;4;
Francisco Garcia;;23:21;1;7;0;4;0;0;0;1;1;1;1;0;1;3;2;
Omri Casspi;;6:10;0;2;0;1;0;0;0;0;0;0;0;0;0;0;0;
Donatas Motiejunas;;7:00;2;5;0;1;0;0;1;4;5;1;0;0;2;2;4;
ATL
DeMarre Carroll;F;33:56;1;9;1;6;2;2;1;4;5;2;1;0;0;3;5;
Paul Millsap;F;32:00;8;18;2;6;2;3;4;3;7;5;1;1;3;3;20;
Pero Antic;C;21:49;2;8;0;3;0;0;1;2;3;0;0;0;3;4;4;
Kyle Korver;G;37:28;6;11;4;7;4;4;2;3;5;2;3;1;3;1;20;
Jeff Teague;G;32:48;2;12;1;6;2;2;1;2;3;4;2;0;1;2;7;
Mike Scott;;18:27;7;10;0;1;0;0;0;2;2;3;2;0;0;0;14;
Lou Williams;;24:35;3;7;0;1;0;0;0;3;3;8;0;0;0;0;6;
Elton Brand;;23:38;0;4;0;0;0;0;4;7;11;0;0;3;2;3;0;
Shelvin Mack;;15:18;3;7;1;2;0;0;0;1;1;1;0;0;0;1;7;
