01-25;ATL-MIL;112-87;
31-25;29-20;36-19;16-23;
ATL
DeMarre Carroll;F;24:13;4;5;3;3;1;2;0;6;6;4;0;0;1;3;12;
Paul Millsap;F;28:54;8;14;0;2;4;6;2;6;8;4;2;0;1;1;20;
Gustavo Ayon;C;28:15;4;5;0;0;0;2;0;4;4;2;2;0;3;5;8;
Kyle Korver;G;25:55;3;7;3;4;3;3;0;3;3;2;1;0;0;1;12;
Shelvin Mack;G;23:50;3;7;1;2;2;2;0;1;1;4;2;0;2;1;9;
Lou Williams;;24:14;6;9;3;5;3;4;0;0;0;5;0;0;1;0;18;
Elton Brand;;19:45;5;8;0;0;0;0;1;4;5;2;1;2;0;4;10;
Mike Scott;;26:43;4;10;2;5;4;4;0;4;4;0;0;0;2;1;14;
Dennis Schroder;;17:38;1;6;0;1;2;2;0;1;1;2;1;0;2;1;4;
James Nunnally;;12:00;1;3;1;3;0;0;1;2;3;0;1;0;0;0;3;
Jared Cunningham;;8:33;1;2;0;1;0;0;0;0;0;1;0;0;1;2;2;
MIL
Ersan Ilyasova;F;20:42;5;15;0;3;1;1;6;7;13;1;1;0;1;2;11;
Giannis Antetokounmpo;F;25:21;2;6;0;2;1;2;0;2;2;2;1;1;4;5;5;
Larry Sanders;C;20:41;0;5;0;0;1;2;1;3;4;0;0;0;2;2;1;
Luke Ridnour;G;14:58;1;3;0;2;0;0;0;0;0;3;0;0;2;3;2;
Brandon Knight;G;35:54;11;15;5;7;0;0;0;4;4;5;1;1;4;4;27;
Khris Middleton;;31:25;5;9;0;3;1;2;1;0;1;1;1;0;2;4;11;
O.J. Mayo;;20:52;1;5;0;3;0;0;0;1;1;3;0;0;1;1;2;
John Henson;;27:46;5;8;0;0;0;2;3;7;10;1;0;2;1;2;10;
Caron Butler;;15:03;5;9;0;1;0;0;0;2;2;1;1;0;2;1;10;
Miroslav Raduljica;;10:57;0;2;0;0;0;0;1;0;1;1;0;0;0;1;0;
Nate Wolters;;16:21;3;5;0;0;2;4;1;0;1;5;1;1;0;1;8;
