03-20;MIN-HOU;106-129;
33-27;21-37;28-34;24-31;
MIN
Corey Brewer;F;17:24;0;3;0;2;0;0;0;0;0;0;1;0;1;1;0;
Kevin Love;F;29:32;10;19;5;9;4;4;1;5;6;5;1;2;1;2;29;
Gorgui Dieng;C;38:21;6;16;0;0;10;11;8;13;21;4;1;0;0;3;22;
Kevin Martin;G;19:54;2;5;1;3;1;2;0;1;1;1;1;0;2;2;6;
Ricky Rubio;G;25:24;2;6;1;2;0;0;0;2;2;8;0;0;2;1;5;
Jose Juan Barea;;14:58;1;5;0;2;2;2;1;0;1;3;0;0;4;0;4;
Luc Mbah a Moute;;24:35;5;7;1;1;0;2;2;1;3;1;1;1;1;0;11;
Chase Budinger;;26:59;5;14;1;5;0;0;1;1;2;2;1;0;0;3;11;
Dante Cunningham;;18:28;2;4;0;0;0;0;0;2;2;3;0;0;0;2;4;
Robbie Hummel;;9:39;1;2;1;1;0;0;0;1;1;0;0;0;0;2;3;
Alexey Shved;;8:45;3;4;2;3;0;0;0;0;0;1;0;0;3;0;8;
Shabazz Muhammad;;6:01;1;2;0;0;1;2;1;0;1;0;0;0;0;0;3;
HOU
Chandler Parsons;F;33:49;8;15;2;5;1;1;0;9;9;5;2;0;2;1;19;
Terrence Jones;F;23:20;4;9;0;4;2;2;3;4;7;4;0;3;0;3;10;
Omer Asik;C;27:29;4;4;0;0;4;5;1;4;5;3;0;4;2;4;12;
James Harden;G;36:20;9;16;6;10;4;4;1;4;5;8;1;0;7;1;28;
Patrick Beverley;G;25:13;5;10;4;7;0;0;0;2;2;3;2;0;1;3;14;
Jeremy Lin;;29:54;4;7;1;3;2;2;0;3;3;10;1;0;1;3;11;
Donatas Motiejunas;;25:47;9;11;1;2;1;1;3;3;6;0;1;0;1;1;20;
Jordan Hamilton;;15:33;1;4;0;2;1;2;0;1;1;1;2;0;0;2;3;
Omri Casspi;;19:24;3;6;1;3;0;2;1;5;6;2;2;0;1;1;7;
Isaiah Canaan;;3:11;2;3;1;2;0;0;0;0;0;0;0;0;0;1;5;
