01-09;OKC-DEN;88-101;
26-27;25-33;15-29;22-12;
OKC
Kevin Durant;F;27:57;7;18;1;7;15;16;0;3;3;4;2;0;2;1;30;
Serge Ibaka;F;24:09;3;11;0;0;2;2;3;7;10;0;0;3;0;2;8;
Kendrick Perkins;C;21:14;3;5;0;0;0;1;1;0;1;0;0;0;1;2;6;
Thabo Sefolosha;G;22:35;2;4;0;1;0;0;1;6;7;0;2;0;0;1;4;
Reggie Jackson;G;25:39;5;12;1;2;2;2;1;3;4;5;2;0;4;3;13;
Nick Collison;;13:25;0;1;0;0;0;0;0;1;1;0;0;0;2;1;0;
Derek Fisher;;24:13;4;11;4;8;0;0;0;6;6;0;0;0;0;2;12;
Perry Jones;;23:14;2;7;0;1;0;0;0;2;2;0;1;3;1;1;4;
Steven Adams;;18:42;1;1;0;0;1;2;0;5;5;1;0;0;1;2;3;
Jeremy Lamb;;25:48;1;12;0;4;1;2;0;1;1;1;0;3;1;2;3;
Andre Roberson;;13:04;2;3;0;1;1;2;2;4;6;0;1;1;0;3;5;
DEN
Quincy Miller;F;20:17;3;6;1;3;2;2;1;1;2;0;0;0;2;4;9;
Kenneth Faried;F;31:37;4;9;0;0;1;4;2;12;14;0;1;1;2;3;9;
JJ Hickson;C;25:07;1;9;0;0;2;2;4;8;12;3;1;1;1;2;4;
Randy Foye;G;37:42;7;11;6;9;4;4;0;4;4;1;1;0;1;2;24;
Ty Lawson;G;40:07;6;15;2;4;2;2;1;6;7;14;3;0;1;1;16;
Darrell Arthur;;16:23;2;8;0;0;0;0;2;2;4;2;0;0;1;4;4;
Evan Fournier;;17:46;7;13;4;7;1;1;1;3;4;1;1;0;1;5;19;
Timofey Mozgov;;22:25;3;3;0;0;1;2;0;4;4;1;0;2;2;3;7;
Nate Robinson;;23:08;3;13;0;6;0;1;1;0;1;2;0;0;0;2;6;
Anthony Randolph;;2:44;0;1;0;0;0;0;0;1;1;0;0;0;1;0;0;
Jordan Hamilton;;2:44;1;2;1;2;0;0;0;0;0;0;0;0;0;0;3;
