12-15;MIN-MEM;101-93;
28-17;28-29;21-27;24-20;
MIN
Corey Brewer;F;37:02;4;8;1;4;0;2;2;10;12;2;3;0;1;1;9;
Kevin Love;F;37:44;11;21;4;8;4;4;2;7;9;4;0;3;3;1;30;
Nikola Pekovic;C;27:41;6;12;0;0;7;8;2;3;5;1;0;1;0;5;19;
Kevin Martin;G;19:20;0;3;0;2;0;0;0;1;1;2;0;0;0;0;0;
Ricky Rubio;G;33:58;3;9;2;3;4;5;0;2;2;4;2;0;3;3;12;
Dante Cunningham;;24:50;2;7;0;0;0;2;3;5;8;2;0;1;0;2;4;
Alexey Shved;;12:47;2;4;1;2;1;1;0;1;1;0;0;0;0;1;6;
Jose Juan Barea;;22:58;5;10;3;5;2;2;0;0;0;5;2;0;2;4;15;
Luc Mbah a Moute;;5:45;1;2;0;0;1;1;0;0;0;0;0;0;0;0;3;
Robbie Hummel;;17:55;1;3;1;2;0;0;1;5;6;2;0;0;0;0;3;
MEM
Tayshaun Prince;F;26:03;1;5;0;0;0;0;0;4;4;1;3;0;1;1;2;
Zach Randolph;F;38:59;7;19;0;0;6;8;5;7;12;5;1;0;3;5;20;
Kosta Koufos;C;15:46;1;4;0;0;0;0;0;2;2;0;0;0;0;2;2;
Tony Allen;G;26:03;3;4;0;0;1;2;3;4;7;3;1;1;1;1;7;
Mike Conley;G;36:43;12;20;4;8;0;1;0;5;5;3;0;1;4;2;28;
Mike Miller;;25:22;2;5;0;2;1;1;0;1;1;0;0;0;0;1;5;
Jon Leuer;;29:37;7;13;1;3;0;0;5;4;9;0;0;0;0;4;15;
Jerryd Bayless;;26:48;4;9;0;2;6;8;0;4;4;3;0;0;0;2;14;
Nick Calathes;;7:45;0;2;0;0;0;0;0;2;2;2;0;0;0;0;0;
Ed Davis;;6:54;0;2;0;0;0;0;0;1;1;0;0;0;0;2;0;
