11-23;CHA-MIL;96-72;
25-21;21-18;28-12;22-21;
CHA
Michael Kidd-Gilchrist;F;28:11;3;7;0;0;1;2;2;4;6;0;1;1;0;1;7;
Josh McRoberts;F;21:41;5;7;2;4;0;0;1;8;9;2;1;0;0;1;12;
Al Jefferson;C;25:19;8;15;0;0;3;5;3;4;7;2;2;1;2;2;19;
Gerald Henderson;G;26:02;7;12;1;2;2;5;0;4;4;3;1;0;0;2;17;
Kemba Walker;G;27:57;5;10;1;3;0;1;1;3;4;3;1;0;4;0;11;
Jeff Adrien;;17:20;2;4;0;0;0;2;4;6;10;0;1;0;0;1;4;
Jeff Taylor;;27:26;3;9;1;4;2;4;0;1;1;1;1;0;1;1;9;
Cody Zeller;;26:19;0;3;0;0;2;2;3;2;5;1;0;2;4;3;2;
Ramon Sessions;;24:14;4;8;0;1;5;6;0;1;1;6;1;0;0;1;13;
Bismack Biyombo;;5:21;0;0;0;0;0;0;0;3;3;0;0;0;0;0;0;
Jannero Pargo;;5:21;1;2;0;0;0;0;0;0;0;0;0;0;3;1;2;
Anthony Tolliver;;4:49;0;0;0;0;0;0;0;2;2;0;0;0;0;0;0;
MIL
Caron Butler;F;20:28;2;8;1;4;0;0;0;2;2;0;1;0;2;2;5;
Ersan Ilyasova;F;20:49;3;6;0;2;1;2;1;1;2;0;0;0;2;1;7;
Zaza Pachulia;C;11:50;0;2;0;0;0;0;0;4;4;0;1;0;0;0;0;
O.J. Mayo;G;21:46;2;7;0;1;0;0;0;0;0;1;0;0;1;2;4;
Luke Ridnour;G;19:14;1;5;0;2;0;0;1;0;1;3;1;0;2;2;2;
John Henson;;25:37;3;9;0;0;4;4;2;7;9;4;1;1;1;2;10;
Brandon Knight;;25:49;1;8;1;4;0;0;0;1;1;7;0;0;4;1;3;
Khris Middleton;;28:16;8;13;2;2;2;3;1;3;4;2;1;0;0;3;20;
Gary Neal;;19:25;4;11;1;3;0;0;0;2;2;0;0;0;1;2;9;
Ekpe Udoh;;19:29;2;5;0;0;0;0;5;2;7;1;0;1;0;2;4;
Giannis Antetokounmpo;;12:00;3;7;0;0;0;0;1;2;3;0;2;0;1;2;6;
Nate Wolters;;9:02;0;2;0;0;0;0;0;1;1;2;0;0;1;1;0;
Miroslav Raduljica;;6:15;1;2;0;0;0;0;0;0;0;1;0;0;0;1;2;
