04-06;LAL-LAC;97-120;
22-25;27-32;23-37;25-26;
LAL
Kent Bazemore;F;11:25;1;3;0;1;0;0;0;2;2;4;0;0;0;1;2;
Ryan Kelly;F;31:12;3;11;0;4;0;0;1;3;4;1;2;0;0;5;6;
Jordan Hill;C;28:40;10;14;0;0;2;2;3;6;9;0;2;0;2;2;22;
Jodie Meeks;G;39:09;6;15;2;6;3;3;0;1;1;1;0;0;4;2;17;
Kendall Marshall;G;42:41;4;10;0;4;2;5;0;3;3;11;0;0;5;2;10;
Wesley Johnson;;29:32;3;8;2;4;2;2;0;6;6;3;3;0;1;3;10;
Robert Sacre;;29:06;3;8;0;0;3;4;4;6;10;4;0;0;0;1;9;
Nick Young;;26:07;5;15;2;11;6;7;0;2;2;2;2;0;2;3;18;
MarShon Brooks;;2:08;1;2;1;1;0;0;0;1;1;0;0;0;0;0;3;
LAC
Matt Barnes;F;27:17;4;6;1;3;0;0;2;6;8;3;2;0;0;2;9;
Blake Griffin;F;30:47;7;14;0;0;9;13;0;7;7;6;3;0;3;3;23;
DeAndre Jordan;C;30:45;5;6;0;0;1;5;3;9;12;0;0;4;2;0;11;
JJ Redick;G;23:30;7;11;1;3;0;0;0;3;3;1;0;0;3;2;15;
Chris Paul;G;28:22;8;10;4;4;3;4;0;4;4;6;3;0;3;0;23;
Darren Collison;;33:59;7;17;0;1;0;0;0;2;2;6;2;0;3;3;14;
Jared Dudley;;21:12;1;2;1;1;2;2;0;4;4;2;0;0;1;2;5;
Glen Davis;;18:25;3;5;0;0;1;2;2;6;8;1;1;0;0;3;7;
Willie Green;;5:35;0;0;0;0;0;0;0;1;1;1;0;0;1;1;0;
Hedo Turkoglu;;9:52;4;8;2;4;0;0;1;1;2;0;1;1;0;1;10;
Reggie Bullock;;10:17;1;4;1;3;0;0;0;1;1;2;0;0;0;0;3;
