03-12;GSW-LAC;98-111;
29-29;27-25;23-30;19-27;
GSW
Andre Iguodala;F;30:54;5;7;1;1;2;3;0;4;4;4;1;0;2;1;13;
David Lee;F;31:13;10;15;0;0;0;0;0;7;7;4;0;0;0;3;20;
Andrew Bogut;C;25:46;3;5;0;0;0;1;1;5;6;3;0;1;0;5;6;
Klay Thompson;G;34:09;10;19;4;6;2;4;0;1;1;1;1;0;3;2;26;
Stephen Curry;G;29:18;5;11;2;5;1;1;1;4;5;11;1;0;4;3;13;
Steve Blake;;21:30;0;6;0;4;0;0;0;1;1;1;0;0;1;0;0;
Harrison Barnes;;17:41;1;5;0;1;3;3;1;3;4;0;1;0;0;1;5;
Jermaine O'Neal;;15:49;1;5;0;0;3;4;3;2;5;0;1;0;0;1;5;
Draymond Green;;21:49;1;4;1;3;7;9;0;3;3;3;1;1;2;5;10;
Jordan Crawford;;10:43;0;5;0;1;0;0;0;0;0;0;0;0;0;0;0;
Marreese Speights;;1:08;0;0;0;0;0;0;0;0;0;0;0;0;0;0;0;
LAC
Matt Barnes;F;28:24;4;8;2;5;1;2;1;2;3;4;0;0;1;2;11;
Blake Griffin;F;42:00;13;28;0;0;4;8;5;10;15;3;3;0;3;2;30;
DeAndre Jordan;C;33:28;4;6;0;0;2;3;3;8;11;0;0;6;0;3;10;
Darren Collison;G;30:40;4;11;0;2;3;3;0;2;2;1;1;0;1;4;11;
Chris Paul;G;38:17;5;15;1;3;5;6;1;7;8;12;3;0;2;3;16;
Willie Green;;22:10;5;6;3;4;0;0;0;1;1;1;0;2;1;2;13;
Danny Granger;;24:29;7;11;2;4;2;2;1;5;6;1;0;1;1;3;18;
Glen Davis;;14:17;1;3;0;0;0;0;0;1;1;1;0;0;0;2;2;
Hedo Turkoglu;;6:00;0;0;0;0;0;0;0;2;2;0;0;0;1;0;0;
Jared Dudley;;0:15;0;0;0;0;0;0;0;0;0;0;0;0;0;0;0;
