03-23;ORL-LAL;94-103;
24-29;24-26;25-20;21-28;
ORL
Maurice Harkless;F;27:36;2;7;0;2;0;0;0;4;4;2;2;0;3;2;4;
Kyle O'Quinn;F;20:26;7;10;0;0;0;0;5;2;7;0;0;1;0;4;14;
Nikola Vucevic;C;34:30;2;9;0;0;0;0;3;8;11;3;1;0;2;5;4;
Arron Afflalo;G;37:14;6;15;2;5;4;4;0;2;2;5;0;0;2;0;18;
Victor Oladipo;G;38:48;6;11;2;4;7;9;1;4;5;10;2;0;8;3;21;
Andrew Nicholson;;7:37;3;5;1;2;0;0;0;2;2;0;0;0;1;0;7;
Tobias Harris;;22:50;7;14;0;1;2;2;1;8;9;1;0;1;0;1;16;
E'Twaun Moore;;8:54;0;3;0;2;0;0;0;0;0;0;0;0;0;0;0;
Doron Lamb;;22:16;2;5;1;2;0;0;2;1;3;1;0;0;2;4;5;
Ronnie Price;;9:12;0;1;0;1;0;0;0;0;0;4;0;0;0;3;0;
Dewayne Dedmon;;10:37;2;2;0;0;1;2;1;2;3;0;0;1;0;2;5;
LAL
Wesley Johnson;F;20:38;2;7;1;3;2;2;0;2;2;2;0;1;3;1;7;
Jordan Hill;F;32:58;9;15;0;0;10;13;4;9;13;0;0;1;0;1;28;
Pau Gasol;C;18:39;3;7;0;0;0;0;1;1;2;3;0;1;3;1;6;
Jodie Meeks;G;40:28;4;11;2;5;3;4;0;0;0;2;6;0;0;2;13;
Kendall Marshall;G;28:44;2;7;0;2;0;0;0;2;2;3;2;0;5;1;4;
Nick Young;;30:35;8;17;2;4;8;9;0;3;3;1;0;0;1;3;26;
Ryan Kelly;;21:47;4;5;1;1;0;0;1;3;4;1;0;0;0;1;9;
Robert Sacre;;22:36;1;4;0;0;0;1;1;5;6;0;0;1;2;2;2;
Kent Bazemore;;23:35;4;7;0;1;0;0;0;2;2;8;1;0;0;4;8;
