01-03;UTA-LAL;99-110;
12-30;28-22;27-31;32-27;
UTA
Richard Jefferson;F;33:30;4;11;3;7;5;8;0;5;5;3;1;0;1;1;16;
Marvin Williams;F;23:13;5;10;0;2;1;2;2;3;5;2;1;1;1;2;11;
Derrick Favors;C;28:06;5;9;0;0;1;2;3;3;6;0;0;1;0;4;11;
Gordon Hayward;G;39:28;8;16;4;6;2;2;0;2;2;6;2;0;1;2;22;
Trey Burke;G;33:19;3;15;0;8;0;0;0;3;3;9;0;0;1;2;6;
Diante Garrett;;14:41;1;2;1;2;0;0;0;1;1;2;0;0;1;1;3;
Alec Burks;;23:02;1;8;0;1;1;2;1;2;3;2;1;0;2;2;3;
Jeremy Evans;;17:14;5;6;0;0;1;1;3;3;6;1;0;0;0;3;11;
Enes Kanter;;27:27;6;9;0;0;4;6;3;7;10;3;0;1;3;3;16;
LAL
Nick Young;F;35:20;6;14;0;5;4;6;0;2;2;1;0;0;3;3;16;
Pau Gasol;F;37:16;10;17;0;1;3;4;3;14;17;8;0;3;2;2;23;
Robert Sacre;C;31:16;2;6;0;0;0;0;3;7;10;0;0;1;0;5;4;
Jodie Meeks;G;34:06;6;14;3;10;3;3;1;2;3;6;1;0;2;3;18;
Kendall Marshall;G;40:36;8;12;2;3;2;2;0;6;6;15;0;0;1;1;20;
Wesley Johnson;;21:18;5;5;1;1;0;0;0;1;1;1;2;1;0;3;11;
Ryan Kelly;;12:40;1;2;1;1;3;4;0;1;1;1;0;0;2;4;6;
Shawne Williams;;16:44;3;4;3;3;1;2;0;1;1;1;1;1;0;1;10;
Jordan Hill;;10:44;1;7;0;0;0;0;3;2;5;0;0;0;0;3;2;
