03-12;SAC-PHI;115-98;
28-24;30-30;32-22;25-22;
SAC
Rudy Gay;F;34:58;5;12;1;3;16;19;4;3;7;5;2;0;4;3;27;
Derrick Williams;F;31:03;1;5;1;3;2;4;0;6;6;1;2;0;2;3;5;
DeMarcus Cousins;C;26:36;7;16;0;0;5;7;3;9;12;2;1;0;5;3;19;
Ben McLemore;G;28:07;5;7;3;5;2;2;0;1;1;1;1;0;3;4;15;
Isaiah Thomas;G;37:11;4;10;1;4;11;12;0;5;5;6;4;0;4;3;20;
Jason Thompson;;25:59;6;10;0;0;2;4;2;5;7;0;0;1;0;3;14;
Ray McCallum;;26:43;1;7;0;2;2;2;2;3;5;3;2;0;1;3;4;
Travis Outlaw;;15:24;3;4;1;1;0;0;0;3;3;1;0;0;1;1;7;
Quincy Acy;;8:11;1;2;0;0;0;0;1;1;2;1;0;0;1;2;2;
Reggie Evans;;3:05;1;1;0;0;0;0;0;0;0;0;0;0;0;0;2;
Orlando Johnson;;2:43;0;0;0;0;0;0;0;0;0;1;0;0;0;0;0;
PHI
Hollis Thompson;F;27:52;2;5;1;3;0;0;0;2;2;2;0;0;0;5;5;
Thaddeus Young;F;39:11;5;18;0;4;6;8;1;5;6;3;0;0;3;2;16;
Henry Sims;C;30:30;5;12;0;0;10;11;5;5;10;3;3;2;3;3;20;
James Anderson;G;30:57;6;12;5;9;0;0;0;2;2;3;0;0;1;4;17;
Michael Carter-Williams;G;38:23;5;14;1;3;2;3;1;6;7;2;0;1;7;4;13;
Jarvis Varnado;;9:36;1;2;0;0;2;2;1;1;2;1;1;0;0;5;4;
Tony Wroten;;23:45;5;11;0;1;0;0;1;2;3;2;2;0;3;3;10;
Byron Mullens;;9:40;1;2;1;1;0;0;1;2;3;1;0;1;1;2;3;
Eric Maynor;;9:37;0;1;0;1;0;0;0;0;0;2;0;0;1;0;0;
Arnett Moultrie;;7:04;2;4;0;0;0;0;1;1;2;0;0;0;1;2;4;
Elliot Williams;;13:26;1;3;0;1;4;4;0;1;1;1;1;0;0;1;6;
