03-15;MIL-NYK;94-115;
23-30;19-30;24-28;28-27;
MIL
Ersan Ilyasova;F;24:56;3;10;0;2;2;2;2;1;3;1;0;0;0;2;8;
Khris Middleton;F;26:48;3;10;0;3;0;0;0;1;1;2;0;0;1;3;6;
Zaza Pachulia;C;19:33;2;3;0;0;0;0;2;3;5;4;1;0;1;1;4;
Brandon Knight;G;26:32;5;13;0;1;4;5;2;0;2;2;0;0;3;1;14;
Nate Wolters;G;29:19;5;7;2;2;3;4;0;3;3;2;0;0;1;0;15;
John Henson;;20:25;4;8;0;0;1;4;3;2;5;0;1;0;3;3;9;
Giannis Antetokounmpo;;26:33;2;5;1;1;2;2;2;1;3;1;2;1;0;4;7;
Ramon Sessions;;28:14;4;9;1;1;5;6;0;1;1;4;0;0;0;1;14;
Jeff Adrien;;23:04;5;10;0;0;0;0;3;4;7;1;1;0;1;3;10;
Ekpe Udoh;;8:00;2;4;0;0;0;0;1;1;2;0;0;0;0;2;4;
Chris Wright;;6:36;0;2;0;0;3;4;0;0;0;0;1;0;0;1;3;
NYK
Carmelo Anthony;F;32:31;8;16;1;5;6;6;2;5;7;2;0;2;3;3;23;
Amar'e Stoudemire;F;26:27;6;13;0;0;3;4;3;3;6;1;0;1;1;3;15;
Tyson Chandler;C;25:12;1;2;0;0;0;0;1;4;5;0;0;0;0;2;2;
Raymond Felton;G;23:26;4;6;1;2;0;0;1;1;2;1;0;1;1;3;9;
J.R. Smith;G;22:34;5;7;2;3;3;3;2;6;8;4;1;0;0;0;15;
Iman Shumpert;;26:38;5;12;2;3;2;2;3;1;4;4;1;0;1;2;14;
Tim Hardaway Jr.;;25:11;8;12;2;6;2;3;0;1;1;0;0;1;2;3;20;
Pablo Prigioni;;18:29;0;1;0;1;0;0;0;0;0;1;1;0;2;2;0;
Jeremy Tyler;;18:16;1;2;0;0;4;6;1;5;6;0;0;1;1;3;6;
Cole Aldrich;;6:36;1;1;0;0;2;2;0;2;2;0;0;1;0;0;4;
Toure Murry;;6:05;1;2;0;0;1;2;0;0;0;1;0;0;0;1;3;
Shannon Brown;;5:12;1;1;0;0;0;0;0;0;0;0;0;0;0;1;2;
Earl Clark;;3:23;1;1;0;0;0;0;0;0;0;0;0;0;0;0;2;
