04-05;BKN-PHI;105-101;
27-21;30-21;24-27;24-32;
BKN
Joe Johnson;F;27:16;4;9;2;5;2;2;0;3;3;3;0;0;1;0;12;
Paul Pierce;F;24:26;5;10;1;4;0;1;0;5;5;4;1;0;1;0;11;
Kevin Garnett;C;13:12;5;6;0;0;0;0;1;3;4;1;1;1;0;0;10;
Shaun Livingston;G;36:11;2;6;0;0;0;2;1;2;3;7;0;0;3;4;4;
Deron Williams;G;33:13;6;11;1;4;6;6;1;3;4;9;1;0;2;2;19;
Mason Plumlee;;23:29;8;10;0;0;0;1;2;5;7;1;0;0;3;5;16;
Marcus Thornton;;29:45;1;10;1;5;6;8;1;3;4;0;1;0;0;2;9;
Mirza Teletovic;;9:08;1;2;1;2;0;0;1;2;3;0;0;1;0;3;3;
Andrei Kirilenko;;14:26;3;4;0;0;0;0;1;1;2;1;1;0;1;1;6;
Andray Blatche;;11:19;4;8;0;0;2;2;0;5;5;2;1;1;1;1;10;
Alan Anderson;;17:35;2;4;0;1;1;1;0;1;1;1;0;0;0;2;5;
PHI
Hollis Thompson;F;26:30;6;9;6;8;0;0;0;2;2;1;0;0;3;4;18;
Thaddeus Young;F;38:25;8;18;3;5;1;2;0;5;5;3;1;0;2;2;20;
Henry Sims;C;27:51;4;8;0;0;3;4;5;6;11;0;0;0;0;5;11;
James Anderson;G;18:30;2;9;1;5;0;0;1;2;3;0;1;0;0;0;5;
Michael Carter-Williams;G;30:36;3;8;0;0;6;9;0;5;5;11;1;0;0;4;12;
Jarvis Varnado;;19:46;1;3;0;0;2;2;0;3;3;0;1;1;0;2;4;
Elliot Williams;;28:57;4;8;0;3;3;3;2;3;5;6;1;0;1;4;11;
Tony Wroten;;30:43;6;13;0;2;3;6;0;4;4;4;1;1;4;2;15;
James Nunnally;;8:44;1;1;0;0;1;1;0;0;0;2;0;0;2;3;3;
Brandon Davies;;9:59;1;2;0;0;0;0;1;1;2;0;0;0;1;0;2;
