01-07;SAS-MEM;110-108;
25-22;28-19;21-23;24-34;12-10;
SAS
Kawhi Leonard;F;32:30;7;9;2;4;1;3;1;5;6;1;2;0;1;1;17;
Tim Duncan;F;38:19;9;16;0;0;6;8;2;15;17;4;1;2;5;2;24;
Jeff Ayres;C;22:23;1;1;0;0;0;0;2;1;3;1;0;1;1;3;2;
Marco Belinelli;G;29:55;8;15;2;4;1;2;0;4;4;4;0;0;4;3;19;
Tony Parker;G;40:20;5;12;0;2;0;0;0;2;2;6;0;1;3;2;10;
Manu Ginobili;;32:39;3;12;0;5;3;5;1;1;2;6;2;0;1;2;9;
Boris Diaw;;25:56;5;6;1;1;0;0;2;1;3;1;1;0;2;1;11;
Patty Mills;;12:41;3;4;1;1;4;4;0;1;1;1;0;0;0;1;11;
Matt Bonner;;7:17;0;0;0;0;0;0;0;0;0;0;0;0;0;1;0;
Danny Green;;23:02;2;8;1;7;2;3;1;5;6;0;3;1;0;0;7;
MEM
Tayshaun Prince;F;27:18;4;9;0;0;0;0;0;1;1;4;1;0;0;4;8;
Zach Randolph;F;40:48;7;18;0;0;3;4;3;5;8;1;0;0;1;4;17;
Kosta Koufos;C;13:10;4;6;0;0;0;0;2;4;6;0;0;0;1;3;8;
Mike Miller;G;23:34;0;2;0;0;1;2;0;0;0;3;0;0;0;1;1;
Mike Conley;G;41:37;12;23;3;5;3;5;1;5;6;5;3;0;4;1;30;
Jon Leuer;;26:46;5;7;0;1;0;0;2;7;9;1;1;0;1;3;10;
James Johnson;;32:19;7;18;1;6;0;0;2;2;4;5;1;2;3;2;15;
Ed Davis;;22:23;2;3;0;0;2;2;2;2;4;1;0;2;1;3;6;
Nick Calathes;;11:23;0;3;0;0;1;2;0;0;0;1;0;0;0;1;1;
Courtney Lee;;25:43;5;10;2;5;0;0;0;2;2;1;1;1;0;2;12;
