12-11;SAS-MIL;109-77;
32-16;31-24;29-14;17-23;
SAS
Kawhi Leonard;F;23:55;3;8;0;0;7;8;2;3;5;0;2;0;0;1;13;
Tim Duncan;F;24:07;9;12;0;0;3;3;6;10;16;3;0;2;1;1;21;
Jeff Ayres;C;25:12;0;0;0;0;0;0;3;7;10;1;0;0;0;1;0;
Danny Green;G;18:08;4;8;2;5;0;0;0;2;2;3;3;0;2;1;10;
Tony Parker;G;20:51;7;11;0;0;1;1;0;1;1;5;0;0;1;2;15;
Manu Ginobili;;17:42;2;3;0;1;0;0;0;1;1;3;0;0;4;1;4;
Boris Diaw;;27:17;4;11;0;0;1;1;2;2;4;4;0;0;1;3;9;
Marco Belinelli;;24:12;5;8;0;2;1;2;0;5;5;0;1;0;3;3;11;
Patty Mills;;10:23;4;7;1;4;0;1;1;0;1;0;0;0;1;0;9;
Matt Bonner;;19:24;2;7;1;4;0;0;0;2;2;3;0;0;0;3;5;
Cory Joseph;;19:22;5;10;0;0;0;1;2;0;2;2;0;0;0;4;10;
Nando De Colo;;9:27;1;3;0;1;0;0;1;2;3;1;2;0;2;1;2;
MIL
Khris Middleton;F;14:48;1;7;0;1;0;0;1;1;2;1;0;0;2;2;2;
Ekpe Udoh;F;14:12;1;4;0;0;0;0;0;0;0;0;0;0;0;1;2;
John Henson;C;20:37;2;6;0;0;0;0;4;4;8;1;1;0;3;1;4;
O.J. Mayo;G;21:54;1;4;1;3;0;0;0;0;0;0;0;0;1;1;3;
Brandon Knight;G;17:49;2;7;0;3;4;4;0;1;1;1;0;0;0;3;8;
Giannis Antetokounmpo;;33:12;5;8;0;1;5;8;3;5;8;1;2;1;1;3;15;
Ersan Ilyasova;;38:31;3;16;1;4;1;2;2;4;6;2;1;0;0;1;8;
Nate Wolters;;30:11;7;15;0;2;4;5;0;1;1;7;2;1;2;2;18;
Luke Ridnour;;26:06;3;10;0;1;1;2;0;4;4;2;1;0;3;3;7;
Miroslav Raduljica;;22:40;4;7;0;0;2;2;6;1;7;1;0;2;0;1;10;
