11-10;WAS-OKC;105-106;
24-27;18-10;31-28;23-31;9-10;
WAS
Trevor Ariza;F;40:49;7;13;1;2;0;5;1;4;5;2;0;0;1;3;15;
Nene;F;25:21;5;6;0;0;4;10;3;4;7;6;0;1;0;3;14;
Marcin Gortat;C;39:00;4;9;0;0;3;5;0;8;8;2;1;4;1;2;11;
Bradley Beal;G;42:11;13;23;6;8;2;2;1;5;6;0;1;0;1;0;34;
John Wall;G;39:40;3;13;1;5;3;3;0;5;5;8;0;1;4;0;10;
Martell Webster;;29:10;3;10;1;7;1;1;1;4;5;0;1;1;1;4;8;
Al Harrington;;22:21;4;10;3;6;0;0;0;1;1;2;0;0;2;2;11;
Eric Maynor;;13:20;0;1;0;1;0;0;0;2;2;2;1;0;2;2;0;
Kevin Seraphin;;13:08;1;3;0;0;0;0;1;1;2;1;1;0;0;3;2;
OKC
Kevin Durant;F;46:08;12;23;1;4;8;9;3;10;13;6;0;1;5;3;33;
Serge Ibaka;F;45:57;11;18;0;1;3;4;4;8;12;0;0;3;2;4;25;
Kendrick Perkins;C;19:16;0;3;0;0;1;2;1;3;4;3;0;0;1;3;1;
Thabo Sefolosha;G;35:39;4;8;0;0;0;0;2;6;8;3;2;1;1;2;8;
Russell Westbrook;G;30:01;4;16;3;7;2;2;3;1;4;4;1;0;5;3;13;
Steven Adams;;19:34;0;3;0;0;1;2;1;1;2;0;0;2;1;2;1;
Perry Jones;;13:58;2;4;1;2;0;0;1;4;5;1;0;1;0;0;5;
Reggie Jackson;;28:00;6;10;0;1;0;0;0;7;7;4;2;0;2;2;12;
Jeremy Lamb;;20:18;2;6;1;4;3;3;0;2;2;0;2;0;0;1;8;
Derek Fisher;;6:09;0;1;0;1;0;0;1;0;1;0;0;0;0;0;0;
