02-26;LAL-MEM;103-108;
23-31;23-34;27-17;30-26;
LAL
Kent Bazemore;F;38:57;4;9;2;4;4;8;0;2;2;4;1;0;4;3;14;
Wesley Johnson;F;37:50;7;14;4;8;0;0;1;4;5;2;0;4;1;3;18;
Pau Gasol;C;35:03;7;14;0;0;3;4;1;9;10;3;0;1;1;2;17;
Jodie Meeks;G;36:59;7;10;2;4;3;4;0;4;4;0;1;0;2;1;19;
Kendall Marshall;G;24:07;0;6;0;3;0;0;1;4;5;8;0;0;2;0;0;
Jordan Farmar;;23:53;6;12;4;6;0;0;0;1;1;3;2;1;3;1;16;
MarShon Brooks;;20:04;5;6;2;2;2;2;1;1;2;3;1;0;0;2;14;
Jordan Hill;;6:15;0;3;0;0;0;0;0;1;1;1;0;0;1;2;0;
Ryan Kelly;;10:10;1;1;1;1;0;0;0;0;0;0;0;3;0;1;3;
Robert Sacre;;6:42;1;2;0;0;0;0;1;3;4;0;0;1;1;0;2;
MEM
Tayshaun Prince;F;22:36;3;8;0;0;1;2;1;3;4;2;2;0;0;2;7;
Zach Randolph;F;28:14;6;14;0;0;1;2;3;4;7;3;1;0;2;1;13;
Marc Gasol;C;31:43;6;10;0;0;2;3;3;9;12;5;1;2;1;3;14;
Courtney Lee;G;27:57;6;10;2;5;4;5;0;2;2;5;0;0;0;0;18;
Mike Conley;G;25:43;3;11;1;3;0;0;0;1;1;3;2;1;3;3;7;
James Johnson;;21:49;4;8;0;1;6;8;1;3;4;3;1;1;2;3;14;
Nick Calathes;;22:17;3;8;0;0;0;1;0;2;2;5;1;0;1;0;6;
Tony Allen;;25:24;8;13;1;2;0;0;0;6;6;0;0;0;1;3;17;
Mike Miller;;20:41;3;5;0;2;0;0;1;1;2;1;0;1;1;1;6;
Kosta Koufos;;13:36;3;5;0;0;0;0;4;1;5;1;0;0;1;2;6;
