01-16;NYK-IND;89-117;
31-30;17-33;21-24;20-30;
NYK
Carmelo Anthony;F;31:22;8;17;3;3;9;9;3;4;7;1;0;1;2;1;28;
Andrea Bargnani;F;31:48;3;9;0;1;0;0;2;5;7;0;0;2;2;2;6;
Tyson Chandler;C;26:00;4;8;0;0;5;8;2;7;9;3;0;1;1;3;13;
Iman Shumpert;G;20:10;1;4;0;3;0;0;1;4;5;2;0;0;0;3;2;
Raymond Felton;G;29:08;5;10;1;3;1;1;0;4;4;5;2;0;4;3;12;
Kenyon Martin;;7:10;0;1;0;0;0;0;0;0;0;0;0;0;0;1;0;
Amar'e Stoudemire;;14:00;3;6;0;0;2;4;1;2;3;0;0;0;0;2;8;
J.R. Smith;;27:50;6;12;0;3;0;0;0;4;4;1;0;0;1;3;12;
Beno Udrih;;16:14;0;3;0;1;0;0;0;0;0;4;0;1;1;0;0;
Tim Hardaway Jr.;;21:15;2;10;0;5;0;0;0;0;0;0;0;0;1;3;4;
Jeremy Tyler;;6:56;2;3;0;0;0;0;2;2;4;0;0;0;0;1;4;
Cole Aldrich;;5:29;0;0;0;0;0;0;1;2;3;0;0;1;0;0;0;
Toure Murry;;2:38;0;2;0;0;0;0;0;0;0;0;0;0;0;0;0;
IND
Paul George;F;33:08;8;17;4;8;5;5;1;6;7;3;0;1;2;2;25;
David West;F;27:01;6;11;0;0;0;0;1;2;3;4;0;2;2;1;12;
Roy Hibbert;C;26:55;4;9;0;0;3;4;2;4;6;3;1;1;0;4;11;
Lance Stephenson;G;35:14;10;17;3;7;5;5;1;3;4;4;1;0;0;4;28;
George Hill;G;22:05;1;2;0;1;1;1;0;3;3;5;1;0;0;2;3;
CJ Watson;;22:10;2;5;1;2;0;0;1;2;3;0;0;0;1;0;5;
Danny Granger;;19:33;4;7;1;2;2;2;0;2;2;4;0;0;0;1;11;
Luis Scola;;15:30;4;8;0;1;2;2;0;7;7;1;0;0;0;2;10;
Ian Mahinmi;;21:05;1;4;0;0;2;2;0;3;3;0;0;2;0;2;4;
Chris Copeland;;5:29;1;1;1;1;1;2;1;3;4;0;0;0;0;1;4;
Rasual Butler;;5:27;0;3;0;1;0;0;0;0;0;0;0;0;0;0;0;
Donald Sloan;;3:45;1;1;0;0;0;0;0;1;1;2;0;0;0;0;2;
Orlando Johnson;;2:38;1;1;0;0;0;0;0;0;0;0;0;0;0;0;2;
