12-28;DET-WAS;82-106;
23-31;18-31;21-24;20-20;
DET
Josh Smith;F;17:47;2;7;0;2;0;0;1;3;4;1;0;0;1;0;4;
Greg Monroe;F;23:34;6;9;0;0;2;2;2;5;7;2;1;0;0;2;14;
Andre Drummond;C;28:49;2;5;0;0;0;0;2;5;7;1;1;2;3;3;4;
Kentavious Caldwell-Pope;G;16:11;1;4;0;0;0;1;0;0;0;0;1;0;1;2;2;
Brandon Jennings;G;31:53;4;13;2;4;3;4;2;2;4;6;0;0;7;2;13;
Rodney Stuckey;;6:10;0;2;0;0;0;0;0;0;0;2;1;0;0;1;0;
Kyle Singler;;21:18;4;7;1;3;0;0;1;0;1;0;1;1;2;1;9;
Josh Harrellson;;23:26;4;6;1;3;1;1;2;1;3;1;1;1;0;2;10;
Chauncey Billups;;7:52;1;3;1;1;0;0;0;0;0;1;1;0;1;0;3;
Will Bynum;;27:08;3;10;1;2;3;3;1;2;3;5;0;0;2;3;10;
Gigi Datome;;7:08;1;2;0;1;0;0;0;0;0;0;1;0;0;1;2;
Jonas Jerebko;;15:29;3;4;1;1;1;2;0;5;5;1;0;0;1;1;8;
Charlie Villanueva;;13:15;0;5;0;4;3;4;0;4;4;0;1;1;4;0;3;
WAS
Trevor Ariza;F;25:56;5;11;4;6;1;2;2;3;5;6;3;0;2;1;15;
Trevor Booker;F;31:46;5;8;0;0;0;0;5;4;9;4;0;1;1;2;10;
Marcin Gortat;C;27:15;7;9;0;0;2;2;2;5;7;1;0;2;2;1;16;
Bradley Beal;G;20:01;6;12;3;4;0;0;1;1;2;4;0;0;0;0;15;
John Wall;G;30:26;8;14;0;1;4;5;0;1;1;11;0;0;2;3;20;
Martell Webster;;24:46;3;11;1;5;0;0;1;1;2;1;0;0;4;2;7;
Nene;;19:12;2;4;0;1;3;4;1;4;5;3;2;0;3;1;7;
Jan Vesely;;8:16;2;2;0;0;0;2;1;1;2;0;0;0;1;6;4;
Otto Porter;;20:58;2;8;0;0;0;0;2;6;8;1;0;0;0;1;4;
Garrett Temple;;17:34;1;4;0;0;1;2;1;2;3;2;4;2;1;1;3;
Chris Singleton;;9:26;2;2;1;1;0;0;0;2;2;1;1;0;1;1;5;
Eric Maynor;;4:24;0;1;0;1;0;0;0;0;0;0;0;0;0;1;0;
