03-19;SAS-LAL;125-109;
35-29;23-28;34-30;33-22;
SAS
Kawhi Leonard;F;34:15;8;12;1;3;5;6;0;10;10;4;2;1;0;2;22;
Tim Duncan;F;32:17;5;10;0;0;2;2;5;11;16;6;3;0;4;4;12;
Tiago Splitter;C;21:43;4;6;0;0;2;3;2;6;8;2;1;3;1;4;10;
Danny Green;G;23:48;6;8;3;5;1;1;0;1;1;2;2;1;1;1;16;
Tony Parker;G;32:31;11;16;0;0;3;4;0;3;3;5;0;0;1;0;25;
Manu Ginobili;;21:46;5;12;3;6;0;0;0;0;0;6;0;0;0;3;13;
Boris Diaw;;24:18;3;8;2;5;0;0;1;5;6;6;0;1;2;3;8;
Marco Belinelli;;25:54;4;10;2;4;0;0;0;3;3;1;1;0;0;2;10;
Aron Baynes;;6:24;0;4;0;0;0;0;1;3;4;0;0;0;0;1;0;
Patty Mills;;15:29;3;8;1;4;0;0;0;1;1;1;0;0;2;1;7;
Cory Joseph;;1:35;1;1;0;0;0;0;0;0;0;1;0;0;1;0;2;
LAL
Wesley Johnson;F;15:44;3;6;2;4;0;0;3;2;5;1;0;0;2;2;8;
Ryan Kelly;F;33:36;3;9;1;4;7;8;0;6;6;1;2;1;3;4;14;
Pau Gasol;C;36:22;8;18;0;0;6;8;4;6;10;6;1;4;1;4;22;
Jodie Meeks;G;36:54;4;10;1;5;2;2;0;4;4;4;0;0;1;1;11;
Kendall Marshall;G;23:05;4;7;1;1;1;2;1;2;3;3;0;0;2;0;10;
Robert Sacre;;26:02;3;7;0;0;1;2;2;9;11;0;1;1;0;2;7;
Xavier Henry;;32:16;9;22;1;5;5;7;1;3;4;0;0;0;1;3;24;
Kent Bazemore;;29:15;5;11;3;7;0;0;0;0;0;3;6;0;2;2;13;
MarShon Brooks;;6:46;0;1;0;0;0;0;1;2;3;1;0;0;0;1;0;
