12-28;MIN-MIL;117-95;
34-28;30-27;39-21;14-19;
MIN
Corey Brewer;F;33:06;5;9;0;2;2;2;2;0;2;3;3;0;3;3;12;
Kevin Love;F;34:44;11;17;4;6;7;9;2;13;15;6;1;0;2;1;33;
Nikola Pekovic;C;32:47;7;12;0;0;5;8;6;5;11;3;1;1;3;2;19;
Kevin Martin;G;28:43;8;17;4;7;0;0;0;2;2;2;1;0;4;2;20;
Ricky Rubio;G;27:19;1;5;0;1;2;2;0;2;2;8;6;0;3;3;4;
Alexey Shved;;19:55;2;8;1;5;0;0;1;2;3;2;1;1;0;0;5;
Dante Cunningham;;18:47;3;6;0;0;0;0;2;2;4;1;1;0;0;1;6;
Jose Juan Barea;;19:04;2;8;2;3;0;0;1;2;3;6;0;0;2;2;6;
Luc Mbah a Moute;;15:26;2;5;0;0;4;8;5;3;8;0;0;0;1;0;8;
Robbie Hummel;;5:18;1;1;0;0;0;0;0;0;0;0;0;0;0;0;2;
Shabazz Muhammad;;1:37;0;1;0;0;0;0;0;0;0;0;0;0;0;0;0;
A.J. Price;;1:37;0;0;0;0;0;0;0;0;0;2;0;0;0;0;0;
Gorgui Dieng;;1:37;1;1;0;0;0;0;0;2;2;0;0;0;0;1;2;
MIL
Khris Middleton;F;40:55;10;20;3;7;0;0;1;8;9;4;1;2;3;3;23;
Ersan Ilyasova;F;20:32;2;10;0;3;0;0;2;1;3;1;3;0;2;2;4;
Larry Sanders;C;33:31;4;7;0;0;1;4;3;7;10;0;2;0;3;3;9;
Giannis Antetokounmpo;G;31:10;3;6;0;1;0;0;4;1;5;4;4;2;4;1;6;
Brandon Knight;G;33:38;6;15;1;5;5;7;1;1;2;5;1;0;4;2;18;
O.J. Mayo;;23:55;8;12;1;4;2;2;1;1;2;2;0;0;2;1;19;
Miroslav Raduljica;;13:32;3;6;0;0;2;2;4;1;5;1;0;0;1;1;8;
Caron Butler;;24:17;3;11;0;2;0;0;0;5;5;4;1;1;0;5;6;
Nate Wolters;;14:22;1;2;0;0;0;2;0;1;1;3;0;1;1;0;2;
Ekpe Udoh;;4:08;0;0;0;0;0;0;0;1;1;1;0;0;0;2;0;
