03-08;CHA-MEM;89-111;
21-25;23-27;17-27;28-32;
CHA
Michael Kidd-Gilchrist;F;20:33;3;8;0;0;0;0;1;3;4;0;2;0;1;1;6;
Josh McRoberts;F;20:58;4;9;0;3;0;0;1;2;3;3;0;1;0;2;8;
Al Jefferson;C;26:38;7;17;0;0;3;4;1;6;7;1;0;0;0;2;17;
Chris Douglas-Roberts;G;30:02;6;10;1;3;2;4;0;2;2;0;2;0;1;0;15;
Kemba Walker;G;28:11;3;13;1;5;4;4;1;3;4;5;0;1;3;3;11;
Cody Zeller;;22:35;1;5;0;0;0;0;4;5;9;2;0;1;2;5;2;
Gary Neal;;27:27;3;9;1;3;0;0;0;2;2;1;1;0;1;2;7;
Anthony Tolliver;;22:25;4;8;1;4;1;2;0;1;1;1;0;0;0;0;10;
Bismack Biyombo;;17:38;3;5;0;0;0;0;3;2;5;0;0;3;0;3;6;
Luke Ridnour;;15:22;1;6;0;2;0;0;2;1;3;3;1;1;1;1;2;
Jannero Pargo;;4:27;2;3;1;1;0;0;0;0;0;2;0;0;1;0;5;
Justin Hamilton;;3:44;0;0;0;0;0;0;0;0;0;0;1;0;1;0;0;
MEM
Tayshaun Prince;F;18:13;2;5;0;0;0;0;0;2;2;1;1;1;0;1;4;
Zach Randolph;F;30:40;5;7;0;1;6;8;4;3;7;3;1;0;1;3;16;
Marc Gasol;C;24:48;5;12;0;0;4;4;1;8;9;3;0;2;2;1;14;
Courtney Lee;G;27:05;4;6;0;0;1;1;0;4;4;2;1;1;0;0;9;
Mike Conley;G;30:15;7;18;5;7;1;2;0;3;3;4;2;0;2;1;20;
Mike Miller;;19:38;3;4;0;0;2;2;0;1;1;3;0;0;1;1;8;
Tony Allen;;22:07;4;6;0;0;0;2;2;4;6;4;0;0;2;0;8;
Kosta Koufos;;19:28;5;11;0;0;2;3;2;8;10;0;0;0;2;4;12;
Nick Calathes;;17:45;1;5;0;2;0;0;0;2;2;1;0;0;0;0;2;
Jon Leuer;;17:20;5;8;0;1;0;0;1;4;5;1;1;1;1;4;10;
James Johnson;;5:13;0;0;0;0;0;0;0;1;1;0;0;0;1;1;0;
Beno Udrih;;3:44;2;4;2;2;0;0;0;0;0;1;0;0;0;0;6;
Ed Davis;;3:44;1;1;0;0;0;0;1;0;1;0;0;0;0;0;2;
