11-11;ATL-CHA;103-94;
26-29;20-25;34-16;23-24;
ATL
DeMarre Carroll;F;34:09;2;5;1;4;0;0;2;8;10;1;0;1;0;1;5;
Paul Millsap;F;26:17;2;7;1;2;4;4;1;4;5;0;0;1;1;2;9;
Al Horford;C;31:04;9;15;0;1;6;7;0;5;5;5;1;0;4;3;24;
Kyle Korver;G;32:59;4;9;2;6;1;1;0;3;3;2;2;0;2;2;11;
Jeff Teague;G;31:16;4;14;1;3;5;8;1;2;3;12;2;1;4;2;14;
Dennis Schroder;;9:38;2;2;0;0;0;0;0;1;1;1;0;0;0;3;4;
Shelvin Mack;;8:20;2;3;2;3;0;0;0;1;1;2;0;0;1;0;6;
Cartier Martin;;20:13;5;7;3;4;3;4;0;3;3;1;1;0;1;4;16;
Elton Brand;;19:11;2;5;0;0;2;2;1;6;7;0;0;0;0;2;6;
Mike Scott;;19:28;3;8;0;3;2;2;1;2;3;2;1;0;0;3;8;
John Jenkins;;7:25;0;1;0;1;0;0;0;0;0;0;0;0;0;0;0;
CHA
Michael Kidd-Gilchrist;F;32:58;6;11;0;1;4;5;4;2;6;2;0;0;3;1;16;
Josh McRoberts;F;30:43;7;13;5;8;0;0;1;5;6;7;0;0;2;5;19;
Al Jefferson;C;27:39;5;11;0;0;0;0;1;6;7;3;1;0;0;3;10;
Gerald Henderson;G;33:06;3;8;0;0;5;6;0;1;1;3;0;0;2;2;11;
Kemba Walker;G;32:21;3;11;0;2;6;7;1;1;2;3;1;0;4;4;12;
Bismack Biyombo;;16:55;1;1;0;0;0;2;1;5;6;0;0;0;0;2;2;
Jeff Taylor;;25:24;4;10;0;2;2;3;0;6;6;1;0;0;1;4;10;
Cody Zeller;;17:20;1;5;0;0;2;2;1;1;2;1;2;0;0;2;4;
Ramon Sessions;;20:11;3;10;0;0;4;4;1;2;3;2;0;0;1;1;10;
Anthony Tolliver;;3:23;0;1;0;0;0;0;0;1;1;0;0;0;1;0;0;
