04-16;BKN-CLE;85-114;
21-33;28-18;15-30;21-33;
BKN
Marcus Thornton;F;41:49;6;19;4;12;4;5;2;4;6;3;2;0;3;1;20;
Andray Blatche;F;39:16;8;18;1;4;3;3;1;11;12;3;2;0;2;3;20;
Jason Collins;C;38:52;3;8;0;2;2;2;1;2;3;0;2;0;0;3;8;
Jorge Gutierrez;G;33:10;5;11;2;3;1;2;0;0;0;2;0;0;1;6;13;
Marquis Teague;G;41:29;2;9;1;3;2;2;0;5;5;4;1;0;4;1;7;
Andrei Kirilenko;;27:32;2;7;0;0;5;7;2;2;4;3;1;1;2;1;9;
Mason Plumlee;;17:52;4;7;0;1;0;2;0;6;6;6;1;0;3;1;8;
CLE
Alonzo Gee;F;30:20;5;9;0;0;2;2;1;4;5;1;2;1;0;3;12;
Tristan Thompson;F;26:52;5;9;0;0;1;1;5;5;10;1;0;1;0;0;11;
Spencer Hawes;C;23:51;4;7;2;4;0;0;1;6;7;3;0;2;2;2;10;
Dion Waiters;G;26:53;7;12;2;5;3;4;1;1;2;2;1;0;2;0;19;
Kyrie Irving;G;27:09;6;12;0;2;3;3;0;2;2;5;3;1;2;3;15;
Tyler Zeller;;26:15;9;11;0;0;4;5;4;7;11;2;1;2;0;2;22;
Jarrett Jack;;25:29;2;10;1;3;0;0;0;3;3;9;2;0;2;2;5;
Matthew Dellavedova;;25:57;1;5;1;3;0;0;0;2;2;6;1;0;2;4;3;
Anthony Bennett;;15:14;3;6;0;0;1;2;1;6;7;0;0;0;1;0;7;
Carrick Felix;;12:00;4;6;2;3;0;0;0;2;2;3;0;0;1;2;10;
