04-16;PHI-MIA;100-87;
29-27;26-24;29-15;16-21;
PHI
Adonis Thomas;F;5:20;1;2;1;2;0;0;0;0;0;1;0;0;0;3;3;
Thaddeus Young;F;30:20;9;17;0;3;2;2;3;6;9;2;2;0;3;4;20;
Henry Sims;C;30:51;4;7;0;0;2;2;2;5;7;3;2;0;2;1;10;
James Anderson;G;18:14;3;5;2;2;2;2;0;3;3;2;2;1;0;0;10;
Michael Carter-Williams;G;34:04;3;10;3;5;3;4;0;6;6;4;0;1;3;2;12;
Elliot Williams;;22:36;4;7;0;1;1;2;0;1;1;1;0;1;1;1;9;
Jarvis Varnado;;15:38;3;5;0;0;2;2;0;3;3;0;2;0;0;4;8;
Hollis Thompson;;27:26;1;4;1;3;0;0;0;3;3;3;2;1;1;0;3;
Tony Wroten;;22:24;2;6;0;2;0;0;0;1;1;6;5;0;6;4;4;
Casper Ware;;13:56;4;5;2;3;0;0;0;1;1;1;0;0;1;2;10;
Brandon Davies;;19:11;4;6;1;2;2;2;0;1;1;1;0;1;1;1;11;
MIA
James Jones;F;33:55;3;8;3;8;0;0;0;4;4;0;0;0;1;1;9;
Shane Battier;F;39:49;3;6;3;4;0;0;1;0;1;1;1;0;3;0;9;
Udonis Haslem;C;16:15;3;4;0;0;1;2;1;9;10;0;0;0;2;2;7;
Dwyane Wade;G;23:04;6;14;0;2;4;6;1;1;2;4;0;0;3;1;16;
Toney Douglas;G;29:00;4;14;1;6;4;4;0;2;2;4;2;0;2;2;13;
Ray Allen;;24:00;4;9;1;5;2;4;0;3;3;3;0;0;1;0;11;
Greg Oden;;13:43;0;2;0;0;2;2;3;2;5;0;0;0;1;3;2;
Michael Beasley;;14:35;3;4;0;1;2;2;0;1;1;1;0;2;1;1;8;
Norris Cole;;27:37;2;6;1;2;0;0;1;2;3;3;3;0;3;3;5;
Justin Hamilton;;18:02;2;6;1;2;2;2;2;1;3;0;2;0;2;3;7;
