10-29;CHI-MIA;95-107;
15-17;18-37;25-24;37-29;
CHI
Luol Deng;F;29:28;2;8;0;5;0;0;1;4;5;4;2;0;3;4;4;
Carlos Boozer;F;32:24;13;18;0;0;5;5;3;4;7;2;1;1;2;4;31;
Joakim Noah;C;20:09;1;4;0;0;0;2;2;9;11;2;2;2;2;2;2;
Jimmy Butler;G;29:55;6;12;2;4;6;7;0;3;3;3;5;1;2;4;20;
Derrick Rose;G;34:21;4;15;1;7;3;4;0;1;1;4;0;0;5;2;12;
Mike Dunleavy;;22:56;3;9;2;4;2;2;0;3;3;1;0;0;1;1;10;
Taj Gibson;;29:19;4;8;0;0;2;3;4;4;8;3;0;0;0;1;10;
Kirk Hinrich;;29:29;2;6;2;4;0;0;0;1;1;3;0;0;2;6;6;
Nazr Mohammed;;5:16;0;0;0;0;0;0;1;1;2;1;0;0;0;1;0;
Tony Snell;;6:44;0;3;0;2;0;0;0;0;0;0;1;0;1;2;0;
MIA
LeBron James;F;38:01;5;11;0;1;7;9;0;6;6;8;1;0;2;0;17;
Udonis Haslem;F;21:28;2;4;0;0;2;2;1;2;3;0;0;0;3;3;6;
Chris Bosh;C;31:22;6;11;1;2;3;4;1;5;6;0;0;3;1;3;16;
Dwyane Wade;G;36:07;5;13;1;1;2;5;0;4;4;3;1;1;3;4;13;
Mario Chalmers;G;26:50;3;8;1;3;6;7;2;1;3;4;5;0;3;2;13;
Ray Allen;;26:19;3;7;3;6;2;2;0;1;1;7;0;1;3;4;11;
Shane Battier;;22:10;5;6;4;4;0;0;0;2;2;1;0;0;0;3;14;
Norris Cole;;21:10;5;7;1;3;0;0;0;7;7;3;1;0;3;0;11;
Chris Andersen;;16:33;3;5;0;0;0;0;1;7;8;0;2;2;0;2;6;
