03-16;BOS-NOP;120-121;
25-27;39-30;20-27;28-28;8-9;
BOS
Jeff Green;F;39:21;12;23;4;7;11;12;0;6;6;1;0;1;1;5;39;
Brandon Bass;F;23:10;3;11;0;0;1;1;4;1;5;1;0;1;3;3;7;
Kris Humphries;C;35:39;6;13;0;0;4;6;5;7;12;3;1;3;0;3;16;
Jerryd Bayless;G;25:56;2;4;2;3;0;0;0;4;4;3;1;0;2;2;6;
Rajon Rondo;G;44:29;3;14;0;4;0;2;0;8;8;14;1;0;2;3;6;
Avery Bradley;;28:09;5;9;0;1;2;2;1;1;2;2;1;0;2;0;12;
Jared Sullinger;;30:26;6;13;2;6;0;0;3;6;9;4;1;2;4;5;14;
Kelly Olynyk;;16:29;4;5;1;1;0;0;0;1;1;1;2;1;2;3;9;
Phil Pressey;;8:31;1;1;1;1;0;0;0;2;2;4;0;0;0;2;3;
Chris Johnson;;12:50;3;4;2;3;0;0;0;0;0;0;0;0;0;0;8;
NOP
Tyreke Evans;F;37:48;11;21;1;2;3;4;0;4;4;4;3;0;3;3;26;
Anthony Davis;F;47:42;14;22;0;0;12;12;5;16;21;3;1;3;1;2;40;
Greg Stiemsma;C;28:51;3;3;0;0;0;0;2;1;3;0;0;2;0;2;6;
Eric Gordon;G;40:28;6;16;1;6;6;6;1;2;3;8;1;1;2;1;19;
Brian Roberts;G;32:25;4;12;0;4;3;3;1;3;4;3;2;0;1;3;11;
Al-Farouq Aminu;;22:05;3;5;0;0;0;0;0;2;2;0;0;0;1;2;6;
Jeff Withey;;29:03;1;2;0;0;0;2;2;3;5;3;0;3;1;2;2;
Austin Rivers;;20:35;4;10;1;3;0;1;1;1;2;3;1;0;2;2;9;
Anthony Morrow;;6:02;1;3;0;0;0;0;0;0;0;1;0;0;1;0;2;
