02-18;ATL-IND;98-108;
23-35;26-22;26-30;23-21;
ATL
Cartier Martin;F;20:18;4;7;3;5;1;2;1;4;5;1;0;1;1;1;12;
Paul Millsap;F;28:17;3;10;0;2;1;4;2;6;8;4;2;1;3;4;7;
Gustavo Ayon;C;6:53;0;4;0;0;0;0;1;0;1;0;2;1;1;1;0;
Kyle Korver;G;33:04;7;10;5;7;0;0;1;3;4;5;1;0;3;3;19;
Jeff Teague;G;32:44;3;8;0;2;2;2;0;2;2;2;1;0;4;2;8;
Elton Brand;;30:12;4;10;0;0;0;3;5;3;8;1;1;0;1;5;8;
Lou Williams;;29:33;6;9;2;3;4;4;0;0;0;3;1;0;3;3;18;
Shelvin Mack;;25:42;5;8;1;3;0;0;1;5;6;8;1;0;4;2;11;
Mike Scott;;24:58;5;9;1;3;2;2;1;6;7;1;0;0;0;1;13;
Dennis Schroder;;8:19;0;2;0;1;2;2;0;3;3;1;0;0;2;0;2;
IND
Paul George;F;28:16;8;18;4;8;6;6;0;2;2;3;3;0;1;2;26;
David West;F;28:16;6;10;0;0;5;7;2;4;6;1;2;0;2;1;17;
Roy Hibbert;C;24:57;4;9;0;0;2;2;0;5;5;0;0;4;0;2;10;
Lance Stephenson;G;35:43;5;11;2;7;1;2;0;5;5;7;0;0;3;1;13;
George Hill;G;24:46;4;4;1;1;0;0;0;1;1;7;1;0;0;3;9;
Danny Granger;;22:54;3;6;1;1;2;2;1;3;4;1;0;0;4;1;9;
Ian Mahinmi;;23:03;2;5;0;0;2;3;1;4;5;0;2;3;2;4;6;
CJ Watson;;21:47;3;6;0;1;0;0;1;0;1;2;1;0;0;0;6;
Luis Scola;;14:55;3;4;0;0;3;4;0;5;5;1;1;0;1;3;9;
Donald Sloan;;5:40;0;2;0;1;0;0;0;0;0;0;0;0;0;0;0;
Rasual Butler;;4:49;0;1;0;1;0;0;0;1;1;1;1;0;0;0;0;
Chris Copeland;;3:27;1;2;1;2;0;0;1;0;1;0;0;0;0;0;3;
Orlando Johnson;;1:27;0;1;0;1;0;0;0;0;0;0;0;0;0;0;0;
