11-13;WAS-SAS;79-92;
17-25;25-27;15-18;22-22;
WAS
Trevor Ariza;F;17:11;1;4;0;1;1;2;1;2;3;1;2;0;0;2;3;
Nene;F;25:03;2;6;0;0;0;0;0;2;2;0;0;0;1;3;4;
Marcin Gortat;C;33:12;4;10;0;0;1;2;2;5;7;3;0;1;2;1;9;
Bradley Beal;G;35:07;9;19;1;3;0;0;0;2;2;2;1;1;1;0;19;
John Wall;G;30:21;5;19;1;3;3;3;1;7;8;3;2;1;3;0;14;
Jan Vesely;;21:40;1;4;0;0;0;0;3;3;6;0;1;0;0;1;2;
Martell Webster;;35:26;8;16;3;6;2;2;2;8;10;2;4;0;1;1;21;
Eric Maynor;;7:50;0;1;0;1;0;0;0;0;0;0;0;0;0;0;0;
Glen Rice Jr.;;12:51;1;4;0;1;0;0;0;3;3;1;1;0;1;0;2;
Kevin Seraphin;;5:04;1;3;0;0;0;0;2;0;2;0;0;0;0;1;2;
Garrett Temple;;9:49;0;2;0;0;1;2;0;0;0;2;0;0;0;1;1;
Trevor Booker;;6:26;1;3;0;0;0;0;1;0;1;1;0;0;0;1;2;
SAS
Kawhi Leonard;F;24:07;5;7;2;4;1;2;0;3;3;2;2;0;0;0;13;
Tim Duncan;F;25:36;1;12;0;0;0;0;0;8;8;3;0;2;2;0;2;
Tiago Splitter;C;24:00;5;7;0;0;2;2;3;6;9;1;1;1;1;2;12;
Danny Green;G;22:20;0;3;0;3;0;0;0;1;1;4;1;0;2;2;0;
Tony Parker;G;25:07;7;9;0;1;2;2;0;1;1;1;0;0;5;1;16;
Manu Ginobili;;22:54;4;8;2;5;0;0;0;5;5;3;1;0;3;1;10;
Boris Diaw;;18:11;7;8;1;1;0;0;1;5;6;2;0;0;1;1;15;
Marco Belinelli;;23:17;4;6;2;2;0;0;0;5;5;8;0;0;0;1;10;
Patty Mills;;16:29;3;8;1;4;0;0;0;1;1;0;1;0;0;2;7;
Jeff Ayres;;16:00;3;3;0;0;0;0;0;4;4;1;0;1;0;1;6;
Cory Joseph;;8:25;0;3;0;1;1;2;0;1;1;1;0;0;2;3;1;
Nando De Colo;;8:25;0;1;0;1;0;0;1;2;3;2;0;0;1;0;0;
Aron Baynes;;5:09;0;2;0;0;0;0;0;0;0;0;0;0;0;0;0;
