03-05;HOU-ORL;101-89;
19-32;22-16;34-17;26-24;
HOU
Chandler Parsons;F;40:39;8;20;2;6;1;3;2;4;6;7;1;0;2;2;19;
Terrence Jones;F;38:11;8;10;1;1;0;2;3;8;11;1;1;2;4;0;17;
Dwight Howard;C;30:47;8;12;0;0;3;6;6;7;13;1;2;0;6;2;19;
James Harden;G;36:05;11;19;2;7;7;7;1;2;3;6;0;0;3;2;31;
Patrick Beverley;G;31:38;1;8;0;4;2;2;0;0;0;1;2;0;0;5;4;
Omer Asik;;15:41;0;1;0;0;2;2;0;8;8;0;0;1;0;1;2;
Jordan Hamilton;;17:44;1;4;1;3;0;0;1;3;4;0;1;1;1;1;3;
Jeremy Lin;;14:50;1;4;0;0;0;2;1;1;2;3;0;0;2;1;2;
Donatas Motiejunas;;9:49;2;3;0;0;0;0;0;2;2;1;1;0;3;1;4;
Isaiah Canaan;;1:32;0;0;0;0;0;0;0;0;0;1;0;0;0;0;0;
Omri Casspi;;1:32;0;1;0;1;0;0;0;0;0;0;0;0;0;0;0;
Troy Daniels;;1:32;0;0;0;0;0;0;0;0;0;0;0;0;0;0;0;
ORL
Maurice Harkless;F;37:00;6;10;2;3;1;2;1;1;2;1;5;1;1;1;15;
Tobias Harris;F;31:13;3;12;0;0;4;4;2;3;5;2;1;2;1;2;10;
Nikola Vucevic;C;31:51;7;9;0;0;1;2;3;7;10;4;1;0;2;5;15;
Arron Afflalo;G;31:22;8;16;0;4;2;2;0;2;2;4;1;0;4;4;18;
Ronnie Price;G;24:54;4;6;0;2;0;0;0;0;0;5;2;0;6;3;8;
Kyle O'Quinn;;16:08;4;13;0;0;0;0;2;6;8;1;1;3;1;4;8;
E'Twaun Moore;;26:08;3;6;1;2;2;2;0;2;2;2;1;0;0;2;9;
Andrew Nicholson;;15:15;1;5;0;2;0;0;0;1;1;0;2;0;1;2;2;
Doron Lamb;;15:13;0;4;0;0;0;0;0;2;2;3;0;0;0;1;0;
Adonis Thomas;;9:24;1;2;0;1;0;0;0;1;1;1;0;0;0;1;2;
Dewayne Dedmon;;1:32;1;1;0;0;0;0;1;0;1;0;0;0;1;1;2;
