04-08;HOU-LAL;145-130;
35-26;31-35;49-29;30-40;
HOU
Chandler Parsons;F;31:34;8;13;2;6;1;2;1;2;3;8;2;1;1;2;19;
Terrence Jones;F;32:35;13;18;1;1;6;8;2;5;7;2;1;1;0;3;33;
Omer Asik;C;24:25;4;7;0;0;2;2;0;15;15;0;1;2;3;2;10;
James Harden;G;31:46;10;15;3;6;10;11;1;2;3;12;0;1;1;3;33;
Jeremy Lin;G;26:15;4;8;1;2;0;0;2;2;4;6;3;1;3;4;9;
Donatas Motiejunas;;23:30;5;11;0;2;3;5;4;11;15;0;0;1;1;1;13;
Isaiah Canaan;;26:52;6;8;3;4;0;0;0;1;1;1;0;0;2;1;15;
Francisco Garcia;;22:59;2;9;1;4;0;0;1;2;3;3;0;2;2;5;5;
Omri Casspi;;13:11;3;4;0;0;0;0;1;4;5;1;1;0;1;0;6;
Jordan Hamilton;;6:53;1;4;0;1;0;0;0;2;2;0;0;0;0;1;2;
LAL
Wesley Johnson;F;38:42;3;11;3;5;2;2;1;3;4;5;1;0;2;1;11;
Ryan Kelly;F;31:53;5;11;0;3;8;11;0;3;3;2;1;1;0;4;18;
Jordan Hill;C;23:41;5;9;0;0;2;2;1;4;5;3;1;3;1;4;12;
Jodie Meeks;G;38:09;12;21;2;6;4;5;1;3;4;6;1;0;1;0;30;
Kendall Marshall;G;19:02;0;4;0;2;0;0;0;0;0;4;1;0;1;1;0;
Jordan Farmar;;26:33;5;10;2;4;3;3;0;5;5;8;3;2;4;0;15;
Nick Young;;22:56;11;19;6;10;4;6;0;1;1;3;0;0;0;4;32;
Robert Sacre;;19:34;2;6;0;0;2;2;1;5;6;0;0;1;1;6;6;
Steve Nash;;13:10;1;2;1;1;0;0;1;2;3;5;0;0;1;0;3;
MarShon Brooks;;6:20;0;2;0;1;3;4;0;2;2;2;0;0;0;0;3;
