01-13;WAS-CHI;102-88;
26-19;30-24;22-25;24-20;
WAS
Trevor Ariza;F;39:20;5;10;3;6;3;4;2;7;9;4;1;0;1;4;16;
Nene;F;35:48;9;14;0;0;1;6;1;4;5;5;2;2;3;4;19;
Marcin Gortat;C;35:33;3;6;0;0;1;2;3;8;11;2;0;2;0;3;7;
Bradley Beal;G;29:57;6;12;1;3;0;0;1;3;4;4;1;0;1;1;13;
John Wall;G;36:21;6;14;0;3;7;8;0;5;5;7;4;1;5;1;19;
Trevor Booker;;23:31;3;6;0;0;0;1;0;2;2;0;0;0;2;2;6;
Martell Webster;;26:55;5;9;2;4;0;0;1;1;2;2;0;0;0;1;12;
Garrett Temple;;12:35;2;4;1;2;5;7;0;2;2;1;1;0;0;1;10;
CHI
Mike Dunleavy;F;28:50;3;9;3;5;1;2;0;1;1;0;0;2;2;1;10;
Carlos Boozer;F;32:29;9;15;0;0;1;2;0;7;7;2;0;0;2;3;19;
Joakim Noah;C;37:20;2;5;0;0;4;6;5;11;16;3;2;1;3;4;8;
Jimmy Butler;G;37:28;5;10;2;4;0;2;2;2;4;1;1;0;0;0;12;
Kirk Hinrich;G;27:39;3;10;0;0;2;2;2;1;3;8;0;0;4;5;8;
Taj Gibson;;25:12;4;7;0;0;0;0;3;4;7;2;0;0;1;2;8;
Tony Snell;;15:49;5;9;2;4;0;1;0;2;2;1;2;0;1;1;12;
D.J. Augustin;;25:47;2;11;1;5;2;2;1;0;1;7;2;0;3;4;7;
Nazr Mohammed;;0:59;0;0;0;0;0;0;0;0;0;0;0;0;0;0;0;
Cartier Martin;;8:27;1;3;1;3;1;2;1;0;1;1;1;0;1;1;4;
