03-24;DEN-OKC;96-117;
24-41;34-31;15-18;23-27;
DEN
Quincy Miller;F;25:13;4;10;1;4;3;5;1;3;4;0;1;0;1;1;12;
Kenneth Faried;F;27:56;5;12;0;0;1;2;5;6;11;0;2;0;1;3;11;
Timofey Mozgov;C;32:25;5;8;0;0;2;3;4;5;9;1;0;1;3;3;12;
Randy Foye;G;34:37;4;14;3;9;0;2;0;1;1;4;1;0;0;3;11;
Ty Lawson;G;32:51;5;11;2;4;13;16;0;3;3;7;2;0;4;2;25;
Evan Fournier;;23:40;2;5;1;2;1;3;0;5;5;1;0;0;2;4;6;
Darrell Arthur;;18:43;2;6;1;4;1;2;1;2;3;0;1;1;3;4;6;
Aaron Brooks;;27:39;1;8;0;3;3;4;0;1;1;3;0;0;5;2;5;
Anthony Randolph;;16:56;2;3;1;2;3;3;1;4;5;4;0;0;1;3;8;
OKC
Kevin Durant;F;31:28;10;21;1;7;6;7;0;4;4;8;2;0;5;0;27;
Serge Ibaka;F;32:38;7;15;1;1;0;0;1;6;7;1;0;3;0;3;15;
Steven Adams;C;23:13;4;6;0;0;2;4;2;4;6;1;6;0;1;4;10;
Andre Roberson;G;18:25;1;2;0;0;0;0;1;3;4;2;1;2;1;6;2;
Reggie Jackson;G;33:16;4;6;3;3;5;6;0;3;3;11;3;1;4;2;16;
Caron Butler;;29:03;10;19;3;7;0;0;0;4;4;0;0;0;0;4;23;
Nick Collison;;22:15;4;5;1;1;1;2;3;3;6;1;0;0;1;5;10;
Derek Fisher;;20:50;2;4;1;1;2;2;0;2;2;3;1;0;1;5;7;
Jeremy Lamb;;19:40;1;8;0;1;0;0;0;3;3;2;0;0;0;3;2;
Perry Jones;;6:20;2;2;1;1;0;0;0;1;1;1;0;0;1;1;5;
Mustafa Shakur;;2:52;0;1;0;0;0;0;0;0;0;2;0;0;0;0;0;
