02-05;MIL-DEN;100-110;
24-30;28-21;20-33;28-26;
MIL
Khris Middleton;F;43:42;10;21;5;8;0;0;2;4;6;3;2;0;4;5;25;
Ersan Ilyasova;F;20:33;4;16;0;3;0;0;3;8;11;2;0;1;0;1;8;
Larry Sanders;C;33:40;12;19;0;0;1;5;8;7;15;2;1;1;2;1;25;
Nate Wolters;G;27:58;2;7;0;0;0;0;1;1;2;4;1;1;0;0;4;
Brandon Knight;G;37:45;4;17;2;4;6;8;0;2;2;8;2;0;1;2;16;
John Henson;;16:43;1;5;0;0;0;0;2;3;5;0;0;1;1;4;2;
Giannis Antetokounmpo;;33:08;1;4;0;1;3;6;0;4;4;1;1;1;4;4;5;
Zaza Pachulia;;22:28;2;6;0;0;11;12;3;1;4;2;2;0;2;3;15;
Luke Ridnour;;4:03;0;0;0;0;0;0;0;0;0;0;0;0;1;1;0;
DEN
Wilson Chandler;F;35:26;11;19;1;6;1;2;1;2;3;1;0;1;4;2;24;
Kenneth Faried;F;31:55;4;11;0;0;2;2;1;8;9;1;2;1;0;4;10;
JJ Hickson;C;34:39;7;11;0;0;5;6;5;5;10;0;2;2;1;3;19;
Randy Foye;G;43:32;5;14;5;10;5;5;1;2;3;6;1;4;3;2;20;
Ty Lawson;G;37:08;6;14;1;2;5;6;1;6;7;13;0;0;4;3;18;
Timofey Mozgov;;11:50;0;0;0;0;0;0;0;2;2;0;0;1;3;4;0;
Evan Fournier;;15:29;2;5;2;2;0;0;1;3;4;0;0;0;3;1;6;
Darrell Arthur;;7:10;0;1;0;0;0;0;0;1;1;0;0;0;0;2;0;
Quincy Miller;;12:34;4;8;1;3;1;1;2;1;3;1;0;1;0;3;10;
Anthony Randolph;;10:17;0;1;0;0;3;4;3;3;6;0;0;2;1;1;3;
