02-08;MIA-UTA;89-94;
20-32;30-20;16-16;23-26;
MIA
LeBron James;F;39:21;4;13;1;6;4;6;0;7;7;5;0;0;5;2;13;
Shane Battier;F;25:07;2;4;2;3;2;2;0;1;1;3;2;0;0;0;8;
Chris Bosh;C;34:31;3;12;0;3;7;8;2;5;7;1;0;1;0;0;13;
Dwyane Wade;G;36:25;7;14;0;0;5;5;0;6;6;2;0;0;3;4;19;
Mario Chalmers;G;30:47;4;6;1;2;3;3;0;2;2;7;0;0;1;3;12;
Chris Andersen;;18:28;1;1;0;0;1;2;3;2;5;0;0;0;0;4;3;
Ray Allen;;23:01;4;8;1;4;0;0;0;0;0;1;1;0;1;1;9;
Norris Cole;;21:31;4;9;2;5;2;4;0;0;0;0;4;0;0;0;12;
Greg Oden;;10:49;0;0;0;0;0;0;0;4;4;0;1;1;0;3;0;
UTA
Richard Jefferson;F;28:21;5;10;1;4;3;3;0;4;4;2;1;0;1;2;14;
Marvin Williams;F;27:58;9;15;5;8;0;2;1;2;3;1;0;1;1;4;23;
Derrick Favors;C;26:35;2;6;0;0;4;6;4;3;7;1;1;0;1;1;8;
Gordon Hayward;G;37:40;3;8;0;1;3;4;2;7;9;11;3;0;2;3;9;
Trey Burke;G;26:60;5;11;3;8;0;0;0;1;1;3;0;0;1;3;13;
Diante Garrett;;21:00;0;0;0;0;0;0;0;0;0;2;1;0;1;3;0;
Alec Burks;;26:02;5;12;1;3;1;2;0;2;2;2;2;0;3;4;12;
Jeremy Evans;;20:02;3;4;0;1;0;0;1;6;7;1;1;0;1;2;6;
Enes Kanter;;21:25;4;7;0;0;0;0;2;6;8;0;0;0;1;3;8;
Brandon Rush;;3:57;0;1;0;0;1;2;0;0;0;0;0;0;0;0;1;
