12-21;CLE-CHI;84-100;
26-33;17-27;22-21;19-19;
CLE
Alonzo Gee;F;16:56;0;1;0;0;0;0;0;3;3;0;1;0;0;3;0;
Tristan Thompson;F;24:16;5;12;0;0;0;0;3;4;7;1;0;0;1;2;10;
Andrew Bynum;C;26:45;9;15;0;0;1;2;2;5;7;2;1;0;2;3;19;
CJ Miles;G;21:46;1;5;0;2;2;2;0;2;2;1;2;1;1;2;4;
Kyrie Irving;G;35:10;5;16;1;5;3;3;0;2;2;5;0;0;2;2;14;
Jarrett Jack;;30:32;4;13;1;3;2;2;0;3;3;6;0;0;2;1;11;
Matthew Dellavedova;;29:13;4;9;2;3;0;0;0;1;1;4;0;2;0;3;10;
Anderson Varejao;;24:09;3;6;0;0;0;0;3;3;6;2;1;0;1;3;6;
Earl Clark;;5:46;1;3;0;2;0;0;1;0;1;0;0;0;0;1;2;
Sergey Karasev;;8:18;1;3;0;2;0;0;0;0;0;0;1;0;0;0;2;
Tyler Zeller;;12:59;3;5;0;0;0;0;2;1;3;0;0;1;0;0;6;
Henry Sims;;2:05;0;1;0;0;0;0;0;0;0;0;0;0;0;0;0;
Carrick Felix;;2:05;0;1;0;1;0;0;0;1;1;0;0;0;0;0;0;
CHI
Mike Dunleavy;F;40:55;5;7;0;0;1;3;0;2;2;3;0;1;3;3;11;
Carlos Boozer;F;30:32;8;14;0;0;3;5;1;8;9;4;0;1;3;2;19;
Joakim Noah;C;31:02;4;11;0;0;3;3;5;13;18;3;2;0;2;1;11;
Tony Snell;G;44:12;5;11;5;8;2;2;1;4;5;3;0;1;3;3;17;
D.J. Augustin;G;46:24;7;12;4;6;0;1;1;4;5;10;2;0;5;1;18;
Taj Gibson;;27:55;5;8;0;0;5;8;0;5;5;3;0;2;3;1;15;
Marquis Teague;;12:03;1;2;1;1;0;0;0;3;3;1;0;0;1;3;3;
Nazr Mohammed;;6:31;2;4;0;0;2;2;1;1;2;0;0;0;1;0;6;
Erik Murphy;;0:27;0;0;0;0;0;0;0;0;0;0;0;0;0;0;0;
