01-07;POR-SAC;119-123;
35-24;25-31;13-25;46-43;
POR
Nicolas Batum;F;39:13;3;7;0;2;5;6;1;10;11;5;0;0;4;4;11;
LaMarcus Aldridge;F;39:07;8;20;0;0;8;10;3;5;8;5;0;1;4;4;24;
Robin Lopez;C;35:41;7;13;0;0;4;6;4;3;7;1;0;2;0;5;18;
Wesley Matthews;G;36:32;3;12;1;7;2;2;0;6;6;3;2;1;0;5;9;
Damian Lillard;G;37:54;13;24;7;13;8;8;0;7;7;4;0;1;6;5;41;
Mo Williams;;22:01;3;9;1;3;2;2;3;1;4;6;1;0;1;5;9;
Will Barton;;8:49;1;3;1;2;0;0;0;0;0;0;0;0;0;1;3;
Joel Freeland;;9:29;1;1;0;0;0;0;2;1;3;0;0;1;0;1;2;
Meyers Leonard;;7:37;0;1;0;0;2;2;0;4;4;0;0;0;1;4;2;
Thomas Robinson;;3:37;0;0;0;0;0;0;1;0;1;0;0;0;0;3;0;
SAC
Rudy Gay;F;30:39;10;16;3;5;9;9;2;3;5;4;1;0;1;6;32;
Jason Thompson;F;34:32;3;4;0;0;1;2;1;5;6;0;2;0;1;4;7;
DeMarcus Cousins;C;42:31;13;28;0;0;9;15;6;7;13;2;1;2;2;4;35;
Marcus Thornton;G;21:52;1;5;1;2;0;0;2;6;8;0;1;1;1;3;3;
Isaiah Thomas;G;36:48;5;14;2;6;10;12;1;6;7;8;2;0;0;1;22;
Ben McLemore;;17:53;1;2;0;0;0;0;0;1;1;2;0;0;0;2;2;
Quincy Acy;;8:40;1;3;0;0;1;2;0;1;1;0;1;0;2;2;3;
Derrick Williams;;30:47;4;7;0;1;6;10;0;5;5;0;1;0;0;2;14;
Jimmer Fredette;;11:14;2;5;1;1;0;0;0;1;1;3;0;0;1;1;5;
Aaron Gray;;5:05;0;1;0;0;0;0;0;1;1;1;0;0;0;0;0;
