01-09;MIA-NYK;92-102;
27-21;21-22;23-32;21-27;
MIA
LeBron James;F;41:25;12;17;1;4;7;11;0;5;5;6;1;1;6;2;32;
Rashard Lewis;F;25:41;2;3;2;3;0;0;1;4;5;2;0;1;1;3;6;
Chris Bosh;C;37:28;3;10;0;1;0;0;1;8;9;4;0;0;2;0;6;
Norris Cole;G;35:10;5;9;2;5;0;0;0;3;3;2;1;0;2;2;12;
Dwyane Wade;G;39:06;11;15;1;1;0;6;1;3;4;2;1;1;3;3;23;
Ray Allen;;25:49;1;4;1;3;3;3;0;3;3;1;1;0;0;0;6;
Michael Beasley;;9:00;2;6;0;2;1;1;0;0;0;0;0;0;0;1;5;
Chris Andersen;;21:12;1;2;0;0;0;0;1;2;3;1;3;1;1;2;2;
Roger Mason Jr.;;5:09;0;2;0;2;0;0;0;0;0;2;0;0;0;0;0;
NYK
Carmelo Anthony;F;42:21;12;24;3;8;2;3;1;7;8;5;2;0;2;4;29;
Kenyon Martin;F;24:18;3;6;0;0;1;2;1;3;4;1;1;0;1;2;7;
Andrea Bargnani;C;42:04;9;13;0;0;1;1;1;4;5;0;0;1;0;3;19;
Raymond Felton;G;38:30;6;14;1;6;0;0;2;3;5;14;1;0;2;0;13;
Iman Shumpert;G;42:52;4;8;4;7;0;0;1;8;9;3;0;0;0;2;12;
Amar'e Stoudemire;;26:35;7;12;0;0;0;2;3;8;11;0;1;0;4;4;14;
Tim Hardaway Jr.;;13:49;2;4;1;3;0;0;1;0;1;1;1;0;1;2;5;
Toure Murry;;9:31;1;1;0;0;1;2;0;0;0;1;2;0;0;2;3;
