01-13;HOU-BOS;104-92;
19-27;33-16;32-22;20-27;
HOU
Chandler Parsons;F;39:07;5;13;2;3;2;2;0;7;7;4;1;0;1;3;14;
Terrence Jones;F;36:39;6;11;0;0;0;2;5;7;12;0;2;3;1;2;12;
Dwight Howard;C;36:50;11;17;0;1;10;18;3;8;11;2;0;1;2;2;32;
James Harden;G;38:23;6;18;2;6;2;2;1;6;7;3;0;3;3;2;16;
Jeremy Lin;G;35:24;5;7;1;2;5;6;0;1;1;9;3;0;1;3;16;
Ronnie Brewer;;4:44;0;0;0;0;0;0;0;0;0;0;0;1;0;0;0;
Omri Casspi;;22:31;4;9;3;5;1;2;0;6;6;3;0;0;3;3;12;
Aaron Brooks;;15:07;0;2;0;1;2;2;0;0;0;3;0;0;0;1;2;
Francisco Garcia;;11:15;0;2;0;1;0;0;1;1;2;0;0;1;0;0;0;
BOS
Jeff Green;F;27:43;2;10;0;1;0;0;0;6;6;0;0;0;4;1;4;
Jared Sullinger;F;22:35;3;11;0;3;2;2;6;4;10;1;0;1;1;5;8;
Kris Humphries;C;20:50;2;7;0;0;0;0;2;6;8;2;0;3;1;1;4;
Avery Bradley;G;33:54;11;21;2;7;0;0;0;5;5;3;3;1;1;2;24;
Jordan Crawford;G;24:37;3;11;0;3;7;7;0;0;0;5;0;0;1;4;13;
Brandon Bass;;25:14;6;15;0;0;2;3;3;4;7;0;0;0;1;4;14;
Gerald Wallace;;19:56;1;2;0;1;0;0;0;1;1;1;0;1;1;1;2;
Jerryd Bayless;;23:31;7;13;1;1;2;2;0;1;1;4;2;1;2;0;17;
Kelly Olynyk;;21:46;2;5;0;0;0;0;4;3;7;0;2;0;0;4;4;
Phil Pressey;;3:29;0;2;0;0;0;0;0;0;0;0;0;0;1;1;0;
Vitor Faverani;;4:25;0;0;0;0;0;0;0;0;0;0;1;0;0;1;0;
MarShon Brooks;;12:00;1;4;0;1;0;0;0;5;5;1;0;0;0;2;2;
