12-03;DET-MIA;107-97;
28-18;26-25;28-25;25-29;
DET
Josh Smith;F;39:08;7;21;0;4;1;2;0;4;4;4;2;1;3;3;15;
Greg Monroe;F;37:08;8;10;0;0;0;2;1;5;6;5;1;2;3;3;16;
Andre Drummond;C;22:37;4;7;0;0;2;6;8;10;18;0;2;1;0;6;10;
Kentavious Caldwell-Pope;G;19:39;4;7;0;0;2;2;1;3;4;2;1;0;0;2;10;
Brandon Jennings;G;43:39;5;9;2;4;3;4;0;4;4;5;4;0;7;1;15;
Josh Harrellson;;8:33;0;2;0;0;0;0;0;0;0;0;0;1;0;0;0;
Rodney Stuckey;;32:42;4;9;0;0;8;8;0;2;2;3;0;0;5;3;16;
Kyle Singler;;26:38;6;10;4;7;2;2;2;3;5;2;1;0;0;1;18;
Jonas Jerebko;;9:56;3;5;1;1;0;0;1;2;3;0;0;0;0;0;7;
MIA
LeBron James;F;36:58;8;15;2;5;5;8;3;2;5;6;2;1;6;2;23;
Shane Battier;F;15:26;1;5;0;4;0;0;1;1;2;0;2;0;0;1;2;
Chris Bosh;C;32:02;5;11;0;2;4;6;2;4;6;0;1;0;2;5;14;
James Jones;G;11:10;0;4;0;3;0;0;0;0;0;1;0;0;0;0;0;
Mario Chalmers;G;29:27;2;7;1;3;1;2;0;2;2;6;1;0;4;1;6;
Ray Allen;;28:58;5;10;2;4;0;0;2;2;4;1;1;0;3;2;12;
Rashard Lewis;;12:42;0;1;0;1;0;0;0;6;6;1;1;2;0;3;0;
Norris Cole;;26:25;4;8;1;2;0;0;0;1;1;2;2;0;3;2;9;
Chris Andersen;;15:58;2;5;0;1;4;4;3;1;4;1;1;0;0;1;8;
Michael Beasley;;30:54;9;16;3;3;2;3;2;2;4;1;1;0;1;1;23;
