03-03;MEM-WAS;110-104;
20-20;30-25;29-19;31-40;
MEM
Tayshaun Prince;F;29:58;8;11;2;3;3;3;1;5;6;1;1;0;1;0;21;
Zach Randolph;F;36:55;7;16;0;0;2;3;2;8;10;1;1;0;1;4;16;
Marc Gasol;C;34:17;4;10;0;0;2;4;2;5;7;8;3;3;2;1;10;
Courtney Lee;G;16:43;4;7;0;2;1;1;0;1;1;2;1;0;0;3;9;
Mike Conley;G;34:15;7;14;2;4;4;4;0;3;3;7;1;0;4;3;20;
Tony Allen;;24:16;3;6;0;0;1;1;2;1;3;0;1;0;2;3;7;
Ed Davis;;4:50;2;3;0;0;0;0;0;0;0;0;0;0;0;1;4;
Mike Miller;;25:58;3;6;2;3;2;2;0;1;1;2;0;0;1;0;10;
Nick Calathes;;13:45;3;4;0;1;0;0;0;3;3;4;0;0;0;2;6;
Kosta Koufos;;19:03;2;2;0;0;3;3;0;4;4;1;0;1;2;4;7;
WAS
Trevor Booker;F;37:14;7;13;0;0;1;2;3;4;7;0;0;1;1;2;15;
Trevor Ariza;F;38:35;5;9;4;6;1;2;2;5;7;3;1;0;1;5;15;
Marcin Gortat;C;41:04;7;12;0;0;2;2;1;7;8;3;1;0;4;1;16;
Bradley Beal;G;36:09;7;15;1;2;6;6;0;1;1;2;1;0;1;2;21;
John Wall;G;38:02;8;16;2;5;5;7;0;6;6;9;1;1;4;4;23;
Chris Singleton;;11:24;1;4;0;1;0;0;1;0;1;0;0;0;0;0;2;
Al Harrington;;11:36;2;5;0;2;2;2;0;3;3;0;0;0;1;3;6;
Andre Miller;;10:07;0;1;0;0;0;0;0;0;0;1;0;0;0;2;0;
Drew Gooden;;5:23;0;2;0;0;0;0;1;0;1;0;0;0;1;2;0;
Otto Porter;;10:26;2;4;2;3;0;0;0;0;0;0;0;0;0;1;6;
