01-25;MIN-POR;104-115;
29-27;28-38;24-22;23-28;
MIN
Corey Brewer;F;24:15;5;8;1;2;0;0;1;1;2;1;2;2;2;4;11;
Kevin Love;F;36:23;4;12;1;3;6;6;1;12;13;4;1;1;4;2;15;
Nikola Pekovic;C;34:45;9;18;0;0;5;5;3;8;11;2;0;0;0;2;23;
Kevin Martin;G;41:12;11;22;6;10;2;4;1;3;4;2;0;1;0;4;30;
Ricky Rubio;G;37:09;4;8;0;2;2;2;1;2;3;11;2;0;1;4;10;
Chase Budinger;;23:45;2;7;1;3;1;2;0;4;4;0;0;0;0;1;6;
Ronny Turiaf;;12:03;1;2;0;0;0;0;1;0;1;1;0;1;1;1;2;
Jose Juan Barea;;10:54;0;4;0;1;0;0;0;1;1;2;0;0;1;2;0;
Alexey Shved;;5:33;1;3;0;1;3;3;0;0;0;1;0;0;1;0;5;
Dante Cunningham;;10:25;0;4;0;0;0;0;0;1;1;0;0;0;0;2;0;
A.J. Price;;1:12;0;0;0;0;0;0;0;0;0;0;0;0;0;0;0;
Luc Mbah a Moute;;1:12;0;0;0;0;0;0;0;0;0;0;0;0;0;0;0;
Gorgui Dieng;;1:12;1;1;0;0;0;0;0;0;0;0;0;0;0;0;2;
POR
Nicolas Batum;F;34:53;5;10;0;3;3;4;1;7;8;5;1;0;1;3;13;
LaMarcus Aldridge;F;33:59;9;21;0;0;3;3;3;3;6;1;1;1;2;4;21;
Robin Lopez;C;34:05;6;10;0;0;3;3;3;7;10;3;0;1;1;1;15;
Wesley Matthews;G;34:01;6;10;1;5;5;8;1;5;6;2;1;1;2;3;18;
Damian Lillard;G;32:41;5;17;1;4;3;3;0;1;1;5;1;0;3;2;14;
Mo Williams;;25:14;6;12;2;3;2;3;1;4;5;6;0;0;2;3;16;
CJ McCollum;;15:34;3;6;0;1;0;0;0;2;2;2;2;1;0;2;6;
Joel Freeland;;13:40;2;2;0;0;0;0;1;5;6;1;0;0;1;3;4;
Thomas Robinson;;14:01;3;6;0;0;0;0;3;3;6;1;1;1;0;2;6;
Earl Watson;;0:56;0;0;0;0;0;0;0;0;0;0;0;0;0;0;0;
Will Barton;;0:56;1;1;0;0;0;0;0;0;0;0;0;0;0;0;2;
