11-30;UTA-PHX;112-104;
28-23;21-30;29-24;34-27;
UTA
Richard Jefferson;F;30:51;6;11;1;3;2;2;0;5;5;3;0;0;2;1;15;
Marvin Williams;F;33:09;6;11;2;5;0;0;1;5;6;3;1;0;1;3;14;
Derrick Favors;C;27:33;5;7;0;0;4;5;5;3;8;0;1;1;2;5;14;
Gordon Hayward;G;34:06;3;11;0;2;7;8;0;4;4;4;0;0;2;1;13;
Trey Burke;G;32:12;6;15;4;6;4;4;2;4;6;3;2;0;1;4;20;
Alec Burks;;32:16;5;9;1;1;2;3;1;2;3;5;0;0;1;2;13;
Diante Garrett;;15:48;1;2;1;1;0;0;0;0;0;2;1;0;3;2;3;
Jeremy Evans;;19:54;4;4;0;0;4;5;1;2;3;1;1;0;0;4;12;
Enes Kanter;;14:11;3;6;0;0;2;2;2;2;4;0;0;0;0;1;8;
PHX
PJ Tucker;F;29:13;5;7;2;3;1;2;2;3;5;0;3;0;2;4;13;
Channing Frye;F;33:41;7;12;3;6;0;0;3;3;6;2;1;0;1;4;17;
Miles Plumlee;C;24:51;4;8;0;0;1;2;2;5;7;1;1;3;0;2;9;
Gerald Green;G;25:57;5;9;4;8;0;0;0;3;3;1;2;0;0;6;14;
Goran Dragic;G;39:53;6;13;1;3;11;13;2;0;2;9;1;0;2;4;24;
Eric Bledsoe;;28:01;4;9;1;3;4;6;0;2;2;2;0;0;4;4;13;
Markieff Morris;;24:58;2;8;0;0;1;2;3;4;7;2;0;0;3;2;5;
Archie Goodwin;;6:41;0;1;0;0;0;0;0;1;1;0;0;0;1;1;0;
Marcus Morris;;23:01;4;11;1;4;0;0;0;1;1;0;0;0;0;1;9;
Dionte Christmas;;3:45;0;0;0;0;0;0;0;1;1;0;0;0;0;0;0;
