11-20;UTA-NOP;98-105;
17-20;24-25;28-28;29-32;
UTA
Richard Jefferson;F;41:15;4;10;3;6;2;2;1;4;5;3;0;1;0;4;13;
Derrick Favors;F;40:45;4;9;0;0;5;6;3;8;11;1;0;0;3;3;13;
Enes Kanter;C;31:45;8;13;0;0;3;6;1;8;9;1;0;1;0;4;19;
Gordon Hayward;G;39:08;1;17;0;8;4;4;1;5;6;11;1;2;1;4;6;
John Lucas III;G;16:16;5;8;4;5;0;0;1;1;2;2;0;0;2;0;14;
Jeremy Evans;;12:57;4;4;0;0;0;0;1;0;1;1;1;1;2;4;8;
Trey Burke;;12:00;5;8;1;2;0;0;0;1;1;1;1;0;0;2;11;
Alec Burks;;15:37;3;6;0;1;2;2;0;1;1;1;1;2;4;2;8;
Michael Harris;;10:33;1;2;0;0;0;0;0;0;0;0;0;0;0;2;2;
Diante Garrett;;19:44;2;6;0;2;0;0;1;0;1;6;3;0;2;0;4;
NOP
Al-Farouq Aminu;F;27:59;2;5;0;0;0;2;2;6;8;4;2;1;0;2;4;
Anthony Davis;F;37:16;9;12;0;0;4;6;1;8;9;4;0;8;1;4;22;
Jason Smith;C;21:12;3;5;0;0;5;6;2;3;5;0;1;1;1;2;11;
Eric Gordon;G;28:03;3;13;0;4;3;4;0;1;1;0;0;0;1;1;9;
Jrue Holiday;G;26:19;7;14;0;2;0;0;1;3;4;4;1;0;3;5;14;
Ryan Anderson;;33:02;6;9;4;6;3;3;2;3;5;0;0;1;1;1;19;
Tyreke Evans;;25:08;5;13;0;2;3;6;2;3;5;4;4;1;2;2;13;
Brian Roberts;;10:37;0;2;0;0;0;0;1;1;2;3;0;0;1;1;0;
Anthony Morrow;;14:49;3;4;1;1;1;2;1;2;3;1;0;0;0;0;8;
Lou Amundson;;4:30;1;1;0;0;0;2;1;0;1;0;0;0;0;1;2;
Austin Rivers;;11:04;1;1;0;0;1;2;1;0;1;4;1;1;2;1;3;
