04-12;BOS-CLE;111-99;
28-18;32-24;29-16;22-41;
BOS
Jeff Green;F;31:19;6;18;3;9;4;6;0;8;8;2;1;2;1;4;19;
Brandon Bass;F;34:24;7;11;0;0;5;5;2;3;5;3;0;1;1;5;19;
Kelly Olynyk;C;38:52;11;23;2;5;1;1;0;12;12;3;0;0;4;6;25;
Avery Bradley;G;31:11;9;15;5;6;2;2;1;7;8;2;1;0;1;1;25;
Phil Pressey;G;42:11;4;8;1;3;0;0;2;3;5;13;1;0;2;2;9;
Chris Johnson;;22:38;2;7;0;4;3;4;1;3;4;2;1;0;0;1;7;
Joel Anthony;;21:35;2;5;0;0;0;0;0;3;3;1;0;2;0;3;4;
Chris Babb;;17:50;1;3;1;3;0;0;1;1;2;1;1;0;0;2;3;
CLE
Alonzo Gee;F;20:20;5;9;0;0;1;4;4;3;7;3;1;0;1;5;11;
Tristan Thompson;F;32:55;6;12;0;0;2;3;4;6;10;1;0;1;1;2;14;
Spencer Hawes;C;20:31;1;4;1;2;0;0;2;8;10;4;0;0;3;3;3;
Dion Waiters;G;27:07;6;15;0;3;3;6;1;3;4;2;0;1;1;0;15;
Kyrie Irving;G;31:00;3;15;1;4;8;8;0;1;1;2;0;0;1;2;15;
Jarrett Jack;;33:24;6;14;1;4;2;2;1;2;3;6;1;0;0;3;15;
Matthew Dellavedova;;32:15;4;9;2;5;0;0;0;1;1;2;0;0;3;0;10;
Anderson Varejao;;16:11;2;4;0;0;0;0;1;5;6;0;0;0;1;2;4;
Tyler Zeller;;26:18;4;8;0;0;4;7;2;5;7;2;0;0;0;3;12;
