12-03;MIL-BOS;100-108;
23-28;18-20;22-21;37-39;
MIL
Khris Middleton;F;32:34;5;10;3;3;1;2;1;3;4;3;1;0;1;3;14;
Ekpe Udoh;F;28:09;4;7;0;0;0;0;0;1;1;1;0;3;2;2;8;
John Henson;C;28:39;4;8;0;0;3;5;1;4;5;2;0;1;3;3;11;
O.J. Mayo;G;31:59;6;12;2;5;5;5;0;2;2;3;1;0;1;1;19;
Brandon Knight;G;30:54;5;15;3;7;2;2;1;3;4;6;1;0;0;2;15;
Zaza Pachulia;;18:03;3;5;0;0;2;2;2;2;4;1;0;1;1;2;8;
Ersan Ilyasova;;21:09;3;5;0;0;1;1;1;6;7;0;0;0;1;1;7;
Gary Neal;;16:01;2;6;0;3;4;4;0;1;1;1;0;0;0;2;8;
Luke Ridnour;;17:06;3;6;0;0;0;0;1;1;2;3;1;0;1;0;6;
Giannis Antetokounmpo;;15:26;2;4;0;0;0;0;1;2;3;1;0;1;2;1;4;
BOS
Jeff Green;F;32:21;6;9;3;5;3;5;1;4;5;3;0;0;3;3;18;
Brandon Bass;F;34:22;4;9;0;0;8;9;1;8;9;0;0;1;1;4;16;
Jared Sullinger;C;34:46;5;15;0;1;2;2;5;3;8;2;2;1;3;3;12;
Avery Bradley;G;30:24;6;12;3;6;0;0;1;3;4;0;0;0;0;3;15;
Jordan Crawford;G;38:48;8;14;4;7;5;7;1;1;2;5;1;0;2;3;25;
Gerald Wallace;;21:35;2;3;0;1;2;2;1;3;4;4;2;0;1;2;6;
Vitor Faverani;;6:45;0;2;0;1;0;0;0;0;0;1;0;1;0;1;0;
Courtney Lee;;15:39;5;7;1;2;0;0;0;0;0;1;0;0;1;1;11;
Kris Humphries;;20:07;2;5;0;0;1;2;1;7;8;3;1;1;0;2;5;
Phil Pressey;;5:13;0;1;0;1;0;0;0;0;0;1;1;0;1;1;0;
