01-03;NYK-HOU;100-102;
24-20;23-28;34-25;19-29;
NYK
Carmelo Anthony;F;37:54;10;23;2;4;3;3;1;7;8;2;0;0;2;4;25;
Andrea Bargnani;F;30:05;3;10;0;3;1;2;4;4;8;0;0;2;2;4;7;
Tyson Chandler;C;27:17;4;5;0;0;5;7;5;6;11;0;1;1;1;3;13;
Iman Shumpert;G;35:35;9;14;6;6;2;2;1;3;4;5;1;0;0;3;26;
Beno Udrih;G;34:12;5;13;0;1;0;0;1;3;4;7;2;0;0;3;10;
Toure Murry;;13:52;1;4;0;1;1;4;1;0;1;4;1;0;1;2;3;
J.R. Smith;;30:59;3;13;1;8;2;2;0;0;0;2;2;0;0;1;9;
Amar'e Stoudemire;;19:14;2;6;0;0;2;2;4;3;7;0;2;0;2;2;6;
Tim Hardaway Jr.;;10:52;0;1;0;1;1;2;0;1;1;0;0;0;0;0;1;
HOU
Chandler Parsons;F;44:21;6;13;1;5;4;5;1;10;11;2;3;0;2;2;17;
Terrence Jones;F;29:57;3;7;0;0;0;0;3;6;9;3;0;0;2;2;6;
Dwight Howard;C;38:28;6;11;0;0;3;6;2;5;7;0;1;3;1;3;15;
James Harden;G;44:28;10;19;5;10;12;12;2;5;7;6;0;0;5;2;37;
Jeremy Lin;G;28:11;5;11;1;2;3;3;1;1;2;4;0;0;3;2;14;
Aaron Brooks;;19:32;1;8;1;5;2;2;1;1;2;1;0;0;2;4;5;
Greg Smith;;9:32;0;0;0;0;0;0;0;1;1;0;0;0;0;0;0;
Omri Casspi;;6:20;2;3;1;2;0;0;0;1;1;0;0;0;0;0;5;
Francisco Garcia;;19:11;1;2;1;2;0;0;0;4;4;0;0;1;0;4;3;
