03-12;POR-SAS;90-103;
24-30;16-26;24-17;26-30;
POR
Nicolas Batum;F;37:54;4;11;1;4;4;5;4;10;14;2;1;0;1;3;13;
LaMarcus Aldridge;F;20:56;6;11;0;0;2;2;1;3;4;1;0;0;2;2;14;
Robin Lopez;C;33:37;1;6;0;0;2;2;3;3;6;0;0;2;0;3;4;
Wesley Matthews;G;35:56;5;11;1;5;2;6;1;3;4;4;0;0;2;2;13;
Damian Lillard;G;39:38;9;22;2;7;3;4;2;3;5;3;1;0;2;2;23;
Thomas Robinson;;11:14;0;3;0;0;1;3;2;3;5;0;0;0;0;0;1;
Earl Watson;;10:42;0;0;0;0;0;0;0;0;0;3;0;0;2;0;0;
CJ McCollum;;12:36;1;5;0;3;2;2;0;1;1;0;0;0;1;1;4;
Meyers Leonard;;7:50;0;3;0;0;2;2;0;2;2;0;0;0;0;3;2;
Dorell Wright;;21:44;3;7;0;2;4;4;1;5;6;0;1;0;1;0;10;
Will Barton;;5:47;3;4;0;0;0;0;0;1;1;0;0;0;1;1;6;
Victor Claver;;2:06;0;0;0;0;0;0;0;0;0;0;0;0;0;0;0;
SAS
Kawhi Leonard;F;34:58;6;8;0;1;0;0;2;7;9;1;2;1;1;2;12;
Tim Duncan;F;25:35;5;9;0;0;0;0;2;9;11;2;0;0;0;1;10;
Tiago Splitter;C;25:16;2;6;0;0;8;12;4;6;10;1;2;0;3;4;12;
Danny Green;G;24:22;5;11;4;7;0;0;0;6;6;1;1;1;1;1;14;
Tony Parker;G;29:35;4;13;0;0;1;2;1;3;4;5;0;0;4;1;9;
Manu Ginobili;;17:47;4;11;1;2;4;5;1;0;1;4;4;0;1;3;13;
Boris Diaw;;24:26;1;5;1;2;0;0;2;2;4;2;0;0;0;3;3;
Marco Belinelli;;20:55;3;7;2;6;1;1;0;3;3;1;1;0;1;1;9;
Patty Mills;;17:29;5;12;3;6;2;2;1;1;2;2;1;0;0;1;15;
Aron Baynes;;13:20;1;4;0;0;0;0;2;2;4;2;0;0;1;4;2;
Matt Bonner;;2:06;0;0;0;0;0;0;0;1;1;0;0;0;0;0;0;
Cory Joseph;;2:06;2;2;0;0;0;0;0;0;0;0;0;0;0;0;4;
Jeff Ayres;;2:06;0;0;0;0;0;0;0;0;0;0;0;0;0;0;0;
