01-17;SAC-MEM;90-91;
21-20;21-24;29-28;19-19;
SAC
Rudy Gay;F;37:09;7;18;0;1;5;5;2;2;4;3;0;0;4;2;19;
Jason Thompson;F;27:34;5;7;0;0;0;0;2;4;6;0;0;1;0;2;10;
DeMarcus Cousins;C;39:30;6;20;0;0;10;13;3;14;17;1;0;1;2;5;22;
Marcus Thornton;G;25:05;2;4;1;2;0;0;0;1;1;1;1;0;1;0;5;
Isaiah Thomas;G;38:59;5;14;2;6;2;3;0;3;3;9;1;0;3;3;14;
Aaron Gray;;12:02;0;0;0;0;0;0;0;2;2;0;0;0;2;2;0;
Derrick Williams;;26:13;4;7;0;0;2;2;2;3;5;1;1;0;0;1;10;
Ben McLemore;;13:22;3;6;1;1;0;0;0;1;1;0;0;0;0;0;7;
Jimmer Fredette;;9:03;1;4;1;1;0;0;0;0;0;1;0;0;2;0;3;
Quincy Acy;;11:03;0;1;0;0;0;0;1;3;4;1;1;0;0;1;0;
MEM
Tayshaun Prince;F;27:11;1;5;0;1;0;0;0;4;4;1;1;0;0;0;2;
Zach Randolph;F;35:54;5;12;0;1;2;2;1;8;9;2;0;4;2;1;12;
Marc Gasol;C;30:53;7;13;0;0;2;2;1;2;3;2;2;4;1;5;16;
Courtney Lee;G;32:43;7;14;1;5;2;2;0;5;5;2;0;1;1;1;17;
Mike Conley;G;37:20;8;13;3;5;6;8;0;2;2;6;1;1;1;3;25;
James Johnson;;20:51;3;10;1;3;0;0;2;2;4;4;1;2;2;4;7;
Kosta Koufos;;15:42;1;3;0;0;0;2;0;2;2;0;1;1;0;3;2;
Nick Calathes;;14:47;3;4;1;1;0;0;0;2;2;0;2;0;1;2;7;
Ed Davis;;12:04;1;2;0;0;1;2;0;3;3;0;0;0;0;3;3;
Mike Miller;;12:35;0;2;0;1;0;0;0;3;3;1;0;0;2;1;0;
