01-30;PHX-IND;102-94;
36-19;30-30;11-25;25-20;
PHX
PJ Tucker;F;36:06;3;8;0;1;1;2;2;5;7;2;1;0;4;2;7;
Channing Frye;F;37:57;3;8;1;6;0;0;0;8;8;2;0;2;0;2;7;
Miles Plumlee;C;19:06;2;8;0;0;0;0;2;4;6;0;2;1;2;3;4;
Gerald Green;G;30:26;6;15;2;3;2;2;0;4;4;2;0;1;3;1;16;
Goran Dragic;G;33:48;11;21;1;2;5;7;2;1;3;7;1;0;2;3;28;
Markieff Morris;;24:07;4;10;2;3;5;6;1;2;3;2;1;0;0;5;15;
Leandro Barbosa;;15:16;3;4;1;1;2;2;1;3;4;1;0;0;1;0;9;
Marcus Morris;;20:59;7;12;1;1;1;1;2;4;6;2;0;0;0;1;16;
Alex Len;;14:22;0;4;0;0;0;0;1;4;5;0;1;0;0;4;0;
Ish Smith;;7:53;0;1;0;0;0;0;0;0;0;0;0;0;0;0;0;
IND
Paul George;F;38:17;5;17;0;6;2;4;2;10;12;4;0;0;4;3;12;
David West;F;32:18;8;18;0;1;2;2;0;3;3;1;0;1;2;4;18;
Roy Hibbert;C;37:45;9;17;0;0;8;11;4;2;6;0;0;2;2;2;26;
Lance Stephenson;G;36:53;6;12;1;3;1;1;2;8;10;10;0;0;5;5;14;
George Hill;G;33:57;7;8;0;1;3;4;1;1;2;0;1;1;1;3;17;
Luis Scola;;15:14;1;5;0;0;1;2;3;4;7;0;0;0;0;4;3;
Danny Granger;;21:18;0;3;0;1;0;0;1;3;4;0;0;2;0;0;0;
CJ Watson;;14:03;2;6;0;3;0;0;0;2;2;0;1;0;0;2;4;
Ian Mahinmi;;10:15;0;1;0;0;0;0;1;0;1;0;0;0;1;0;0;
