02-12;SAS-BOS;104-92;
25-19;23-25;23-22;33-26;
SAS
Danny Green;F;30:49;3;7;1;2;0;0;1;4;5;5;1;1;0;5;7;
Tim Duncan;F;35:15;9;15;0;0;7;8;1;8;9;2;0;1;3;2;25;
Boris Diaw;C;31:32;8;12;1;2;1;1;1;2;3;4;0;0;2;0;18;
Marco Belinelli;G;35:45;6;12;2;4;2;2;0;11;11;8;0;0;1;1;16;
Cory Joseph;G;37:08;4;9;1;1;2;2;1;3;4;5;3;0;1;3;11;
Matt Bonner;;18:39;3;7;1;2;0;0;0;4;4;0;2;0;1;2;7;
Nando De Colo;;9:14;1;3;0;0;0;0;0;1;1;0;0;0;0;1;2;
Jeff Ayres;;10:34;0;1;0;0;0;0;1;0;1;0;0;0;0;1;0;
Patty Mills;;19:32;6;13;3;8;1;1;1;1;2;0;2;0;1;2;16;
Shannon Brown;;11:33;1;3;0;0;0;0;0;0;0;0;1;0;0;2;2;
BOS
Jeff Green;F;34:36;4;17;1;4;1;2;1;1;2;3;1;0;4;1;10;
Brandon Bass;F;21:06;5;8;0;0;2;2;2;3;5;1;0;0;1;4;12;
Jared Sullinger;C;18:31;2;9;0;2;0;0;5;2;7;0;0;0;2;1;4;
Gerald Wallace;G;28:47;3;9;0;1;0;0;0;1;1;1;1;0;0;1;6;
Rajon Rondo;G;31:09;6;7;4;5;0;0;0;2;2;4;2;0;1;0;16;
Kelly Olynyk;;30:54;6;11;0;3;3;5;1;9;10;2;0;1;1;2;15;
Jerryd Bayless;;25:05;5;7;0;0;1;2;0;5;5;9;1;0;1;2;11;
Kris Humphries;;22:35;5;9;0;0;5;6;0;6;6;2;0;1;1;3;15;
Phil Pressey;;10:34;1;1;1;1;0;0;0;0;0;1;0;0;3;1;3;
Chris Johnson;;13:49;0;1;0;1;0;0;0;0;0;1;0;0;0;0;0;
Joel Anthony;;2:54;0;1;0;0;0;0;0;0;0;0;0;0;0;0;0;
