03-12;BKN-MIA;96-95;
22-22;20-20;31-29;23-24;
BKN
Joe Johnson;F;34:20;2;10;1;6;3;3;1;5;6;2;1;0;5;3;8;
Paul Pierce;F;31:34;9;12;5;7;6;7;0;4;4;1;1;0;2;5;29;
Mason Plumlee;C;22:02;2;3;0;0;0;0;1;3;4;1;0;2;0;2;4;
Shaun Livingston;G;38:09;5;11;0;0;3;3;1;6;7;4;3;1;4;4;13;
Deron Williams;G;34:45;2;8;1;3;1;1;1;2;3;8;2;0;3;1;6;
Andray Blatche;;25:58;5;10;0;0;1;3;3;1;4;3;0;1;1;3;11;
Marcus Thornton;;23:06;2;9;1;5;0;0;0;3;3;0;3;0;0;1;5;
Alan Anderson;;13:40;1;4;1;3;0;0;0;2;2;0;1;0;0;3;3;
Mirza Teletovic;;16:26;6;11;3;5;2;2;2;2;4;0;0;3;0;0;17;
MIA
LeBron James;F;38:03;6;13;1;4;6;9;0;5;5;7;3;0;5;1;19;
Shane Battier;F;28:27;1;4;1;4;0;0;0;0;0;4;1;1;0;0;3;
Chris Bosh;C;35:07;9;14;2;4;4;5;1;6;7;1;0;0;2;3;24;
Dwyane Wade;G;37:10;8;11;0;0;6;7;0;2;2;2;0;1;2;4;22;
Mario Chalmers;G;35:35;5;11;4;8;0;0;1;8;9;2;1;0;4;3;14;
Chris Andersen;;18:23;1;2;0;0;2;2;0;6;6;0;1;1;1;1;4;
Ray Allen;;27:44;0;3;0;3;1;1;0;3;3;1;0;0;0;1;1;
Norris Cole;;13:45;2;4;1;2;1;2;0;0;0;1;0;0;3;2;6;
Michael Beasley;;5:46;1;6;0;2;0;0;1;0;1;0;0;0;0;1;2;
