11-22;MIL-PHI;107-115;
20-28;33-27;20-20;29-27;5-13;
MIL
Caron Butler;F;36:18;13;22;4;8;8;11;2;6;8;3;3;0;4;3;38;
Ersan Ilyasova;F;40:35;9;17;1;4;0;0;1;5;6;6;3;0;1;4;19;
Zaza Pachulia;C;34:14;3;8;0;0;1;1;3;3;6;0;0;0;2;1;7;
O.J. Mayo;G;36:13;3;12;0;6;3;4;0;0;0;8;0;0;0;3;9;
Luke Ridnour;G;34:13;1;7;1;2;1;2;1;3;4;9;2;0;3;1;4;
Gary Neal;;18:05;3;10;2;6;2;2;0;1;1;2;0;0;1;2;10;
Nate Wolters;;17:37;3;5;0;1;1;2;0;1;1;4;0;0;2;0;7;
John Henson;;18:34;2;4;0;0;1;2;1;2;3;1;0;3;0;3;5;
Ekpe Udoh;;12:22;3;5;0;0;0;0;2;0;2;0;0;1;2;4;6;
Khris Middleton;;16:50;1;3;0;2;0;0;0;1;1;1;1;0;1;2;2;
PHI
Evan Turner;F;38:47;10;18;0;1;7;8;1;5;6;3;1;0;5;4;27;
Spencer Hawes;F;39:00;11;16;3;6;0;0;2;10;12;2;0;0;6;3;25;
Daniel Orton;C;18:48;1;3;0;0;2;3;1;5;6;3;1;1;2;4;4;
James Anderson;G;35:44;5;9;2;6;0;2;0;0;0;3;0;1;3;2;12;
Michael Carter-Williams;G;33:57;4;8;1;2;3;6;1;7;8;11;5;1;5;6;12;
Lavoy Allen;;34:08;4;6;0;1;1;2;1;7;8;3;0;1;1;2;9;
Tony Wroten;;11:00;1;4;0;1;1;2;0;1;1;6;1;0;2;1;3;
Brandon Davies;;14:00;0;0;0;0;1;2;0;0;0;0;0;0;1;0;1;
Elliot Williams;;13:47;2;5;0;1;2;2;1;0;1;0;0;0;1;3;6;
Hollis Thompson;;20:57;7;9;1;1;1;2;3;4;7;1;0;0;0;1;16;
Lorenzo Brown;;4:52;0;1;0;1;0;0;0;1;1;2;0;0;0;0;0;
