02-22;DAL-DET;113-102;
29-27;35-27;24-28;25-20;
DAL
Shawn Marion;F;30:47;5;12;0;3;0;0;4;7;11;2;1;0;0;2;10;
Dirk Nowitzki;F;30:34;9;19;2;7;4;4;0;4;4;1;0;0;1;4;24;
Samuel Dalembert;C;24:44;6;9;0;0;0;3;6;5;11;1;0;3;2;1;12;
Monta Ellis;G;37:04;5;9;0;0;2;2;0;1;1;13;3;0;2;2;12;
Jose Calderon;G;29:09;4;8;2;4;1;2;0;4;4;4;1;0;4;2;11;
Vince Carter;;29:32;5;13;3;6;5;6;2;4;6;5;1;1;2;0;18;
DeJuan Blair;;9:36;2;5;0;0;0;0;3;0;3;0;1;0;2;1;4;
Devin Harris;;18:51;2;5;0;1;2;2;0;4;4;3;0;1;1;3;6;
Wayne Ellington;;15:40;2;3;1;2;2;2;0;2;2;2;1;0;0;1;7;
Brandan Wright;;13:40;4;7;0;0;1;1;1;3;4;0;0;1;0;3;9;
Shane Larkin;;0:23;0;0;0;0;0;0;0;0;0;0;0;0;0;0;0;
DET
Josh Smith;F;38:05;14;20;1;1;3;4;0;3;3;3;1;3;4;2;32;
Greg Monroe;F;39:43;7;13;0;0;3;6;4;13;17;2;0;2;2;2;17;
Andre Drummond;C;19:46;3;6;0;0;2;4;1;2;3;0;1;1;0;5;8;
Kyle Singler;G;33:56;3;8;1;3;0;2;1;4;5;2;3;0;1;0;7;
Brandon Jennings;G;29:15;1;7;0;3;0;0;0;1;1;3;0;0;1;1;2;
Rodney Stuckey;;23:43;2;9;0;1;5;5;0;2;2;3;1;0;0;3;9;
Will Bynum;;31:33;7;12;0;0;3;4;2;2;4;8;0;0;2;5;17;
Kentavious Caldwell-Pope;;14:04;2;5;0;2;1;2;0;2;2;0;1;0;0;1;5;
Jonas Jerebko;;9:55;1;2;0;1;3;3;1;1;2;0;0;0;0;0;5;
