01-22;BOS-WAS;113-111;
32-22;29-21;15-30;23-26;14-12;
BOS
Jeff Green;F;45:44;14;26;8;16;3;5;0;9;9;1;3;1;1;2;39;
Jared Sullinger;F;33:30;5;11;1;3;3;4;3;8;11;1;0;1;4;3;14;
Kris Humphries;C;34:56;3;10;0;1;2;2;0;6;6;3;2;3;0;1;8;
Gerald Wallace;G;40:27;2;4;0;1;5;6;1;5;6;9;4;1;2;2;9;
Phil Pressey;G;34:31;7;10;5;6;1;2;0;1;1;4;2;1;5;6;20;
Chris Johnson;;29:35;3;9;1;6;2;2;0;2;2;1;4;0;2;2;9;
Brandon Bass;;22:10;4;10;0;0;0;0;0;2;2;0;0;1;2;3;8;
Kelly Olynyk;;14:59;2;6;0;1;0;0;1;2;3;1;0;0;0;2;4;
Joel Anthony;;4:55;0;1;0;0;0;0;0;0;0;0;0;0;0;1;0;
Vander Blue;;4:13;1;2;0;0;0;2;0;2;2;1;0;0;2;0;2;
WAS
Trevor Ariza;F;42:48;5;8;4;6;0;0;0;2;2;2;3;1;2;3;14;
Nene;F;33:51;7;14;0;0;3;5;3;6;9;3;1;1;2;3;17;
Marcin Gortat;C;44:22;4;8;0;0;3;5;2;11;13;2;3;1;1;2;11;
Bradley Beal;G;30:18;7;16;0;4;0;0;1;2;3;4;0;1;3;1;14;
John Wall;G;44:04;9;29;0;4;10;13;1;10;11;10;3;0;6;5;28;
Kevin Seraphin;;7:27;2;3;0;0;0;0;0;1;1;0;0;0;0;1;4;
Martell Webster;;32:58;3;9;3;8;1;1;0;2;2;0;0;0;2;4;10;
Trevor Booker;;20:18;4;6;0;0;1;1;5;3;8;2;0;0;0;3;9;
Garrett Temple;;8:56;1;1;0;0;2;2;0;1;1;0;0;0;2;1;4;
