01-20;POR-HOU;113-126;
28-37;28-34;35-35;22-20;
POR
Nicolas Batum;F;33:50;2;6;1;3;1;3;2;1;3;7;2;0;2;5;6;
LaMarcus Aldridge;F;36:49;11;26;0;1;5;6;8;12;20;3;2;1;0;1;27;
Robin Lopez;C;27:31;5;8;0;0;3;3;3;0;3;0;1;1;1;2;13;
Wesley Matthews;G;33:54;8;17;2;9;0;0;0;1;1;1;2;0;1;3;18;
Damian Lillard;G;35:52;7;17;3;8;7;8;0;1;1;5;0;0;4;3;24;
Mo Williams;;25:41;4;10;1;2;0;0;1;2;3;3;2;0;1;2;9;
CJ McCollum;;14:40;3;7;1;2;0;0;0;1;1;0;0;1;0;2;7;
Joel Freeland;;4:06;0;0;0;0;0;0;0;0;0;0;1;0;0;3;0;
Thomas Robinson;;13:31;1;3;0;0;1;2;0;2;2;0;0;0;1;1;3;
Meyers Leonard;;6:44;2;2;0;0;0;0;0;0;0;0;1;0;1;1;4;
Earl Watson;;3:41;0;0;0;0;0;0;0;1;1;1;0;0;0;0;0;
Will Barton;;3:41;1;1;0;0;0;0;0;2;2;1;1;0;0;0;2;
HOU
Chandler Parsons;F;42:13;12;19;3;5;4;4;2;8;10;7;0;2;1;1;31;
Donatas Motiejunas;F;21:46;4;8;1;2;0;0;4;5;9;2;1;1;0;6;9;
Dwight Howard;C;37:50;9;15;0;0;6;9;4;8;12;3;1;0;4;4;24;
James Harden;G;41:25;7;15;4;9;4;5;2;4;6;5;1;0;5;3;22;
Patrick Beverley;G;28:56;5;11;3;8;4;4;1;1;2;3;1;0;2;2;17;
Jeremy Lin;;24:41;3;8;2;3;0;0;1;1;2;5;1;0;4;0;8;
Omri Casspi;;33:11;5;9;3;5;2;2;3;5;8;2;0;0;2;2;15;
Ronnie Brewer;;8:56;0;1;0;1;0;0;0;2;2;0;0;0;0;0;0;
Robert Covington;;0:31;0;0;0;0;0;0;0;1;1;0;0;0;0;0;0;
Aaron Brooks;;0:31;0;0;0;0;0;0;0;0;0;0;0;0;0;0;0;
