02-10;SAS-DET;100-109;
24-25;24-34;24-33;28-17;
SAS
Danny Green;F;23:45;1;6;0;4;0;0;1;1;2;1;0;1;2;2;2;
Tim Duncan;F;21:43;5;8;0;0;1;2;0;8;8;4;0;1;6;0;11;
Aron Baynes;C;20:23;2;5;0;0;0;0;4;2;6;2;0;0;2;3;4;
Nando De Colo;G;24:49;3;8;0;2;0;0;1;2;3;2;1;0;1;1;6;
Tony Parker;G;20:44;5;9;0;0;1;1;0;1;1;3;0;0;1;0;11;
Jeff Ayres;;17:17;4;4;0;0;0;0;0;1;1;0;1;0;2;5;8;
Cory Joseph;;25:51;3;7;0;1;5;6;1;2;3;9;0;0;0;2;11;
Marco Belinelli;;28:53;8;15;4;8;0;0;1;4;5;1;0;0;2;2;20;
Boris Diaw;;22:59;6;9;0;0;0;0;0;4;4;3;0;1;0;2;12;
Patty Mills;;13:53;3;6;0;1;0;0;0;1;1;1;0;0;1;1;6;
Matt Bonner;;13:38;2;3;1;1;0;0;0;4;4;0;0;0;2;0;5;
Shannon Brown;;6:05;1;2;0;0;2;2;0;0;0;1;0;0;0;0;4;
DET
Josh Smith;F;38:13;4;12;0;1;4;4;0;6;6;2;2;1;2;1;12;
Greg Monroe;F;36:41;7;10;0;0;1;2;4;6;10;3;2;0;1;1;15;
Andre Drummond;C;26:11;7;10;0;0;0;2;6;3;9;0;1;3;1;5;14;
Kyle Singler;G;32:08;3;11;2;6;2;4;3;3;6;0;2;0;2;2;10;
Brandon Jennings;G;32:25;8;18;2;4;3;3;1;3;4;6;2;0;0;0;21;
Rodney Stuckey;;27:42;7;13;0;0;6;8;3;1;4;3;1;0;3;5;20;
Will Bynum;;15:35;4;8;0;0;0;0;0;0;0;2;2;0;0;2;8;
Kentavious Caldwell-Pope;;21:16;3;7;1;5;2;3;0;1;1;0;1;0;2;1;9;
Jonas Jerebko;;9:49;0;1;0;0;0;0;1;1;2;0;0;0;0;2;0;
