12-13;SAC-PHX;107-116;
34-28;27-30;21-27;25-31;
SAC
Rudy Gay;F;36:28;8;12;0;3;8;9;0;1;1;1;1;2;2;0;24;
Jason Thompson;F;13:57;2;2;0;0;0;0;0;0;0;0;0;0;1;5;4;
DeMarcus Cousins;C;34:09;5;16;0;0;5;6;5;11;16;5;5;1;3;2;15;
Ben McLemore;G;26:54;1;6;0;1;2;2;1;1;2;1;0;0;3;1;4;
Isaiah Thomas;G;42:29;11;20;3;6;4;4;2;4;6;2;1;0;3;4;29;
Derrick Williams;;30:29;4;10;2;3;4;4;1;3;4;1;1;0;1;3;14;
Aaron Gray;;13:11;3;6;0;0;1;2;6;3;9;0;0;0;1;1;7;
Marcus Thornton;;21:06;1;7;1;4;0;0;1;2;3;2;2;0;0;2;3;
Jimmer Fredette;;5:31;1;2;0;0;0;0;0;0;0;0;1;0;1;1;2;
Travis Outlaw;;15:46;2;6;0;2;1;2;1;1;2;0;0;1;0;3;5;
PHX
PJ Tucker;F;32:17;3;13;1;3;3;5;5;4;9;2;1;0;1;2;10;
Channing Frye;F;36:38;3;8;3;6;2;2;1;4;5;0;0;2;3;3;11;
Miles Plumlee;C;26:53;6;12;0;0;0;0;4;5;9;2;4;3;2;4;12;
Goran Dragic;G;34:56;10;14;4;5;5;7;2;2;4;3;1;0;4;2;29;
Eric Bledsoe;G;35:04;11;16;2;4;4;4;0;5;5;8;3;2;3;2;28;
Markieff Morris;;22:10;2;5;0;0;5;6;3;3;6;2;1;0;1;2;9;
Viacheslav Kravtsov;;4:10;0;0;0;0;0;0;0;0;0;0;0;0;1;1;0;
Gerald Green;;24:53;3;9;2;5;2;3;1;2;3;3;0;1;1;3;10;
Marcus Morris;;20:12;3;6;0;1;1;2;0;2;2;0;1;1;0;1;7;
Archie Goodwin;;2:47;0;0;0;0;0;0;0;0;0;0;0;0;0;0;0;
