12-04;DET-MIL;105-98;
26-19;19-31;35-17;25-31;
DET
Josh Smith;F;41:33;6;19;1;6;4;5;2;4;6;3;1;3;2;1;17;
Greg Monroe;F;31:20;6;15;0;0;6;6;7;10;17;3;0;2;1;2;18;
Andre Drummond;C;37:37;8;13;0;0;8;14;7;12;19;0;2;3;2;3;24;
Kentavious Caldwell-Pope;G;27:54;3;6;2;4;0;2;2;1;3;1;0;1;1;1;8;
Brandon Jennings;G;41:38;4;16;2;5;7;8;0;2;2;11;3;1;6;1;17;
Kyle Singler;;20:37;5;6;2;3;3;3;1;2;3;0;0;0;0;6;15;
Rodney Stuckey;;25:06;1;8;0;3;2;2;0;2;2;1;1;0;2;3;4;
Jonas Jerebko;;7:21;0;1;0;0;2;2;1;1;2;2;0;1;0;1;2;
Peyton Siva;;3:38;0;0;0;0;0;0;0;0;0;0;0;0;1;3;0;
Josh Harrellson;;3:16;0;2;0;0;0;0;1;0;1;0;0;0;0;0;0;
MIL
Khris Middleton;F;20:21;5;6;4;5;0;0;0;4;4;2;0;0;2;4;14;
Ekpe Udoh;F;21:44;1;4;0;0;1;2;1;3;4;0;1;6;1;4;3;
John Henson;C;29:33;5;14;0;0;2;2;4;5;9;2;2;3;3;4;12;
O.J. Mayo;G;23:22;2;8;1;5;2;2;0;1;1;4;0;1;1;2;7;
Brandon Knight;G;19:36;4;11;1;4;3;5;0;1;1;3;0;0;1;2;12;
Zaza Pachulia;;6:12;0;2;0;0;2;2;1;1;2;0;2;0;1;1;2;
Ersan Ilyasova;;36:33;8;19;2;6;4;5;7;3;10;1;1;0;4;5;22;
Luke Ridnour;;28:24;4;10;0;1;2;2;1;2;3;8;3;0;2;2;10;
Giannis Antetokounmpo;;27:39;3;5;0;2;0;1;0;6;6;4;1;3;0;3;6;
Gary Neal;;24:38;3;11;1;4;1;1;1;1;2;0;0;0;1;0;8;
Miroslav Raduljica;;1:58;1;1;0;0;0;0;0;1;1;1;0;0;1;2;2;
