02-07;SAC-BOS;89-99;
29-21;17-28;23-22;20-28;
SAC
Derrick Williams;F;42:19;2;11;0;3;7;7;4;8;12;3;1;1;0;2;11;
Jason Thompson;F;35:42;2;9;0;0;2;2;4;2;6;1;0;1;1;2;6;
DeMarcus Cousins;C;39:30;11;19;0;0;9;11;3;13;16;3;0;1;4;3;31;
Travis Outlaw;G;33:22;2;7;1;3;0;0;1;3;4;0;0;1;1;3;5;
Isaiah Thomas;G;38:59;9;23;3;7;3;3;0;2;2;6;1;0;2;1;24;
Ben McLemore;;20:44;3;11;1;2;1;1;1;3;4;2;1;1;1;1;8;
Quincy Acy;;12:18;1;3;0;0;0;0;2;0;2;1;0;0;0;2;2;
Jimmer Fredette;;7:51;1;2;0;0;0;0;0;0;0;1;0;0;1;1;2;
Carl Landry;;8:06;0;1;0;0;0;0;0;1;1;0;0;0;0;0;0;
Ray McCallum;;1:10;0;1;0;0;0;0;0;0;0;0;0;0;0;0;0;
BOS
Jeff Green;F;32:38;6;20;2;8;3;5;1;2;3;3;0;0;1;1;17;
Brandon Bass;F;21:25;1;8;0;0;0;0;1;4;5;0;0;1;2;3;2;
Jared Sullinger;C;33:20;14;24;1;3;2;2;4;12;16;0;1;1;2;2;31;
Gerald Wallace;G;40:19;4;8;0;0;0;2;3;9;12;9;2;1;1;3;8;
Phil Pressey;G;22:19;2;6;0;2;0;0;0;4;4;3;1;0;1;3;4;
Jerryd Bayless;;28:07;7;9;4;5;1;2;0;0;0;4;1;1;2;1;19;
Kelly Olynyk;;26:14;3;5;1;1;4;4;4;5;9;5;1;0;2;4;11;
Chris Johnson;;20:37;2;6;1;3;0;0;1;0;1;0;1;0;0;2;5;
Joel Anthony;;7:49;1;1;0;0;0;0;1;0;1;0;0;2;0;0;2;
Kris Humphries;;7:12;0;1;0;0;0;0;0;1;1;0;1;0;2;2;0;
