01-02;PHI-SAC;113-104;
30-25;31-26;31-26;21-27;
PHI
Evan Turner;F;42:26;11;22;0;4;2;2;2;8;10;6;2;0;1;3;24;
Thaddeus Young;F;36:26;9;16;1;2;9;9;2;5;7;4;6;1;0;2;28;
Spencer Hawes;C;17:10;4;11;1;3;1;1;2;5;7;1;0;1;2;6;10;
Hollis Thompson;G;22:26;1;3;1;2;0;0;0;1;1;0;0;2;1;2;3;
Michael Carter-Williams;G;27:22;3;11;0;2;1;2;1;3;4;5;2;3;3;4;7;
James Anderson;;17:23;2;4;1;2;0;0;2;2;4;1;0;0;3;0;5;
Lavoy Allen;;15:10;5;7;0;1;0;0;2;4;6;1;0;0;1;6;10;
Tony Wroten;;31:29;6;13;1;3;8;13;0;4;4;3;1;0;1;3;21;
Brandon Davies;;8:39;0;0;0;0;0;0;0;0;0;0;0;1;0;2;0;
Elliot Williams;;2:54;0;0;0;0;0;0;0;0;0;0;0;0;0;1;0;
Daniel Orton;;18:35;1;3;0;0;3;4;2;2;4;2;1;3;0;2;5;
SAC
Rudy Gay;F;30:00;7;11;0;1;4;5;2;5;7;2;1;1;3;1;18;
Jason Thompson;F;19:39;1;2;0;0;0;1;0;5;5;0;0;1;2;4;2;
DeMarcus Cousins;C;28:21;10;16;0;0;13;19;4;10;14;2;2;1;5;5;33;
Ben McLemore;G;23:10;0;5;0;3;0;0;1;2;3;0;0;0;2;2;0;
Isaiah Thomas;G;36:17;7;18;4;9;5;6;0;1;1;7;0;0;3;5;23;
Derrick Williams;;25:09;4;7;0;1;3;4;2;0;2;0;0;3;2;3;11;
Quincy Acy;;16:41;0;5;0;0;0;0;2;1;3;0;0;0;0;3;0;
Marcus Thornton;;19:54;1;6;0;3;0;0;1;3;4;2;0;0;1;1;2;
Travis Outlaw;;21:12;0;4;0;0;0;0;2;5;7;1;1;0;0;1;0;
Jimmer Fredette;;16:39;5;9;3;6;2;2;1;3;4;0;0;1;3;0;15;
Aaron Gray;;2:58;0;0;0;0;0;0;1;0;1;0;0;0;1;2;0;
