12-14;LAC-WAS;113-97;
34-28;25-18;30-31;24-20;
LAC
Jared Dudley;F;29:30;7;10;2;4;0;0;0;1;1;3;0;0;0;3;16;
Blake Griffin;F;39:01;6;13;0;1;4;4;1;8;9;5;2;1;3;2;16;
DeAndre Jordan;C;31:02;6;6;0;0;3;6;2;8;10;1;0;2;1;4;15;
Jamal Crawford;G;39:20;6;14;1;4;4;4;0;1;1;3;1;0;1;2;17;
Chris Paul;G;32:49;11;14;5;7;11;11;1;2;3;12;3;0;2;2;38;
Willie Green;;21:29;0;3;0;1;0;0;0;0;0;2;0;0;0;2;0;
Antawn Jamison;;13:24;2;5;1;2;0;0;0;2;2;0;0;0;0;1;5;
Darren Collison;;18:18;1;3;0;1;3;4;1;2;3;0;2;0;0;2;5;
Stephen Jackson;;7:57;0;0;0;0;1;2;0;3;3;1;1;0;2;1;1;
Ryan Hollins;;4:34;0;0;0;0;0;0;0;2;2;0;0;0;0;1;0;
Byron Mullens;;2:36;0;1;0;1;0;0;0;0;0;0;0;0;1;0;0;
WAS
Martell Webster;F;32:51;4;9;0;3;4;6;0;1;1;0;0;0;0;2;12;
Trevor Booker;F;26:33;6;11;0;0;0;0;2;5;7;0;0;0;0;5;12;
Marcin Gortat;C;28:02;3;10;0;0;0;0;2;5;7;1;0;1;1;0;6;
Trevor Ariza;G;40:37;3;10;1;5;4;5;1;2;3;5;2;2;2;3;11;
John Wall;G;40:37;10;16;0;4;4;5;1;2;3;12;1;0;6;5;24;
Jan Vesely;;12:25;2;3;0;0;0;2;0;3;3;0;2;0;3;1;4;
Glen Rice Jr.;;17:35;3;5;0;0;0;0;1;2;3;0;1;0;0;1;6;
Garrett Temple;;4:01;0;0;0;0;0;0;0;0;0;1;0;0;1;2;0;
Otto Porter;;10:30;0;2;0;0;0;0;1;1;2;0;0;0;0;3;0;
Kevin Seraphin;;20:05;7;12;0;0;2;2;1;2;3;1;0;0;0;3;16;
Eric Maynor;;3:22;0;0;0;0;0;0;0;0;0;1;0;0;0;0;0;
Chris Singleton;;3:22;2;3;2;2;0;0;0;1;1;0;0;0;0;1;6;
