04-03;DAL-LAC;113-107;
32-26;26-30;28-25;27-26;
DAL
Shawn Marion;F;30:51;2;5;0;0;3;4;3;6;9;2;0;3;3;0;7;
Dirk Nowitzki;F;34:48;10;18;4;7;2;2;0;11;11;1;2;1;2;4;26;
Samuel Dalembert;C;28:35;3;4;0;0;6;6;3;3;6;1;0;2;2;4;12;
Monta Ellis;G;36:49;4;12;1;5;3;4;0;4;4;9;0;1;2;0;12;
Jose Calderon;G;26:53;8;13;3;5;0;0;0;2;2;1;0;0;1;4;19;
Vince Carter;;25:22;6;12;4;7;0;0;0;2;2;1;1;0;0;3;16;
Devin Harris;;23:22;2;6;2;4;0;0;0;3;3;7;0;0;0;1;6;
Brandan Wright;;16:25;4;7;0;0;0;0;0;3;3;1;1;1;0;3;8;
Jae Crowder;;13:55;2;3;0;1;1;2;1;4;5;1;0;1;1;2;5;
DeJuan Blair;;3:00;0;2;0;0;2;2;1;0;1;0;0;0;0;0;2;
LAC
Matt Barnes;F;38:09;2;9;1;6;1;2;1;5;6;2;0;1;2;2;6;
Blake Griffin;F;39:39;9;23;0;0;7;7;4;6;10;11;1;1;1;5;25;
DeAndre Jordan;C;38:37;9;12;0;0;3;8;5;10;15;0;2;2;0;3;21;
Darren Collison;G;37:55;7;14;2;6;6;6;0;2;2;1;3;0;1;3;22;
Chris Paul;G;39:33;7;14;1;7;2;2;2;3;5;9;1;0;1;3;17;
JJ Redick;;23:36;3;10;2;6;4;4;0;2;2;1;0;0;0;0;12;
Glen Davis;;9:48;2;4;0;0;0;0;0;1;1;0;0;0;1;2;4;
Jared Dudley;;10:39;0;4;0;1;0;0;0;0;0;2;0;0;0;1;0;
Reggie Bullock;;2:04;0;1;0;1;0;0;0;0;0;0;0;0;0;1;0;
