03-24;MIN-MEM;92-109;
15-30;24-27;29-24;24-28;
MIN
Corey Brewer;F;27:04;6;10;1;1;2;3;3;4;7;0;0;0;1;3;15;
Kevin Love;F;34:15;6;18;2;8;2;2;1;6;7;4;0;0;3;1;16;
Gorgui Dieng;C;36:35;5;10;0;0;1;2;7;10;17;1;1;0;2;4;11;
Kevin Martin;G;23:23;5;13;0;3;3;4;1;0;1;1;0;0;1;1;13;
Ricky Rubio;G;31:40;1;8;0;4;4;4;1;1;2;4;3;1;1;3;6;
Shabazz Muhammad;;12:29;1;5;0;0;0;0;0;0;0;0;0;0;0;0;2;
Dante Cunningham;;20:31;4;7;0;0;1;1;1;1;2;2;2;1;0;2;9;
Chase Budinger;;24:37;3;9;1;3;2;2;0;5;5;2;0;1;1;0;9;
Alexey Shved;;16:20;1;7;1;3;2;2;0;0;0;5;1;1;1;0;5;
Luc Mbah a Moute;;8:27;0;1;0;0;0;0;0;0;0;0;0;0;0;0;0;
Robbie Hummel;;4:39;2;2;2;2;0;0;0;1;1;0;0;0;0;0;6;
MEM
Tayshaun Prince;F;26:50;6;11;0;0;0;0;1;5;6;0;0;0;0;1;12;
Zach Randolph;F;27:59;7;11;1;1;2;2;2;2;4;2;0;0;1;2;17;
Marc Gasol;C;26:42;6;13;0;1;2;5;4;8;12;3;1;0;1;1;14;
Courtney Lee;G;21:13;0;1;0;0;0;0;0;2;2;3;0;0;1;4;0;
Mike Conley;G;29:50;9;12;3;5;2;5;1;4;5;6;2;0;3;1;23;
Nick Calathes;;16:30;1;4;0;0;0;0;1;1;2;3;1;0;2;1;2;
Mike Miller;;18:19;4;8;2;3;1;1;0;3;3;3;0;0;1;2;11;
Ed Davis;;18:19;6;8;0;0;0;0;3;4;7;0;0;1;0;2;12;
James Johnson;;25:26;2;7;0;2;0;0;2;1;3;5;0;2;3;0;4;
Kosta Koufos;;17:58;4;11;0;0;0;0;2;6;8;0;0;1;1;4;8;
Beno Udrih;;6:15;2;3;0;0;0;0;0;0;0;0;0;0;1;1;4;
Jon Leuer;;4:39;1;2;0;0;0;0;0;2;2;0;0;0;0;0;2;
