01-01;DAL-WAS;87-78;
25-20;14-22;20-19;28-17;
DAL
Shawn Marion;F;30:09;4;7;0;1;1;2;4;5;9;4;1;1;4;0;9;
Dirk Nowitzki;F;31:39;3;14;0;4;3;3;1;4;5;4;1;0;2;2;9;
Samuel Dalembert;C;18:03;1;3;0;0;0;0;3;4;7;0;1;0;1;2;2;
Monta Ellis;G;37:27;7;18;0;2;9;10;2;3;5;1;1;2;1;2;23;
Jose Calderon;G;32:40;3;14;3;10;2;2;0;6;6;3;2;0;0;1;11;
Vince Carter;;28:05;4;10;3;7;2;2;0;0;0;3;1;0;0;0;13;
Brandan Wright;;18:11;5;7;0;0;0;0;1;2;3;1;2;0;3;2;10;
Jae Crowder;;17:56;1;2;0;0;2;2;0;3;3;0;0;0;1;0;4;
Shane Larkin;;11:49;1;2;0;0;0;0;0;1;1;1;1;0;2;0;2;
DeJuan Blair;;14:02;1;1;0;0;2;2;1;4;5;1;2;0;1;3;4;
WAS
Trevor Ariza;F;33:55;3;14;1;7;1;1;1;3;4;2;2;1;0;3;8;
Trevor Booker;F;30:02;5;9;0;0;0;0;7;12;19;1;1;1;1;0;10;
Marcin Gortat;C;26:44;6;11;0;0;0;0;0;5;5;2;0;2;1;2;12;
Bradley Beal;G;29:40;4;13;2;5;0;1;1;1;2;3;3;0;2;2;10;
John Wall;G;41:49;8;18;1;6;5;5;3;4;7;5;1;0;7;3;22;
Kevin Seraphin;;14:36;1;5;0;0;0;0;1;2;3;0;0;1;2;2;2;
Martell Webster;;22:06;3;9;1;6;1;1;0;1;1;2;0;0;1;2;8;
Garrett Temple;;6:11;0;0;0;0;0;0;0;1;1;0;0;0;1;1;0;
Nene;;23:52;2;7;0;0;0;2;2;1;3;1;2;1;2;6;4;
Otto Porter;;11:05;1;2;0;0;0;0;0;1;1;1;0;0;1;0;2;
