04-12;NOP-HOU;104-111;
20-22;39-24;23-26;22-39;
NOP
Darius Miller;F;29:50;3;8;0;1;0;0;0;0;0;4;2;1;0;5;6;
Luke Babbitt;F;34:09;8;18;4;8;4;4;2;5;7;2;0;0;3;4;24;
Alexis Ajinca;C;32:36;7;12;0;0;3;3;3;4;7;2;1;3;2;5;17;
Austin Rivers;G;44:32;8;24;2;6;2;6;1;9;10;6;1;0;1;4;20;
Anthony Morrow;G;41:30;9;14;2;5;0;0;0;6;6;5;2;1;3;4;20;
Al-Farouq Aminu;;28:07;1;6;0;1;6;6;1;1;2;1;0;1;0;1;8;
James Southerland;;10:24;1;3;1;1;0;0;0;4;4;0;1;1;1;2;3;
Jeff Withey;;18:52;2;3;0;0;2;2;1;2;3;0;0;1;0;1;6;
HOU
Omri Casspi;F;22:20;0;4;0;1;2;2;1;5;6;1;0;0;1;1;2;
Terrence Jones;F;24:19;4;8;0;1;2;2;1;1;2;1;1;4;1;1;10;
Dwight Howard;C;29:13;5;8;0;0;3;8;0;6;6;2;1;2;1;3;13;
James Harden;G;43:23;10;22;3;8;10;10;1;3;4;13;2;0;4;2;33;
Patrick Beverley;G;33:13;6;12;4;8;4;4;1;2;3;4;2;1;1;5;20;
Omer Asik;;18:47;2;2;0;0;5;8;1;7;8;0;0;1;2;2;9;
Jeremy Lin;;31:14;6;8;1;1;5;5;1;3;4;1;4;0;1;4;18;
Donatas Motiejunas;;13:04;0;2;0;1;0;0;0;2;2;0;0;0;1;0;0;
Jordan Hamilton;;11:43;1;3;1;2;0;0;0;0;0;1;0;0;0;1;3;
Troy Daniels;;12:44;1;5;1;5;0;0;0;1;1;0;0;0;1;0;3;
