01-26;POR-GSW;88-103;
22-28;33-26;12-22;21-27;
POR
Nicolas Batum;F;30:40;1;4;0;1;3;4;1;2;3;3;1;0;0;1;5;
LaMarcus Aldridge;F;34:11;2;14;0;0;6;6;1;10;11;1;1;1;3;4;10;
Robin Lopez;C;23:34;4;7;0;0;2;2;2;7;9;0;0;2;1;0;10;
Wesley Matthews;G;36:16;5;14;2;6;9;11;0;5;5;2;0;0;2;4;21;
Damian Lillard;G;34:10;5;16;2;7;4;6;1;2;3;4;0;1;2;2;16;
Joel Freeland;;11:27;4;4;0;0;0;0;2;5;7;1;0;1;0;0;8;
Mo Williams;;30:46;3;9;1;2;0;0;0;1;1;2;0;0;3;3;7;
CJ McCollum;;20:54;2;7;1;4;1;2;0;2;2;1;0;0;1;3;6;
Thomas Robinson;;14:54;2;6;0;0;1;2;4;7;11;1;1;1;2;2;5;
Earl Watson;;1:35;0;0;0;0;0;0;1;0;1;1;0;0;0;0;0;
Will Barton;;1:35;0;2;0;1;0;0;0;1;1;0;0;0;0;0;0;
GSW
Andre Iguodala;F;37:04;5;11;2;3;0;0;2;8;10;5;1;0;0;2;12;
David Lee;F;36:22;6;16;0;0;5;6;2;10;12;3;1;0;3;4;17;
Andrew Bogut;C;25:09;2;3;0;0;0;0;3;3;6;0;1;2;1;3;4;
Klay Thompson;G;38:29;6;21;2;9;3;3;0;1;1;4;1;0;1;3;17;
Stephen Curry;G;34:38;13;23;5;8;7;10;1;6;7;8;2;0;2;1;38;
Harrison Barnes;;27:24;2;5;0;1;2;2;2;5;7;0;1;1;1;1;6;
Jordan Crawford;;15:16;2;6;1;2;0;0;0;1;1;2;0;0;1;0;5;
Draymond Green;;18:06;1;4;0;2;0;0;0;6;6;0;1;1;0;6;2;
Marreese Speights;;4:50;0;0;0;0;0;0;0;0;0;0;0;0;0;1;0;
Kent Bazemore;;1:21;0;0;0;0;0;0;0;0;0;0;0;0;0;0;0;
MarShon Brooks;;1:21;1;2;0;0;0;0;0;1;1;0;0;0;0;0;2;
