12-07;MIA-MIN;103-82;
24-25;31-17;21-18;27-22;
MIA
LeBron James;F;30:34;9;12;0;0;3;5;4;10;14;8;2;0;7;3;21;
Shane Battier;F;18:09;1;6;1;4;0;0;1;0;1;1;0;2;0;3;3;
Chris Bosh;C;23:48;4;8;0;1;0;0;0;9;9;1;1;2;0;2;8;
Dwyane Wade;G;32:05;7;14;0;0;5;5;0;5;5;4;1;1;5;4;19;
Mario Chalmers;G;25:56;4;6;0;1;1;2;0;1;1;1;3;0;3;3;9;
Chris Andersen;;19:39;4;5;0;1;1;4;2;2;4;0;0;3;0;1;9;
Ray Allen;;21:25;4;8;0;3;3;3;0;3;3;2;2;0;2;2;11;
Rashard Lewis;;28:32;4;7;2;4;0;0;0;3;3;2;2;0;2;4;10;
Norris Cole;;27:05;2;6;0;2;0;0;0;3;3;4;0;0;1;3;4;
Roger Mason Jr.;;4:33;4;5;1;1;0;0;0;0;0;0;0;0;0;2;9;
Udonis Haslem;;4:33;0;0;0;0;0;0;0;0;0;0;0;0;0;1;0;
James Jones;;3:41;0;1;0;1;0;0;0;1;1;0;0;0;0;0;0;
MIN
Corey Brewer;F;32:06;3;10;2;6;5;6;4;2;6;0;0;0;3;3;13;
Luc Mbah a Moute;F;26:20;4;9;0;1;3;4;1;1;2;1;1;0;1;2;11;
Nikola Pekovic;C;38:14;7;18;0;0;4;7;7;5;12;0;0;0;3;1;18;
Kevin Martin;G;33:53;5;16;1;7;8;10;1;3;4;0;4;0;1;4;19;
Ricky Rubio;G;27:16;0;4;0;1;1;2;0;5;5;6;3;0;6;0;1;
Dante Cunningham;;17:26;2;9;0;0;0;0;1;1;2;1;2;1;0;1;4;
Gorgui Dieng;;9:21;1;3;0;0;3;4;2;4;6;0;0;0;0;2;5;
Jose Juan Barea;;19:29;0;5;0;2;2;2;0;3;3;1;1;0;2;1;2;
Robbie Hummel;;12:25;2;3;2;2;2;2;1;2;3;0;0;0;0;1;8;
A.J. Price;;9:18;0;1;0;1;0;0;0;1;1;2;0;0;0;0;0;
Alexey Shved;;8:33;0;3;0;2;1;2;0;1;1;2;0;0;2;0;1;
Shabazz Muhammad;;5:39;0;1;0;0;0;0;0;0;0;0;0;0;0;0;0;
