12-23;NOP-SAC;113-100;
28-27;24-25;25-25;36-23;
NOP
Al-Farouq Aminu;F;26:06;6;8;1;2;0;1;3;5;8;1;3;1;2;1;13;
Ryan Anderson;F;27:25;3;9;2;4;0;0;3;3;6;0;1;0;2;5;8;
Anthony Davis;C;42:45;6;15;0;0;9;10;4;7;11;1;1;0;2;3;21;
Eric Gordon;G;20:39;6;13;2;4;3;4;2;0;2;0;0;0;3;1;17;
Jrue Holiday;G;34:13;7;13;3;4;0;0;1;4;5;10;2;0;2;2;17;
Tyreke Evans;;35:45;7;14;0;1;11;12;0;6;6;12;3;0;2;2;25;
Alexis Ajinca;;14:13;3;4;0;0;0;0;1;3;4;1;1;0;2;6;6;
Anthony Morrow;;6:18;0;1;0;0;0;0;0;1;1;0;0;0;0;1;0;
Brian Roberts;;21:26;3;6;0;2;0;0;0;1;1;3;2;0;1;1;6;
Lou Amundson;;4:57;0;0;0;0;0;0;0;0;0;0;0;0;0;2;0;
Darius Miller;;6:13;0;0;0;0;0;0;1;0;1;0;0;1;0;2;0;
SAC
Rudy Gay;F;38:50;2;12;0;1;7;8;2;3;5;2;2;0;6;1;11;
Jason Thompson;F;26:54;0;4;0;0;0;2;1;2;3;2;0;3;2;1;0;
DeMarcus Cousins;C;30:15;7;15;0;0;10;17;5;9;14;1;2;2;4;5;24;
Ben McLemore;G;23:08;1;2;1;2;0;0;0;2;2;0;0;1;1;4;3;
Isaiah Thomas;G;35:15;8;15;3;6;2;3;3;2;5;5;3;0;4;3;21;
Derrick Williams;;24:25;2;3;0;0;3;3;0;2;2;1;1;0;0;1;7;
Marcus Thornton;;29:56;5;13;2;6;7;7;3;2;5;1;0;0;4;4;19;
Quincy Acy;;12:36;2;3;0;0;2;2;0;3;3;0;0;0;0;2;6;
Aaron Gray;;5:57;0;1;0;0;0;0;2;0;2;1;0;0;1;1;0;
Jimmer Fredette;;12:45;4;6;1;2;0;0;0;2;2;2;1;0;0;0;9;
