01-15;DEN-GSW;123-116;
35-32;30-26;26-24;32-34;
DEN
Wilson Chandler;F;39:04;6;17;3;7;7;8;0;6;6;1;1;3;1;2;22;
Kenneth Faried;F;17:06;2;4;0;0;0;0;0;1;1;0;1;2;3;5;4;
JJ Hickson;C;39:34;6;12;0;0;1;4;4;20;24;2;1;0;2;4;13;
Randy Foye;G;38:57;8;12;4;7;1;2;3;2;5;3;1;0;1;2;21;
Ty Lawson;G;43:08;6;14;1;3;9;12;0;2;2;11;3;1;3;2;22;
Timofey Mozgov;;20:42;5;7;0;0;0;0;0;2;2;1;0;0;1;6;10;
Evan Fournier;;15:17;2;4;1;2;0;0;0;2;2;1;1;0;1;2;5;
Quincy Miller;;3:21;1;1;0;0;0;0;0;0;0;0;0;0;0;0;2;
Nate Robinson;;22:51;9;12;3;5;3;3;2;2;4;3;1;0;4;4;24;
GSW
Andre Iguodala;F;36:24;1;7;0;4;1;2;0;2;2;6;3;0;1;1;3;
David Lee;F;38:29;8;16;0;0;12;13;2;9;11;2;0;0;2;2;28;
Andrew Bogut;C;24:09;5;6;0;0;0;0;2;8;10;1;1;2;4;2;10;
Klay Thompson;G;37:49;9;19;1;5;2;2;1;0;1;3;1;0;2;3;21;
Stephen Curry;G;39:41;7;19;4;13;6;7;0;5;5;7;0;0;2;4;24;
Harrison Barnes;;31:22;4;8;2;3;5;6;0;6;6;2;1;1;0;4;15;
Kent Bazemore;;4:24;0;2;0;1;0;0;0;0;0;0;0;0;0;2;0;
Marreese Speights;;10:19;2;8;0;0;0;0;2;0;2;0;0;0;1;1;4;
Draymond Green;;17:23;3;5;2;2;3;3;2;2;4;3;1;0;0;2;11;
