04-09;BOS-ATL;97-105;
23-32;28-24;26-14;20-35;
BOS
Jeff Green;F;35:45;5;15;2;9;1;2;0;6;6;3;0;2;3;2;13;
Brandon Bass;F;33:02;3;7;0;0;0;0;1;2;3;0;0;0;0;1;6;
Jared Sullinger;C;36:56;6;15;1;4;2;2;4;7;11;2;1;1;2;5;15;
Avery Bradley;G;34:49;8;16;4;4;4;4;1;3;4;2;3;0;1;4;24;
Rajon Rondo;G;40:44;8;15;2;4;1;3;1;3;4;12;3;0;5;4;19;
Jerryd Bayless;;21:10;2;5;1;1;0;0;0;1;1;2;0;0;0;1;5;
Kelly Olynyk;;15:20;2;5;1;1;0;0;3;6;9;1;0;0;1;3;5;
Chris Johnson;;14:26;3;6;1;3;3;3;1;0;1;1;0;0;1;1;10;
Phil Pressey;;3:54;0;0;0;0;0;0;0;0;0;2;0;0;1;1;0;
Joel Anthony;;3:54;0;0;0;0;0;0;0;0;0;0;0;0;0;0;0;
ATL
DeMarre Carroll;F;38:18;6;13;0;3;1;2;1;7;8;4;0;0;1;4;13;
Paul Millsap;F;38:46;5;11;0;2;4;7;2;12;14;3;1;1;5;2;14;
Elton Brand;C;33:01;6;12;0;0;1;2;4;9;13;3;3;1;3;1;13;
Kyle Korver;G;36:57;5;8;4;6;3;3;0;5;5;4;1;1;2;1;17;
Jeff Teague;G;31:53;6;12;3;6;4;4;0;0;0;8;2;1;2;1;19;
Mike Scott;;20:10;6;9;1;3;0;1;0;1;1;1;0;1;0;2;13;
Shelvin Mack;;20:05;2;6;1;3;0;0;0;0;0;5;0;0;0;0;5;
Lou Williams;;16:43;3;4;0;0;3;3;0;1;1;2;0;0;0;3;9;
Mike Muscala;;4:03;1;1;0;0;0;0;1;0;1;0;0;0;1;0;2;
Cartier Martin;;0:04;0;0;0;0;0;0;0;0;0;0;0;0;0;0;0;
