04-09;IND-MIL;104-102;
25-25;28-25;19-17;32-35;
IND
Rasual Butler;F;30:24;3;14;2;10;2;4;0;2;2;0;0;2;0;0;10;
Luis Scola;F;30:58;11;17;0;0;2;2;2;7;9;3;0;0;1;1;24;
Ian Mahinmi;C;19:41;1;1;0;0;1;2;1;5;6;0;0;1;1;5;3;
Evan Turner;G;41:18;9;18;3;4;2;3;2;5;7;9;0;0;2;2;23;
Donald Sloan;G;31:52;4;11;0;1;0;2;0;4;4;8;0;0;0;2;8;
Solomon Hill;;22:57;0;2;0;2;2;2;0;2;2;1;1;0;1;5;2;
Lavoy Allen;;28:22;3;9;0;0;2;4;2;6;8;1;1;1;1;4;8;
CJ Watson;;17:24;3;5;2;2;0;0;0;1;1;1;2;0;3;1;8;
Chris Copeland;;17:04;7;8;4;5;0;0;1;1;2;3;0;1;2;4;18;
MIL
Khris Middleton;F;36:27;6;14;1;5;3;3;1;6;7;2;1;0;2;5;16;
Jeff Adrien;F;36:54;6;14;0;0;1;2;6;11;17;1;2;1;0;4;13;
Zaza Pachulia;C;32:45;6;10;0;0;3;4;2;7;9;1;0;1;1;3;15;
Ramon Sessions;G;38:17;6;15;2;3;6;7;1;1;2;4;0;0;2;2;20;
Brandon Knight;G;39:08;8;21;1;7;8;12;0;4;4;10;0;0;1;0;25;
John Henson;;20:26;3;5;0;0;1;1;2;2;4;2;0;1;1;0;7;
Giannis Antetokounmpo;;21:19;1;4;0;1;0;0;0;3;3;1;1;0;2;2;2;
Chris Wright;;14:44;2;4;0;0;0;0;2;0;2;0;2;2;2;4;4;
