01-11;MIL-OKC;85-101;
10-14;25-24;27-39;23-24;
MIL
Khris Middleton;F;35:51;3;14;1;3;1;3;4;4;8;3;1;0;1;3;8;
Ersan Ilyasova;F;25:53;3;9;2;4;0;0;1;2;3;2;0;0;2;4;8;
Larry Sanders;C;6:30;0;1;0;0;0;0;0;4;4;0;0;1;1;3;0;
Giannis Antetokounmpo;G;38:09;5;12;0;3;3;4;4;7;11;5;2;2;4;2;13;
Brandon Knight;G;34:40;6;15;1;8;0;0;1;1;2;4;1;0;3;1;13;
Miroslav Raduljica;;16:43;3;6;0;0;3;3;1;2;3;0;1;0;0;5;9;
O.J. Mayo;;30:06;5;11;4;8;2;4;0;2;2;3;1;0;2;2;16;
Luke Ridnour;;28:08;6;11;4;5;0;0;0;1;1;5;0;0;2;1;16;
Ekpe Udoh;;24:00;1;2;0;0;0;0;2;4;6;0;1;1;0;2;2;
OKC
Kevin Durant;F;39:57;8;18;2;5;15;17;1;9;10;7;0;1;2;1;33;
Serge Ibaka;F;32:37;7;14;1;2;2;2;6;11;17;1;0;3;3;0;17;
Kendrick Perkins;C;20:39;1;5;0;0;1;2;3;5;8;0;0;0;4;3;3;
Thabo Sefolosha;G;38:49;6;16;2;6;0;0;3;3;6;4;2;2;1;2;14;
Reggie Jackson;G;24:10;1;8;0;2;0;0;0;2;2;3;2;0;2;2;2;
Derek Fisher;;23:50;4;9;2;4;0;0;2;2;4;5;1;0;1;2;10;
Steven Adams;;11:08;0;2;0;0;1;4;2;3;5;1;0;0;0;1;1;
Jeremy Lamb;;28:28;6;10;3;5;2;2;2;1;3;2;1;1;3;2;17;
Nick Collison;;13:38;2;3;0;0;0;0;2;1;3;1;0;0;0;3;4;
Perry Jones;;6:44;0;1;0;1;0;0;0;0;0;0;0;0;1;0;0;
