02-25;POR-DEN;100-95;
32-21;20-24;30-24;18-26;
POR
Nicolas Batum;F;38:48;4;6;3;4;5;6;0;6;6;3;0;2;1;1;16;
Dorell Wright;F;27:01;3;5;2;4;4;6;0;4;4;2;1;1;1;3;12;
Robin Lopez;C;38:26;4;10;0;0;4;5;4;6;10;1;1;7;1;6;12;
Wesley Matthews;G;33:07;2;13;1;7;6;6;0;1;1;2;2;0;0;3;11;
Damian Lillard;G;37:12;8;21;4;11;11;13;0;7;7;9;1;1;3;1;31;
Thomas Robinson;;14:14;1;5;0;0;0;0;2;3;5;0;0;1;1;2;2;
Mo Williams;;25:50;6;11;2;4;0;0;0;2;2;0;1;0;2;2;14;
Victor Claver;;12:10;0;3;0;1;2;2;0;5;5;0;1;0;1;2;2;
CJ McCollum;;6:03;0;0;0;0;0;0;1;0;1;0;1;0;1;1;0;
Will Barton;;7:12;0;2;0;0;0;0;0;0;0;0;0;0;2;0;0;
DEN
Wilson Chandler;F;25:57;3;12;1;5;0;0;2;6;8;1;0;0;1;3;7;
Kenneth Faried;F;21:49;4;10;0;0;3;4;2;4;6;3;0;0;1;2;11;
Timofey Mozgov;C;25:18;5;8;0;1;4;4;3;3;6;1;0;2;1;3;14;
Randy Foye;G;41:03;7;15;3;7;0;2;1;4;5;3;1;0;4;4;17;
Aaron Brooks;G;29:54;7;15;0;2;0;0;2;3;5;6;0;0;2;2;14;
JJ Hickson;;29:52;6;16;0;0;4;6;15;10;25;1;1;1;4;4;16;
Evan Fournier;;30:49;2;13;0;4;5;6;0;2;2;3;2;0;1;3;9;
Quincy Miller;;23:20;1;8;0;1;0;0;2;2;4;1;1;1;0;1;2;
Jan Vesely;;11:59;2;6;0;0;1;4;0;3;3;0;2;1;1;3;5;
