11-03;BOS-DET;77-87;
21-24;14-21;23-18;19-24;
BOS
Gerald Wallace;F;36:28;2;6;1;3;0;0;0;1;1;2;4;0;2;2;5;
Brandon Bass;F;37:26;2;8;0;0;2;2;1;7;8;3;2;1;2;5;6;
Vitor Faverani;C;18:32;4;6;0;1;0;0;1;1;2;1;2;1;2;2;8;
Jeff Green;G;20:06;3;5;0;0;1;1;0;2;2;2;0;0;2;2;7;
Avery Bradley;G;34:00;6;14;1;2;0;0;4;4;8;3;3;0;6;2;13;
Jordan Crawford;;21:58;5;10;1;4;2;2;0;3;3;1;1;0;3;0;13;
Courtney Lee;;21:44;2;5;0;2;2;2;0;1;1;2;1;0;3;3;6;
Jared Sullinger;;14:06;1;6;0;2;2;2;0;4;4;0;0;1;0;1;4;
Keith Bogans;;2:51;0;1;0;1;0;0;0;0;0;0;0;0;0;0;0;
Kelly Olynyk;;25:56;6;11;0;1;3;3;2;6;8;0;2;0;3;5;15;
MarShon Brooks;;6:53;0;2;0;0;0;0;0;0;0;1;0;0;0;0;0;
DET
Josh Smith;F;36:23;7;15;0;4;1;3;1;6;7;3;2;2;6;2;15;
Greg Monroe;F;36:36;7;14;0;0;1;4;7;3;10;2;1;1;4;3;15;
Andre Drummond;C;39:39;7;13;0;0;1;4;3;9;12;0;2;2;1;2;15;
Chauncey Billups;G;20:44;2;4;1;3;0;0;0;4;4;2;2;0;2;2;5;
Will Bynum;G;17:04;2;5;0;2;0;0;1;0;1;4;1;0;1;2;4;
Brandon Jennings;;30:56;5;12;1;2;3;6;1;2;3;4;4;0;2;0;14;
Rodney Stuckey;;27:16;1;5;0;1;8;9;1;2;3;0;3;1;2;3;10;
Kyle Singler;;20:47;2;6;0;1;3;3;0;0;0;0;0;1;0;0;7;
Jonas Jerebko;;10:35;1;2;0;0;0;0;1;3;4;1;0;0;3;1;2;
