03-05;MEM-BKN;94-103;
19-30;25-24;16-33;34-16;
MEM
Tayshaun Prince;F;17:22;0;0;0;0;0;0;0;1;1;1;0;0;0;0;0;
Ed Davis;F;12:54;0;2;0;0;0;0;0;1;1;0;0;1;1;1;0;
Marc Gasol;C;27:37;7;14;0;0;4;5;3;4;7;1;2;1;2;2;18;
Courtney Lee;G;25:59;2;7;0;2;0;0;1;1;2;2;3;0;0;1;4;
Mike Conley;G;20:42;0;8;0;2;2;2;0;3;3;3;0;0;6;1;2;
James Johnson;;13:31;3;7;2;3;4;4;1;0;1;1;0;0;1;0;12;
Tony Allen;;21:01;5;9;1;2;4;6;4;2;6;2;0;0;4;3;15;
Kosta Koufos;;19:13;6;9;0;0;0;2;4;4;8;0;2;1;1;4;12;
Nick Calathes;;30:01;4;8;0;1;2;2;2;3;5;5;4;0;1;1;10;
Mike Miller;;15:18;0;4;0;1;0;0;0;3;3;3;0;0;1;0;0;
Jon Leuer;;26:18;6;10;3;4;4;4;1;4;5;0;1;0;2;1;19;
Beno Udrih;;10:06;1;1;0;0;0;0;0;1;1;2;1;0;2;1;2;
BKN
Joe Johnson;F;33:36;8;13;5;7;0;0;0;2;2;4;1;0;1;4;21;
Paul Pierce;F;25:35;3;6;2;5;6;6;1;7;8;2;1;0;5;2;14;
Mason Plumlee;C;14:45;2;5;0;0;0;0;1;5;6;1;1;0;2;4;4;
Shaun Livingston;G;22:30;1;2;0;0;0;0;0;5;5;3;1;1;2;2;2;
Deron Williams;G;32:49;7;13;2;5;0;0;0;3;3;7;4;0;1;4;16;
Andray Blatche;;16:02;4;6;0;0;4;5;0;4;4;2;1;3;2;3;12;
Andrei Kirilenko;;17:02;1;2;0;0;0;0;0;2;2;2;2;0;2;1;2;
Mirza Teletovic;;17:02;3;9;2;4;0;0;2;1;3;0;0;1;0;2;8;
Alan Anderson;;10:03;0;3;0;0;2;2;0;0;0;0;0;0;1;1;2;
Marcus Thornton;;26:23;8;13;4;5;0;0;1;1;2;2;2;0;1;1;20;
Jason Collins;;17:13;0;0;0;0;0;0;1;0;1;1;1;0;1;2;0;
Marquis Teague;;7:00;1;2;0;0;0;0;0;0;0;1;0;0;1;2;2;
