01-17;DAL-PHX;110-107;
36-30;22-26;26-19;26-32;
DAL
Shawn Marion;F;35:30;6;9;3;5;1;2;3;4;7;2;0;0;0;1;16;
Dirk Nowitzki;F;34:54;9;16;2;6;1;2;0;5;5;2;1;1;1;0;21;
Samuel Dalembert;C;20:10;3;3;0;0;3;3;0;7;7;1;0;0;1;5;9;
Monta Ellis;G;38:45;10;20;0;1;4;6;0;6;6;7;2;2;3;4;24;
Jose Calderon;G;19:02;2;8;0;4;0;0;0;0;0;4;1;0;1;3;4;
DeJuan Blair;;10:30;1;2;0;0;0;0;1;3;4;0;0;0;0;1;2;
Vince Carter;;22:16;3;9;2;5;0;0;0;7;7;1;0;0;5;2;8;
Jae Crowder;;15:14;0;2;0;0;0;0;1;1;2;0;2;0;0;2;0;
Shane Larkin;;26:33;6;8;2;3;4;5;0;1;1;5;2;0;2;1;18;
Brandan Wright;;17:06;4;6;0;0;0;1;2;3;5;0;0;1;3;2;8;
PHX
PJ Tucker;F;35:45;5;8;1;1;0;0;1;8;9;2;0;0;1;4;11;
Channing Frye;F;29:56;2;6;0;2;2;2;1;6;7;0;0;0;0;2;6;
Miles Plumlee;C;20:48;3;7;0;0;0;1;0;2;2;0;0;0;2;0;6;
Gerald Green;G;32:41;4;13;1;3;3;3;1;1;2;2;2;1;3;2;12;
Goran Dragic;G;37:37;12;20;0;4;4;6;1;4;5;7;3;0;1;1;28;
Marcus Morris;;21:18;4;11;3;6;2;2;4;3;7;3;2;0;0;3;13;
Markieff Morris;;32:26;8;15;2;5;5;5;6;6;12;2;0;0;4;4;23;
Archie Goodwin;;7:35;1;4;0;1;0;0;3;0;3;0;0;0;1;0;2;
Ish Smith;;20:38;3;8;0;0;0;2;0;0;0;3;0;0;1;0;6;
Alex Len;;1:16;0;1;0;0;0;0;0;0;0;0;0;0;0;1;0;
