01-25;CHI-CHA;89-87;
22-24;17-15;18-16;32-32;
CHI
Mike Dunleavy;F;28:41;4;11;2;4;2;2;1;7;8;3;1;1;1;1;12;
Carlos Boozer;F;24:39;4;8;0;0;2;2;0;4;4;2;0;1;3;3;10;
Joakim Noah;C;39:35;4;14;0;0;3;6;1;9;10;8;1;1;3;3;11;
Jimmy Butler;G;42:19;2;7;0;2;0;0;1;2;3;3;4;0;1;0;4;
D.J. Augustin;G;43:51;9;19;6;12;4;6;0;1;1;3;2;0;2;3;28;
Taj Gibson;;27:36;4;9;0;0;5;6;0;7;7;2;0;1;2;4;13;
Tony Snell;;25:00;3;8;3;5;0;0;1;4;5;1;3;0;0;1;9;
Nazr Mohammed;;4:09;0;0;0;0;0;0;0;2;2;0;0;1;0;1;0;
Mike James;;4:10;1;1;0;0;0;0;0;1;1;2;0;0;1;0;2;
CHA
Michael Kidd-Gilchrist;F;21:58;3;11;0;1;0;0;3;1;4;0;1;1;3;3;6;
Josh McRoberts;F;27:13;2;7;2;6;0;0;1;5;6;5;0;0;0;4;6;
Al Jefferson;C;37:39;15;26;1;1;1;2;3;10;13;1;0;3;3;2;32;
Gerald Henderson;G;37:16;5;12;0;0;1;2;1;5;6;3;1;0;2;0;11;
Ramon Sessions;G;33:16;4;14;0;2;0;0;0;3;3;11;0;1;3;4;8;
Cody Zeller;;20:48;2;4;0;0;3;4;2;6;8;0;0;1;0;2;7;
Anthony Tolliver;;26:03;0;3;0;3;0;0;0;2;2;1;1;1;0;0;0;
Chris Douglas-Roberts;;10:44;1;3;0;2;0;0;0;1;1;1;0;1;0;1;2;
Jannero Pargo;;14:44;5;8;3;4;2;2;0;0;0;2;0;0;3;1;15;
Bismack Biyombo;;10:20;0;0;0;0;0;0;1;1;2;0;0;0;1;1;0;
