11-19;ATL-MIA;88-104;
25-24;20-24;23-30;20-26;
ATL
DeMarre Carroll;F;22:40;3;6;2;3;0;0;1;1;2;1;2;1;0;3;8;
Al Horford;F;25:33;5;9;0;0;2;4;3;4;7;2;0;0;7;1;12;
Gustavo Ayon;C;22:04;2;4;0;0;0;0;2;4;6;0;0;0;3;2;4;
Kyle Korver;G;25:37;3;5;3;5;0;0;0;3;3;2;0;1;3;2;9;
Jeff Teague;G;26:24;4;13;1;3;0;0;2;0;2;7;0;0;3;4;9;
Mike Scott;;27:54;6;10;1;2;2;2;3;7;10;1;1;0;2;1;15;
John Jenkins;;18:56;2;5;0;2;2;2;1;1;2;2;1;0;1;2;6;
Cartier Martin;;20:08;1;6;1;3;2;2;0;1;1;3;1;0;0;2;5;
Shelvin Mack;;25:03;3;7;1;3;0;0;0;1;1;2;0;0;1;3;7;
Pero Antic;;15:17;4;8;2;3;2;3;1;3;4;1;2;0;2;1;12;
Dennis Schroder;;5:12;0;0;0;0;1;2;0;0;0;0;1;0;1;0;1;
Elton Brand;;5:12;0;1;0;0;0;0;0;1;1;1;0;1;1;0;0;
MIA
LeBron James;F;30:42;6;13;0;0;1;3;2;4;6;5;1;0;3;0;13;
Shane Battier;F;22:12;3;4;0;1;0;0;0;0;0;2;0;1;0;1;6;
Chris Bosh;C;24:59;8;9;1;1;2;3;1;4;5;0;1;1;0;0;19;
James Jones;G;15:58;2;5;2;3;1;2;0;2;2;2;0;1;0;0;7;
Mario Chalmers;G;27:44;5;9;3;6;1;1;0;3;3;4;3;0;3;1;14;
Ray Allen;;24:40;5;10;3;6;4;5;1;2;3;1;1;0;2;1;17;
Rashard Lewis;;25:48;1;4;0;2;0;0;1;1;2;3;5;0;2;2;2;
Chris Andersen;;12:40;0;3;0;0;2;4;2;1;3;0;1;0;0;3;2;
Norris Cole;;25:11;4;12;0;1;0;0;2;3;5;9;1;0;2;1;8;
Michael Beasley;;17:18;3;5;0;0;0;0;0;5;5;0;0;1;1;0;6;
Udonis Haslem;;7:53;3;4;0;0;1;1;0;2;2;0;0;0;1;6;7;
Roger Mason Jr.;;2:28;1;2;1;1;0;0;0;0;0;0;0;0;0;1;3;
Joel Anthony;;2:28;0;1;0;0;0;0;1;0;1;0;0;0;1;1;0;
