04-08;DAL-UTA;95-83;
39-25;22-21;20-19;14-18;
DAL
Shawn Marion;F;33:16;4;8;2;4;0;0;1;5;6;1;1;1;1;0;10;
Dirk Nowitzki;F;32:52;9;11;2;3;1;1;0;6;6;3;0;0;0;0;21;
Samuel Dalembert;C;27:15;5;6;0;0;0;0;1;5;6;2;0;2;0;2;10;
Monta Ellis;G;38:25;7;17;1;4;1;2;1;3;4;5;0;0;2;0;16;
Jose Calderon;G;30:42;4;6;0;2;2;4;0;3;3;4;0;1;2;2;10;
Vince Carter;;22:16;5;11;3;7;0;0;0;2;2;3;0;0;1;4;13;
DeJuan Blair;;10:09;2;3;0;0;0;0;0;2;2;0;0;1;0;2;4;
Devin Harris;;17:21;3;5;1;3;2;4;0;1;1;6;2;0;2;0;9;
Jae Crowder;;10:47;0;1;0;0;0;0;0;1;1;0;0;0;0;1;0;
Wayne Ellington;;6:07;1;1;0;0;0;0;1;1;2;0;0;0;0;1;2;
Brandan Wright;;10:36;0;3;0;0;0;0;2;1;3;0;0;0;1;0;0;
Shane Larkin;;0:15;0;0;0;0;0;0;0;0;0;0;0;0;0;0;0;
UTA
Richard Jefferson;F;26:17;6;17;2;8;1;3;0;1;1;1;0;0;1;1;15;
Marvin Williams;F;7:57;0;2;0;2;0;0;0;0;0;0;0;0;0;0;0;
Derrick Favors;C;27:03;8;13;0;0;3;3;4;3;7;0;1;0;1;3;19;
Gordon Hayward;G;41:16;5;14;1;6;0;2;2;2;4;5;2;0;1;2;11;
Trey Burke;G;31:14;2;8;0;5;0;0;1;1;2;5;0;0;0;2;4;
Alec Burks;;29:26;5;10;0;2;0;1;1;0;1;2;2;0;1;3;10;
Jeremy Evans;;32:17;3;9;0;0;0;0;6;5;11;0;1;1;2;2;6;
Enes Kanter;;27:44;6;12;0;0;3;4;9;10;19;1;0;2;1;1;15;
Diante Garrett;;16:46;1;2;1;1;0;0;0;2;2;2;1;0;2;1;3;
