04-12;PHX-DAL;98-101;
26-27;31-19;21-29;20-26;
PHX
PJ Tucker;F;31:19;2;7;0;2;2;3;2;3;5;1;4;0;3;4;6;
Channing Frye;F;34:30;7;13;5;6;2;2;0;6;6;0;1;1;1;3;21;
Miles Plumlee;C;16:33;2;2;0;0;0;0;3;3;6;0;1;2;1;1;4;
Goran Dragic;G;40:29;6;18;0;3;1;3;1;4;5;4;1;0;2;4;13;
Eric Bledsoe;G;40:39;11;15;2;2;5;7;0;4;4;6;4;1;7;2;29;
Markieff Morris;;31:27;2;8;0;1;4;4;4;2;6;2;2;0;0;1;8;
Gerald Green;;27:19;2;9;1;3;4;4;1;6;7;0;2;0;3;1;9;
Marcus Morris;;14:43;3;4;0;0;0;0;1;1;2;1;1;0;1;2;6;
Ish Smith;;3:00;1;2;0;0;0;0;0;0;0;0;0;0;0;0;2;
DAL
Shawn Marion;F;33:56;3;6;1;2;0;0;1;5;6;1;3;0;3;1;7;
Dirk Nowitzki;F;39:05;8;15;3;6;4;4;0;8;8;3;2;1;4;2;23;
Samuel Dalembert;C;14:26;2;5;0;0;2;2;3;2;5;0;0;1;0;0;6;
Monta Ellis;G;43:28;15;23;3;4;4;7;0;4;4;5;2;0;5;3;37;
Jose Calderon;G;17:02;0;3;0;1;0;0;0;1;1;2;0;0;1;0;0;
Brandan Wright;;32:15;5;8;0;0;2;2;5;6;11;1;1;3;1;3;12;
Devin Harris;;31:03;1;4;1;4;0;0;0;2;2;6;1;0;2;3;3;
Vince Carter;;21:01;4;13;2;6;0;0;0;5;5;2;2;0;3;5;10;
Jae Crowder;;1:58;0;0;0;0;0;0;0;0;0;0;0;0;0;0;0;
Shane Larkin;;5:47;1;2;1;1;0;0;0;0;0;1;0;0;0;1;3;
