12-27;LAL-UTA;103-105;
23-25;29-30;29-28;22-22;
LAL
Wesley Johnson;F;16:08;0;2;0;2;0;0;0;0;0;0;0;0;1;1;0;
Shawne Williams;F;17:53;2;6;0;4;0;0;0;3;3;1;0;0;0;0;4;
Chris Kaman;C;30:03;7;11;0;0;5;6;1;9;10;0;1;3;4;2;19;
Jodie Meeks;G;40:30;4;15;3;9;2;2;1;3;4;1;3;0;0;2;13;
Jordan Farmar;G;31:43;6;13;1;1;3;4;2;5;7;7;3;0;3;1;16;
Xavier Henry;;30:07;5;7;2;3;0;2;1;1;2;2;0;0;0;4;12;
Ryan Kelly;;13:01;1;1;0;0;0;0;0;1;1;0;0;0;0;0;2;
Nick Young;;28:35;10;17;1;4;0;1;0;0;0;3;1;1;4;6;21;
Jordan Hill;;22:59;5;6;0;0;6;8;3;6;9;2;0;0;2;2;16;
Robert Sacre;;9:02;0;2;0;0;0;0;0;1;1;0;0;0;0;1;0;
UTA
Richard Jefferson;F;23:30;2;7;1;2;2;2;0;3;3;2;1;1;0;1;7;
Marvin Williams;F;35:46;6;14;3;7;1;2;2;5;7;2;1;2;3;2;16;
Derrick Favors;C;33:09;9;15;0;0;0;0;4;10;14;1;1;0;0;2;18;
Gordon Hayward;G;37:54;9;17;2;5;4;5;1;4;5;9;3;0;2;4;24;
Trey Burke;G;34:33;6;10;2;4;0;0;0;1;1;7;1;0;7;2;14;
Alec Burks;;30:40;3;9;1;1;6;7;1;4;5;4;1;0;1;2;13;
John Lucas III;;13:27;0;6;0;3;0;0;0;0;0;0;1;0;0;0;0;
Enes Kanter;;14:46;3;6;0;0;2;2;1;1;2;0;0;0;2;3;8;
Jeremy Evans;;12:14;2;4;0;1;1;2;2;3;5;0;0;0;0;2;5;
Brandon Rush;;4:01;0;0;0;0;0;0;0;1;1;0;0;0;0;0;0;
