11-13;PHX-POR;89-90;
22-25;21-16;25-21;21-28;
PHX
PJ Tucker;F;33:29;3;6;0;0;2;4;2;4;6;1;4;0;2;3;8;
Channing Frye;F;26:11;1;6;0;3;0;0;1;4;5;0;0;0;1;4;2;
Miles Plumlee;C;31:55;5;8;0;0;0;0;0;10;10;1;1;1;1;4;10;
Goran Dragic;G;24:30;5;12;2;3;2;2;1;0;1;1;0;0;2;2;14;
Eric Bledsoe;G;35:44;10;21;0;1;3;3;0;3;3;6;1;0;3;0;23;
Gerald Green;;25:54;7;13;2;4;1;2;2;0;2;0;0;0;1;3;17;
Markieff Morris;;26:29;3;8;0;0;2;2;2;2;4;4;3;0;2;2;8;
Marcus Morris;;24:32;2;7;1;4;0;0;2;6;8;2;1;0;1;2;5;
Archie Goodwin;;8:27;1;4;0;0;0;0;0;2;2;1;1;0;1;0;2;
Dionte Christmas;;2:50;0;1;0;0;0;0;0;0;0;0;0;0;0;1;0;
POR
Nicolas Batum;F;30:22;3;10;1;5;2;2;1;2;3;0;0;0;3;1;9;
LaMarcus Aldridge;F;37:50;5;19;0;0;2;2;3;9;12;1;1;1;4;2;12;
Robin Lopez;C;28:13;5;11;0;0;3;4;5;10;15;0;0;1;2;0;13;
Wesley Matthews;G;36:41;4;9;2;4;1;2;0;2;2;0;0;0;0;2;11;
Damian Lillard;G;35:02;4;13;0;2;3;4;0;3;3;8;2;0;2;1;11;
Thomas Robinson;;16:36;6;9;0;0;3;9;4;4;8;0;1;1;1;2;15;
Mo Williams;;29:56;5;10;2;3;0;0;0;2;2;3;1;0;2;3;12;
Joel Freeland;;13:10;1;1;0;0;0;0;1;2;3;2;0;0;1;2;2;
Dorell Wright;;12:10;2;2;1;1;0;0;0;3;3;1;0;0;1;0;5;
