03-29;SAC-DAL;100-103;
19-26;23-28;28-18;30-31;
SAC
Rudy Gay;F;42:39;11;19;0;1;8;10;3;4;7;0;0;0;7;2;30;
Reggie Evans;F;29:07;3;5;0;0;0;1;4;14;18;1;2;0;2;5;6;
DeMarcus Cousins;C;27:31;8;15;0;0;1;3;2;5;7;5;2;0;3;5;17;
Ben McLemore;G;33:24;4;9;1;2;1;1;1;1;2;2;0;0;2;5;10;
Ray McCallum;G;48:00;7;17;2;4;0;0;1;3;4;8;2;1;2;2;16;
Derrick Williams;;10:04;1;2;0;1;2;2;0;2;2;0;0;0;0;1;4;
Travis Outlaw;;20:31;3;7;0;2;0;0;1;0;1;1;1;0;1;4;6;
Jason Thompson;;28:01;5;7;0;0;1;2;2;3;5;0;3;1;1;4;11;
Quincy Acy;;0:43;0;0;0;0;0;0;0;1;1;0;0;0;0;1;0;
DAL
Shawn Marion;F;32:27;5;7;1;1;3;3;1;4;5;2;1;0;0;3;14;
Dirk Nowitzki;F;30:14;5;10;0;2;9;10;0;7;7;7;0;1;2;4;19;
Samuel Dalembert;C;23:54;7;8;0;0;1;2;2;4;6;0;2;3;3;3;15;
Monta Ellis;G;37:42;5;12;1;3;6;8;0;3;3;6;2;0;3;2;17;
Jose Calderon;G;37:33;4;11;3;8;0;0;0;0;0;7;0;0;1;1;11;
Vince Carter;;25:20;4;10;2;6;0;0;0;2;2;3;1;0;0;3;10;
DeJuan Blair;;4:36;0;2;0;0;2;2;0;1;1;0;0;0;0;1;2;
Devin Harris;;16:23;0;4;0;1;3;6;0;1;1;2;0;0;1;1;3;
Jae Crowder;;12:26;2;4;0;2;2;2;1;3;4;0;0;0;2;0;6;
Brandan Wright;;19:25;2;2;0;0;2;2;2;4;6;1;0;3;0;0;6;
