02-19;NYK-NOP;98-91;
23-24;30-23;25-23;20-21;
NYK
Carmelo Anthony;F;39:56;16;29;2;6;8;12;2;2;4;2;3;2;2;2;42;
Iman Shumpert;F;17:18;1;6;0;1;0;0;0;3;3;2;1;0;2;1;2;
Tyson Chandler;C;35:36;2;6;0;0;0;0;6;5;11;0;0;2;3;3;4;
Raymond Felton;G;33:16;1;8;0;1;3;3;1;6;7;7;0;1;1;1;5;
Pablo Prigioni;G;22:53;2;4;2;3;0;0;2;1;3;4;1;0;0;4;6;
J.R. Smith;;39:51;7;13;3;4;2;3;1;4;5;3;2;0;1;2;19;
Tim Hardaway Jr.;;36:10;6;13;3;6;1;2;0;3;3;2;1;0;0;1;16;
Jeremy Tyler;;15:00;2;4;0;0;0;0;1;1;2;0;0;1;0;3;4;
NOP
Al-Farouq Aminu;F;31:41;1;4;0;0;1;2;1;6;7;3;2;0;1;3;3;
Anthony Davis;F;38:19;6;10;0;0;2;2;1;9;10;2;2;5;4;1;14;
Alexis Ajinca;C;12:25;1;3;0;0;0;1;1;0;1;1;0;0;2;2;2;
Eric Gordon;G;34:52;9;17;3;9;7;8;0;4;4;1;0;0;0;3;28;
Brian Roberts;G;29:20;4;8;1;3;1;1;0;0;0;4;1;0;2;1;10;
Greg Stiemsma;;13:32;1;2;0;0;0;0;3;3;6;0;0;3;1;1;2;
Tyreke Evans;;22:26;3;11;0;0;2;6;1;3;4;2;0;1;1;4;8;
Anthony Morrow;;16:46;1;4;1;3;0;0;1;2;3;2;0;0;0;1;3;
Austin Rivers;;21:56;6;10;1;2;1;1;0;3;3;1;1;0;1;2;14;
Luke Babbitt;;18:43;3;6;1;4;0;0;2;2;4;0;0;0;1;2;7;
