11-13;HOU-PHI;117-123;
31-28;26-32;33-20;16-26;11-17;
HOU
Chandler Parsons;F;42:32;9;19;1;5;3;6;3;3;6;7;0;4;5;4;22;
Terrence Jones;F;36:43;4;12;2;4;0;0;3;8;11;1;0;3;1;4;10;
Dwight Howard;C;42:05;9;20;0;1;5;9;4;11;15;7;2;6;2;4;23;
Jeremy Lin;G;48:37;10;19;9;15;5;6;0;5;5;11;0;0;8;5;34;
Patrick Beverley;G;42:21;4;8;1;5;3;4;3;6;9;5;3;1;0;4;12;
Francisco Garcia;;20:10;0;4;0;4;0;0;0;2;2;2;1;0;1;1;0;
Omri Casspi;;23:47;7;13;2;6;0;0;0;2;2;1;2;1;2;4;16;
Aaron Brooks;;4:23;0;1;0;1;0;0;0;0;0;0;0;0;0;1;0;
Omer Asik;;4:22;0;0;0;0;0;0;0;0;0;0;0;0;0;0;0;
PHI
Evan Turner;F;46:03;9;23;0;4;5;5;0;7;7;5;1;0;3;2;23;
Thaddeus Young;F;40:34;5;15;0;0;5;6;1;7;8;2;1;1;2;1;15;
Spencer Hawes;C;35:48;7;16;3;5;1;2;3;6;9;4;3;3;3;4;18;
James Anderson;G;44:22;12;16;6;8;6;6;1;4;5;0;3;0;0;5;36;
Tony Wroten;G;41:14;7;18;0;2;4;7;5;5;10;11;0;1;4;5;18;
Darius Morris;;18:60;3;10;2;5;2;2;2;1;3;3;1;0;0;2;10;
Lavoy Allen;;16:46;0;2;0;0;1;2;3;2;5;3;3;2;0;0;1;
Hollis Thompson;;8:23;0;0;0;0;1;2;0;1;1;0;0;0;1;1;1;
Brandon Davies;;12:49;0;3;0;1;1;2;0;2;2;1;0;1;0;3;1;
Daniel Orton;;0:01;0;0;0;0;0;0;0;0;0;0;0;0;0;0;0;
