01-13;DEN-UTA;103-118;
31-35;22-32;24-26;26-25;
DEN
Quincy Miller;F;21:08;3;7;1;4;0;0;0;4;4;0;0;0;1;2;7;
Kenneth Faried;F;32:30;5;7;0;0;1;4;3;4;7;1;1;1;0;2;11;
JJ Hickson;C;30:34;8;9;0;0;5;6;3;7;10;1;0;2;0;1;21;
Randy Foye;G;17:58;4;8;1;3;1;2;1;0;1;0;0;0;0;6;10;
Ty Lawson;G;43:51;6;18;0;3;11;15;1;1;2;11;2;0;5;2;23;
Evan Fournier;;36:59;6;15;3;7;1;3;0;3;3;2;2;0;3;3;16;
Timofey Mozgov;;18:46;0;3;0;1;0;0;0;3;3;0;0;1;0;3;0;
Wilson Chandler;;21:19;4;10;2;5;2;3;3;2;5;1;1;0;0;1;12;
Nate Robinson;;16:55;1;7;0;3;1;2;1;3;4;0;0;0;2;2;3;
UTA
Richard Jefferson;F;34:10;5;9;3;6;3;4;1;2;3;2;1;0;0;2;16;
Marvin Williams;F;23:47;3;6;1;4;0;0;0;3;3;2;1;0;3;2;7;
Derrick Favors;C;35:20;7;12;0;0;5;9;1;14;15;1;1;0;2;5;19;
Alec Burks;G;37:39;13;19;0;1;8;8;0;3;3;5;1;0;1;2;34;
Trey Burke;G;36:01;6;12;3;4;3;4;0;2;2;8;0;0;2;3;18;
Brandon Rush;;13:50;3;3;1;1;0;0;0;1;1;2;1;0;1;2;7;
Enes Kanter;;21:40;5;10;0;0;1;2;1;3;4;0;2;0;1;2;11;
Diante Garrett;;17:02;0;0;0;0;0;0;0;4;4;2;0;1;1;3;0;
Jeremy Evans;;15:13;2;4;0;0;2;2;3;2;5;0;0;1;0;3;6;
John Lucas III;;5:18;0;4;0;2;0;0;1;1;2;0;0;0;0;0;0;
