01-12;CLE-SAC;80-124;
32-30;18-29;11-30;19-35;
CLE
Luol Deng;F;24:01;5;11;1;3;1;2;2;3;5;2;1;0;3;1;12;
Tristan Thompson;F;23:58;2;5;0;0;2;2;0;3;3;0;0;1;0;1;6;
Anderson Varejao;C;25:36;4;7;0;0;2;2;0;7;7;6;1;0;2;3;10;
CJ Miles;G;24:35;5;8;3;3;1;1;1;1;2;1;1;0;1;2;14;
Kyrie Irving;G;31:30;3;14;0;3;1;4;1;3;4;5;2;0;1;2;7;
Dion Waiters;;20:08;1;7;1;5;1;2;0;0;0;3;0;0;2;2;4;
Tyler Zeller;;12:54;3;4;0;0;0;4;0;1;1;0;0;0;1;3;6;
Jarrett Jack;;18:50;1;6;0;2;0;0;0;1;1;2;1;0;3;4;2;
Earl Clark;;23:42;4;7;2;3;1;2;1;4;5;1;0;0;1;2;11;
Matthew Dellavedova;;11:40;0;1;0;1;0;0;0;1;1;2;0;1;0;0;0;
Anthony Bennett;;9:08;1;5;0;0;1;2;1;2;3;0;0;1;0;1;3;
Alonzo Gee;;7:56;1;3;0;0;1;2;0;0;0;1;0;0;0;1;3;
Sergey Karasev;;6:02;1;2;0;1;0;0;0;0;0;0;0;0;0;1;2;
SAC
Rudy Gay;F;29:30;8;12;3;5;1;1;0;5;5;3;1;3;2;1;20;
Jason Thompson;F;30:33;4;11;0;0;0;0;6;10;16;0;1;2;0;3;8;
DeMarcus Cousins;C;29:54;5;9;0;0;6;7;2;9;11;2;0;2;3;3;16;
Marcus Thornton;G;21:57;2;4;1;3;0;0;1;0;1;3;1;0;3;2;5;
Isaiah Thomas;G;35:05;7;15;2;7;10;11;0;4;4;6;2;0;2;1;26;
Quincy Acy;;16:45;2;3;0;0;1;1;0;3;3;2;1;0;0;4;5;
Derrick Williams;;18:21;4;6;2;3;3;5;1;1;2;0;0;0;2;1;13;
Ben McLemore;;26:03;2;7;1;3;4;4;0;1;1;0;0;0;1;4;9;
Jimmer Fredette;;19:02;5;9;3;5;0;1;1;2;3;3;0;0;2;3;13;
Travis Outlaw;;7:07;2;4;2;3;0;0;0;2;2;1;0;1;0;1;6;
Ray McCallum;;5:43;1;1;1;1;0;0;1;1;2;1;0;0;0;0;3;
