01-31;CHA-LAL;110-100;
31-27;31-22;24-25;24-26;
CHA
Michael Kidd-Gilchrist;F;26:43;4;7;0;0;2;3;0;8;8;0;1;0;0;3;10;
Josh McRoberts;F;36:04;3;6;0;2;2;2;1;1;2;6;0;1;1;3;8;
Al Jefferson;C;38:44;18;32;0;0;4;6;2;16;18;4;3;0;2;3;40;
Gerald Henderson;G;37:03;9;19;0;2;2;2;0;3;3;1;2;0;2;2;20;
Ramon Sessions;G;34:17;3;8;0;1;3;4;0;4;4;13;0;0;3;2;9;
Anthony Tolliver;;21:17;0;3;0;3;0;0;0;2;2;0;0;0;0;1;0;
Cody Zeller;;11:56;2;3;0;0;1;3;3;2;5;2;0;0;0;3;5;
Chris Douglas-Roberts;;10:57;2;3;1;2;2;2;0;2;2;0;0;0;0;1;7;
Bismack Biyombo;;9:16;1;1;0;0;0;0;1;2;3;0;0;1;0;0;2;
Jannero Pargo;;13:43;4;6;1;1;0;0;0;2;2;2;1;0;1;2;9;
LAL
Wesley Johnson;F;20:08;1;5;0;1;1;2;2;3;5;1;1;0;1;1;3;
Ryan Kelly;F;33:21;4;10;1;4;4;4;1;5;6;3;0;1;0;1;13;
Pau Gasol;C;33:10;9;17;0;0;6;6;2;7;9;2;0;2;2;5;24;
Jodie Meeks;G;37:10;5;15;3;10;6;6;0;2;2;1;2;0;0;4;19;
Kendall Marshall;G;35:26;5;11;0;3;0;0;1;5;6;12;1;0;3;5;10;
Manny Harris;;17:47;2;5;0;1;0;1;0;3;3;0;0;0;0;1;4;
Jordan Hill;;12:19;0;3;0;0;0;2;0;3;3;0;0;0;0;1;0;
Nick Young;;35:50;8;22;2;7;3;4;0;2;2;3;1;0;2;2;21;
Robert Sacre;;14:50;2;5;0;0;2;2;3;2;5;1;0;0;0;3;6;
