11-08;DAL-MIN;108-116;
24-28;32-27;25-30;27-31;
DAL
Shawn Marion;F;37:09;5;13;0;1;0;0;2;5;7;2;3;3;4;2;10;
Dirk Nowitzki;F;31:26;5;11;1;4;3;3;0;3;3;1;1;1;4;2;14;
Samuel Dalembert;C;12:30;2;3;0;0;0;0;3;1;4;0;1;3;2;3;4;
Monta Ellis;G;36:43;9;24;1;4;4;4;2;1;3;3;1;0;3;2;23;
Jose Calderon;G;33:01;7;11;6;8;1;1;0;4;4;7;1;0;1;2;21;
DeJuan Blair;;20:46;4;6;0;0;0;2;5;4;9;2;2;0;2;4;8;
Jae Crowder;;32:01;5;10;0;2;0;2;2;4;6;1;0;0;0;0;10;
Wayne Ellington;;13:45;2;2;2;2;0;0;0;1;1;1;0;0;1;2;6;
Gal Mekel;;15:25;3;8;0;1;1;2;0;1;1;4;0;0;0;1;7;
Bernard James;;7:14;2;2;0;0;1;1;0;2;2;0;0;0;0;3;5;
MIN
Corey Brewer;F;37:29;7;14;1;3;2;3;1;2;3;4;0;0;2;3;17;
Kevin Love;F;34:39;12;21;3;6;5;5;6;9;15;8;0;1;2;2;32;
Nikola Pekovic;C;31:19;4;9;0;0;7;8;4;2;6;0;1;3;2;2;15;
Kevin Martin;G;37:40;10;19;3;5;9;10;0;5;5;2;2;0;2;1;32;
Ricky Rubio;G;34:36;2;8;0;0;2;2;0;3;3;4;3;0;3;1;6;
Alexey Shved;;7:26;0;1;0;1;1;2;0;1;1;1;1;1;0;1;1;
Jose Juan Barea;;16:18;2;8;1;3;0;0;0;4;4;4;0;0;3;2;5;
Dante Cunningham;;29:36;3;6;0;0;0;0;5;2;7;3;1;1;0;2;6;
Robbie Hummel;;10:57;1;3;0;2;0;0;0;0;0;0;0;0;0;1;2;
