12-14;MIL-DAL;93-106;
26-38;15-21;20-34;32-13;
MIL
Khris Middleton;F;29:47;3;7;2;4;2;2;0;1;1;2;0;0;1;3;10;
Ersan Ilyasova;F;18:37;0;2;0;0;2;2;1;4;5;0;2;0;3;2;2;
John Henson;C;28:59;8;17;0;0;2;4;2;11;13;1;2;2;5;1;18;
O.J. Mayo;G;15:23;1;6;0;1;2;2;0;0;0;2;1;0;2;1;4;
Brandon Knight;G;23:40;7;16;1;6;1;1;0;2;2;1;2;0;1;1;16;
Giannis Antetokounmpo;;34:46;3;9;0;1;7;8;2;7;9;4;0;1;0;2;13;
Ekpe Udoh;;17:38;1;1;0;0;0;0;0;2;2;0;0;0;0;3;2;
Gary Neal;;12:56;1;5;0;2;0;0;1;2;3;0;0;0;1;0;2;
Nate Wolters;;27:34;3;6;0;0;0;0;1;4;5;2;0;1;2;1;6;
Luke Ridnour;;16:27;3;4;2;3;0;0;0;0;0;2;1;0;0;0;8;
Miroslav Raduljica;;14:13;6;8;0;0;0;0;1;1;2;1;0;0;1;1;12;
DAL
Jae Crowder;F;34:02;2;9;0;4;4;4;1;2;3;2;2;0;2;2;8;
Shawn Marion;F;22:33;5;13;1;3;2;2;3;9;12;1;1;1;1;3;13;
DeJuan Blair;C;28:36;5;8;0;0;1;2;2;7;9;1;0;0;4;4;11;
Monta Ellis;G;23:20;3;7;0;0;1;2;0;3;3;5;0;0;3;2;7;
Jose Calderon;G;23:14;7;10;4;6;0;0;0;1;1;1;1;0;1;1;18;
Vince Carter;;25:32;5;10;3;5;2;3;3;3;6;9;3;1;2;2;15;
Brandan Wright;;18:47;9;10;0;0;1;3;1;5;6;1;0;0;0;1;19;
Shane Larkin;;24:46;2;6;0;0;1;2;1;0;1;3;0;0;2;1;5;
Wayne Ellington;;22:49;3;11;1;5;0;0;0;1;1;2;2;0;0;1;7;
Bernard James;;9:40;0;2;0;0;0;0;1;2;3;0;0;1;0;0;0;
Gal Mekel;;6:41;1;2;1;1;0;0;0;0;0;0;0;0;1;1;3;
