03-14;MEM-TOR;86-99;
24-19;20-28;23-24;19-28;
MEM
Tayshaun Prince;F;35:13;2;8;0;1;0;0;0;1;1;2;0;0;2;1;4;
Zach Randolph;F;32:37;7;13;0;1;2;4;2;6;8;1;1;1;2;0;16;
Marc Gasol;C;32:31;3;8;0;0;2;2;1;2;3;5;1;4;1;1;8;
Courtney Lee;G;26:30;5;9;1;2;1;1;1;2;3;0;0;1;1;3;12;
Mike Conley;G;30:06;4;12;0;1;2;2;2;4;6;6;1;0;2;3;10;
Kosta Koufos;;14:38;2;5;0;0;2;3;2;0;2;0;0;0;0;0;6;
Nick Calathes;;17:54;3;3;0;0;5;8;3;5;8;2;2;0;1;3;11;
Mike Miller;;18:15;1;4;1;2;1;2;0;0;0;0;0;0;2;2;4;
Tony Allen;;20:47;5;7;0;1;0;0;1;2;3;0;1;0;5;4;10;
Jon Leuer;;9:48;1;5;0;0;1;3;0;1;1;0;1;0;0;0;3;
Beno Udrih;;0:51;0;0;0;0;2;2;0;0;0;0;0;0;0;0;2;
James Johnson;;0:51;0;0;0;0;0;0;0;0;0;0;0;0;0;0;0;
TOR
Terrence Ross;F;20:08;2;5;1;2;2;2;0;1;1;1;1;0;3;3;7;
Amir Johnson;F;35:02;6;10;0;1;0;0;4;4;8;2;2;0;2;3;12;
Jonas Valanciunas;C;35:51;11;15;0;0;1;2;2;7;9;0;1;0;2;1;23;
DeMar DeRozan;G;43:00;4;12;1;2;7;8;0;0;0;2;1;0;4;4;16;
Kyle Lowry;G;38:48;6;14;4;7;6;7;1;6;7;12;1;1;0;3;22;
John Salmons;;13:59;0;3;0;0;0;0;0;0;0;0;0;0;1;1;0;
Tyler Hansbrough;;5:22;0;0;0;0;0;0;1;0;1;0;0;0;0;2;0;
Greivis Vasquez;;28:10;6;11;3;5;2;3;0;5;5;6;3;0;2;3;17;
Steve Novak;;12:44;0;0;0;0;0;0;0;3;3;0;0;0;1;0;0;
Charles Hayes;;6:36;1;1;0;0;0;0;0;2;2;0;0;0;1;2;2;
Julyan Stone;;0:10;0;0;0;0;0;0;0;0;0;0;0;0;0;0;0;
Nando De Colo;;0:10;0;0;0;0;0;0;0;0;0;0;0;0;0;0;0;
