11-30;CHI-CLE;93-97;
25-27;26-29;15-21;27-20;
CHI
Luol Deng;F;38:56;12;20;2;5;1;1;0;4;4;11;0;0;3;1;27;
Carlos Boozer;F;29:50;5;13;0;0;2;2;2;5;7;1;1;1;1;4;12;
Joakim Noah;C;37:24;2;10;0;0;0;2;3;5;8;7;1;1;0;3;4;
Tony Snell;G;35:05;7;12;3;5;1;4;1;3;4;2;1;0;2;0;18;
Kirk Hinrich;G;34:57;5;10;1;1;1;2;0;5;5;2;0;1;1;5;12;
Taj Gibson;;24:00;7;10;0;0;4;4;2;2;4;2;0;1;1;3;18;
Mike Dunleavy;;21:59;1;6;0;3;0;0;0;1;1;3;1;0;1;2;2;
Mike James;;13:03;0;1;0;1;0;0;0;2;2;2;1;0;0;4;0;
Nazr Mohammed;;4:46;0;0;0;0;0;0;1;0;1;1;0;0;0;0;0;
CLE
Alonzo Gee;F;35:43;2;4;1;1;0;0;1;3;4;3;0;0;1;3;5;
Tristan Thompson;F;36:27;4;7;0;1;6;8;2;12;14;2;0;0;2;2;14;
Andrew Bynum;C;30:13;8;14;0;0;4;4;3;7;10;3;0;5;1;1;20;
CJ Miles;G;15:37;2;5;2;3;0;0;0;2;2;2;1;2;1;1;6;
Kyrie Irving;G;38:38;7;21;1;5;4;5;2;1;3;6;2;0;0;3;19;
Dion Waiters;;27:02;8;10;2;2;2;2;0;2;2;0;1;0;4;1;20;
Jarrett Jack;;23:50;2;6;1;2;0;0;0;1;1;3;0;0;1;2;5;
Anderson Varejao;;23:37;3;7;0;0;0;0;2;3;5;0;1;0;0;3;6;
Matthew Dellavedova;;3:10;0;1;0;0;0;0;0;0;0;1;0;0;0;0;0;
Anthony Bennett;;5:43;1;3;0;1;0;0;0;0;0;0;0;0;0;2;2;
