11-04;BOS-MEM;88-95;
24-27;26-19;22-20;16-29;
BOS
Gerald Wallace;F;27:34;0;0;0;0;0;0;0;3;3;3;2;0;3;2;0;
Brandon Bass;F;23:00;3;11;0;1;0;0;1;3;4;1;1;3;1;2;6;
Vitor Faverani;C;27:38;2;4;1;3;0;0;2;4;6;0;1;1;3;4;5;
Jeff Green;G;40:27;6;12;1;4;9;12;0;5;5;1;0;1;2;2;22;
Avery Bradley;G;32:29;6;12;0;2;2;2;0;0;0;3;1;0;1;3;14;
Jordan Crawford;;24:37;4;7;2;4;2;2;0;2;2;4;3;1;1;1;12;
Kelly Olynyk;;24:40;1;8;0;1;2;2;0;4;4;0;0;0;4;3;4;
Courtney Lee;;18:53;4;5;1;2;0;0;0;3;3;2;1;0;2;0;9;
Jared Sullinger;;20:42;7;11;2;3;0;0;1;4;5;0;0;0;0;4;16;
MEM
Tayshaun Prince;F;19:49;2;4;0;0;0;0;1;2;3;3;0;0;1;0;4;
Zach Randolph;F;32:01;6;11;0;0;3;3;4;3;7;1;0;0;5;3;15;
Marc Gasol;C;35:03;6;10;0;0;2;2;0;8;8;2;0;0;1;3;14;
Tony Allen;G;29:41;3;5;0;2;2;4;1;3;4;3;4;0;4;2;8;
Mike Conley;G;32:33;5;14;1;3;4;4;0;2;2;8;0;0;2;2;15;
Quincy Pondexter;;19:19;2;6;2;3;2;2;0;1;1;0;0;0;2;2;8;
Mike Miller;;23:23;2;4;1;3;0;0;1;4;5;2;0;0;1;1;5;
Ed Davis;;7:42;2;6;0;0;0;0;2;1;3;0;0;0;2;2;4;
Kosta Koufos;;12:37;1;1;0;0;1;3;0;2;2;2;0;1;0;2;3;
Jerryd Bayless;;21:01;6;11;1;3;2;2;0;1;1;1;2;1;0;1;15;
Jon Leuer;;6:52;1;2;0;1;2;2;0;0;0;1;0;0;0;1;4;
