11-29;NYK-DEN;95-97;
20-30;25-21;22-24;28-22;
NYK
Carmelo Anthony;F;40:15;8;22;0;3;11;13;2;5;7;0;0;2;1;4;27;
Kenyon Martin;F;13:53;2;5;0;0;0;0;0;2;2;1;1;0;0;2;4;
Andrea Bargnani;C;38:57;7;11;1;2;7;8;0;5;5;2;1;0;1;4;22;
Iman Shumpert;G;32:01;4;8;1;2;2;2;1;6;7;0;1;0;1;2;11;
Raymond Felton;G;37:10;3;9;1;4;1;2;1;3;4;7;0;1;3;3;8;
Amar'e Stoudemire;;15:22;2;7;0;0;0;0;1;3;4;0;1;0;0;2;4;
J.R. Smith;;32:13;5;13;1;7;0;0;1;5;6;3;2;0;2;4;11;
Beno Udrih;;5:26;0;1;0;0;0;0;1;0;1;1;0;0;1;0;0;
Metta World Peace;;4:27;0;2;0;1;0;0;0;0;0;1;0;1;0;0;0;
Tim Hardaway Jr.;;14:53;3;5;2;3;0;0;1;2;3;0;0;2;1;1;8;
Pablo Prigioni;;5:24;0;0;0;0;0;0;0;3;3;1;0;0;0;2;0;
DEN
Wilson Chandler;F;33:26;4;9;2;4;3;4;0;4;4;1;1;1;2;4;13;
Kenneth Faried;F;21:00;2;4;0;0;0;0;0;6;6;0;1;0;0;0;4;
JJ Hickson;C;31:33;4;9;0;0;5;10;1;10;11;2;0;0;2;2;13;
Randy Foye;G;30:05;5;11;3;8;4;4;0;4;4;4;0;1;0;2;17;
Ty Lawson;G;35:33;5;10;2;4;10;12;1;2;3;8;0;0;2;0;22;
Nate Robinson;;18:26;6;11;0;2;4;4;0;1;1;2;1;0;1;5;16;
Timofey Mozgov;;15:56;0;1;0;0;0;0;0;4;4;1;0;3;1;3;0;
Darrell Arthur;;14:60;1;4;0;0;0;0;1;2;3;0;0;0;1;3;2;
Jordan Hamilton;;13:33;1;6;1;4;0;0;1;5;6;0;0;0;1;3;3;
Andre Miller;;19:59;3;5;1;1;0;0;1;1;2;1;1;0;4;0;7;
Evan Fournier;;5:29;0;1;0;1;0;0;0;0;0;0;0;0;0;1;0;
