01-05;GSW-WAS;112-96;
28-36;30-22;34-15;20-23;
GSW
Andre Iguodala;F;28:03;3;5;0;0;3;4;0;4;4;3;1;1;1;0;9;
David Lee;F;38:55;10;16;0;0;1;2;2;9;11;6;1;0;1;1;21;
Andrew Bogut;C;25:53;7;9;0;0;1;2;2;9;11;2;2;4;1;2;15;
Klay Thompson;G;35:44;9;14;6;9;2;2;0;3;3;0;2;1;2;0;26;
Stephen Curry;G;37:38;5;17;1;5;3;3;1;2;3;10;1;1;2;5;14;
Marreese Speights;;16:55;2;6;0;0;3;3;2;2;4;0;0;0;1;3;7;
Harrison Barnes;;26:37;4;6;1;1;4;4;0;6;6;3;0;0;2;2;13;
Draymond Green;;8:11;1;4;1;2;0;0;1;0;1;0;1;0;0;0;3;
Toney Douglas;;10:22;1;4;0;3;0;0;0;1;1;0;0;0;0;2;2;
Kent Bazemore;;8:38;1;4;0;2;0;0;0;0;0;0;0;0;1;0;2;
Ognjen Kuzmic;;3:04;0;0;0;0;0;0;0;1;1;0;0;0;1;0;0;
WAS
Trevor Ariza;F;27:21;1;7;0;5;2;2;0;5;5;0;0;0;2;2;4;
Trevor Booker;F;24:04;4;6;0;0;0;0;1;5;6;0;0;0;0;4;8;
Marcin Gortat;C;19:46;5;9;0;0;0;0;3;3;6;1;1;0;1;0;10;
Bradley Beal;G;25:05;4;15;1;2;0;0;0;2;2;3;0;0;2;3;9;
John Wall;G;37:47;4;11;2;3;4;4;2;1;3;10;3;1;2;3;14;
Martell Webster;;30:38;4;10;1;5;2;2;0;5;5;0;2;0;0;1;11;
Nene;;25:26;6;9;0;0;2;2;0;4;4;4;0;0;4;3;14;
Garrett Temple;;10:13;2;5;1;3;2;2;0;1;1;2;0;0;0;1;7;
Chris Singleton;;8:17;2;3;1;1;2;2;0;1;1;0;0;1;0;0;7;
Otto Porter;;15:50;1;4;0;1;2;2;1;2;3;1;1;0;0;0;4;
Jan Vesely;;15:33;4;7;0;0;0;0;2;4;6;2;1;3;2;0;8;
