12-09;DAL-SAC;97-112;
23-34;24-23;26-35;24-20;
DAL
Shawn Marion;F;25:14;3;9;0;3;2;2;1;2;3;0;0;0;1;2;8;
Dirk Nowitzki;F;31:14;7;15;1;3;3;3;0;6;6;7;2;2;3;0;18;
DeJuan Blair;C;13:41;2;2;0;0;0;0;1;1;2;1;0;0;2;4;4;
Monta Ellis;G;33:29;9;18;0;1;3;4;1;2;3;5;2;0;3;2;21;
Jose Calderon;G;21:43;4;10;3;7;0;0;0;2;2;2;0;0;2;2;11;
Samuel Dalembert;;12:19;0;2;0;1;3;4;2;4;6;0;2;0;0;4;3;
Vince Carter;;24:05;3;11;0;4;1;1;0;1;1;1;3;1;2;3;7;
Jae Crowder;;22:48;0;3;0;2;0;0;1;6;7;2;0;0;0;1;0;
Gal Mekel;;10:35;0;5;0;1;0;0;0;2;2;2;0;0;2;3;0;
Bernard James;;22:00;2;6;0;1;3;3;2;4;6;0;1;1;0;3;7;
Shane Larkin;;11:19;4;8;1;3;1;1;0;0;0;2;3;0;1;1;10;
Wayne Ellington;;11:33;3;6;0;1;2;2;1;0;1;0;1;0;0;0;8;
SAC
Derrick Williams;F;35:13;12;16;3;5;4;6;1;4;5;0;5;0;2;2;31;
Jason Thompson;F;29:41;3;7;0;0;4;6;3;4;7;3;0;1;2;5;10;
DeMarcus Cousins;C;36:23;10;17;0;0;12;14;4;15;19;3;3;1;9;2;32;
Ben McLemore;G;33:58;1;7;1;4;0;0;1;3;4;3;0;0;0;5;3;
Isaiah Thomas;G;38:24;7;16;4;6;6;6;1;1;2;12;1;0;2;1;24;
Travis Outlaw;;18:32;2;5;1;4;0;0;0;4;4;1;1;0;1;5;5;
Marcus Thornton;;24:07;0;4;0;3;1;2;0;7;7;0;0;1;2;0;1;
Jimmer Fredette;;9:36;1;3;0;1;0;0;0;2;2;0;0;0;2;2;2;
Hamady Ndiaye;;8:50;1;2;0;0;0;0;1;0;1;1;0;1;0;0;2;
Ray McCallum;;5:16;1;4;0;2;0;0;0;0;0;0;0;0;1;1;2;
