03-22;POR-CHA;94-124;
22-33;24-36;27-29;21-26;
POR
Nicolas Batum;F;30:00;2;5;2;4;0;0;0;6;6;6;1;1;0;4;6;
Dorell Wright;F;23:35;6;12;0;3;5;5;1;5;6;0;0;0;0;1;17;
Robin Lopez;C;25:40;3;5;0;0;2;2;3;2;5;0;0;0;1;2;8;
Wesley Matthews;G;27:14;6;12;1;5;2;2;0;0;0;0;1;0;1;2;15;
Damian Lillard;G;31:38;7;19;3;6;3;3;0;2;2;4;0;0;0;0;20;
CJ McCollum;;17:53;3;9;2;5;4;6;1;2;3;0;0;0;1;1;12;
Mo Williams;;13:39;1;5;0;1;1;2;1;0;1;3;0;0;2;2;3;
Thomas Robinson;;16:59;3;7;0;0;0;0;2;3;5;1;0;0;1;3;6;
Will Barton;;4:33;0;0;0;0;0;0;0;0;0;0;0;0;0;1;0;
Meyers Leonard;;13:12;0;4;0;1;0;2;0;3;3;0;0;2;1;1;0;
Victor Claver;;16:24;1;3;0;1;0;0;0;3;3;1;0;0;0;1;2;
Allen Crabbe;;10:34;2;3;1;1;0;0;0;2;2;1;0;0;0;0;5;
Earl Watson;;8:39;0;0;0;0;0;0;0;0;0;1;2;0;2;0;0;
CHA
Michael Kidd-Gilchrist;F;18:30;4;6;0;0;1;1;1;6;7;0;0;0;0;3;9;
Josh McRoberts;F;31:37;1;2;0;1;4;4;0;3;3;5;0;1;0;3;6;
Al Jefferson;C;28:41;13;22;0;1;2;2;1;6;7;6;0;2;1;2;28;
Gerald Henderson;G;28:45;8;11;2;2;5;5;0;8;8;5;1;1;2;2;23;
Kemba Walker;G;32:37;10;18;4;5;2;2;0;2;2;6;1;1;0;0;26;
Chris Douglas-Roberts;;34:05;4;12;0;5;3;3;2;3;5;3;1;0;1;3;11;
Cody Zeller;;16:23;1;7;0;0;1;2;5;2;7;0;1;1;0;2;3;
Gary Neal;;7:15;2;3;0;0;0;0;0;1;1;0;1;0;0;0;4;
Luke Ridnour;;14:49;3;7;0;1;0;0;1;1;2;2;0;2;1;0;6;
Bismack Biyombo;;15:05;0;0;0;0;0;0;2;3;5;0;1;0;0;2;0;
Jannero Pargo;;4:04;3;5;2;3;0;0;0;1;1;1;0;0;0;0;8;
DJ White;;4:04;0;0;0;0;0;0;0;1;1;0;1;0;0;1;0;
Anthony Tolliver;;4:04;0;1;0;1;0;0;0;1;1;0;0;0;0;1;0;
