01-11;HOU-WAS;114-107;
29-29;34-17;31-33;20-28;
HOU
Ronnie Brewer;F;17:09;1;2;0;1;0;0;1;0;1;0;1;0;0;1;2;
Terrence Jones;F;30:24;7;14;0;1;5;5;3;14;17;1;0;3;3;3;19;
Dwight Howard;C;34:18;10;17;0;0;3;10;2;5;7;2;1;0;5;5;23;
James Harden;G;38:05;7;14;3;5;8;9;0;8;8;5;1;0;5;2;25;
Jeremy Lin;G;43:04;5;11;0;3;8;10;2;0;2;8;2;0;3;5;18;
Francisco Garcia;;31:10;2;3;2;2;0;0;1;3;4;3;1;1;0;3;6;
Omri Casspi;;17:36;4;5;2;2;4;4;0;2;2;2;1;0;1;3;14;
Aaron Brooks;;14:51;1;5;1;4;0;0;0;1;1;1;0;0;1;0;3;
Greg Smith;;13:24;1;2;0;0;2;4;0;1;1;0;0;1;1;3;4;
WAS
Trevor Ariza;F;44:59;7;16;3;9;6;7;2;12;14;2;5;0;2;4;23;
Trevor Booker;F;17:59;4;5;0;0;0;0;3;1;4;0;0;1;0;3;8;
Marcin Gortat;C;19:42;2;4;0;0;1;2;2;1;3;3;1;0;1;4;5;
Bradley Beal;G;26:50;4;16;0;4;5;5;1;1;2;2;1;0;0;3;13;
John Wall;G;42:41;8;22;1;3;6;8;0;2;2;10;2;0;3;4;23;
Nene;;26:30;3;10;0;0;2;6;4;6;10;6;1;1;0;5;8;
Martell Webster;;23:16;1;3;1;3;0;0;0;3;3;0;0;0;2;3;3;
Jan Vesely;;6:45;1;2;0;0;0;0;2;1;3;0;0;0;0;1;2;
Otto Porter;;3:01;0;1;0;0;0;0;0;0;0;0;1;0;0;0;0;
Garrett Temple;;5:38;2;3;0;0;0;0;0;1;1;0;0;0;1;1;4;
Kevin Seraphin;;22:40;8;13;0;0;2;3;3;2;5;1;0;1;2;4;18;
