11-16;CLE-WAS;103-96;
18-25;26-24;20-20;26-21;13-6;
CLE
Earl Clark;F;32:32;4;6;3;4;0;0;0;3;3;0;2;2;2;4;11;
Tristan Thompson;F;32:26;6;11;0;0;3;3;3;9;12;0;2;2;1;3;15;
Andrew Bynum;C;21:11;2;8;0;0;2;2;1;2;3;0;1;1;2;0;6;
CJ Miles;G;15:38;2;3;2;2;2;2;0;3;3;0;0;0;2;4;8;
Kyrie Irving;G;41:43;14;28;4;7;9;9;0;4;4;5;2;0;6;2;41;
Anderson Varejao;;34:41;0;3;0;1;2;2;2;6;8;6;1;0;0;2;2;
Alonzo Gee;;16:45;1;2;0;0;1;2;0;2;2;1;1;1;2;2;3;
Jarrett Jack;;33:39;5;13;1;4;2;2;1;4;5;4;1;0;5;1;13;
Sergey Karasev;;5:53;1;2;0;1;0;0;0;0;0;0;0;0;0;0;2;
Matthew Dellavedova;;30:32;1;5;0;2;0;0;0;6;6;2;2;0;0;1;2;
WAS
Martell Webster;F;42:40;4;12;2;8;4;4;3;4;7;1;1;0;1;5;14;
Nene;F;36:41;9;16;0;1;6;9;1;6;7;2;1;2;3;4;24;
Marcin Gortat;C;38:00;6;13;0;0;0;0;2;9;11;1;2;0;2;1;12;
Bradley Beal;G;47:26;11;25;4;9;2;2;1;3;4;1;2;0;3;1;28;
John Wall;G;37:47;3;13;0;4;3;3;0;2;2;12;1;0;1;0;9;
Kevin Seraphin;;8:28;1;5;0;0;0;0;2;0;2;0;0;0;3;1;2;
Glen Rice Jr.;;15:31;0;5;0;3;1;2;1;3;4;3;1;0;2;0;1;
Garrett Temple;;15:36;1;1;0;0;0;0;1;2;3;1;0;1;3;2;2;
Jan Vesely;;22:51;2;3;0;0;0;2;2;5;7;1;3;0;0;3;4;
