12-09;POR-UTA;105-94;
22-22;29-23;26-19;28-30;
POR
Nicolas Batum;F;33:12;3;5;1;2;0;0;0;8;8;11;1;1;2;1;7;
LaMarcus Aldridge;F;34:13;10;18;0;0;4;4;3;3;6;4;0;0;0;0;24;
Robin Lopez;C;34:07;6;9;0;0;3;3;3;8;11;0;0;1;2;0;15;
Wesley Matthews;G;34:01;6;11;1;4;3;4;0;3;3;3;0;0;1;2;16;
Damian Lillard;G;34:08;5;14;1;5;7;7;0;5;5;3;1;0;0;4;18;
Joel Freeland;;13:53;0;2;0;0;2;2;1;3;4;0;1;1;0;4;2;
Mo Williams;;26:08;4;12;1;3;0;0;0;1;1;2;3;1;3;3;9;
Dorell Wright;;16:31;2;9;2;5;0;0;0;0;0;0;0;0;2;3;6;
Thomas Robinson;;13:47;4;5;0;0;0;0;4;2;6;0;0;2;1;2;8;
UTA
Richard Jefferson;F;32:49;4;10;0;2;5;6;2;4;6;1;1;0;3;2;13;
Jeremy Evans;F;37:39;3;9;0;0;0;0;4;4;8;2;1;2;0;4;6;
Enes Kanter;C;34:24;9;18;0;0;1;1;2;3;5;2;2;1;1;4;19;
Gordon Hayward;G;38:51;6;14;0;3;5;6;0;5;5;0;1;0;2;1;17;
Trey Burke;G;34:32;5;12;1;2;4;4;1;5;6;5;1;1;2;0;15;
Alec Burks;;24:42;8;11;0;0;4;4;0;3;3;0;0;0;2;2;20;
Andris Biedrins;;13:14;0;0;0;0;0;0;1;6;7;0;0;0;0;1;0;
Diante Garrett;;13:28;0;4;0;0;2;2;0;1;1;3;0;0;1;0;2;
Michael Harris;;10:21;1;4;0;0;0;0;1;1;2;0;0;1;1;1;2;
