11-02;CHA-NOP;84-105;
15-33;26-23;21-21;22-28;
CHA
Michael Kidd-Gilchrist;F;17:09;1;4;0;0;1;2;0;3;3;1;0;1;2;2;3;
Josh McRoberts;F;14:54;3;4;1;1;2;2;1;5;6;2;2;0;1;2;9;
Bismack Biyombo;C;25:30;0;0;0;0;0;2;1;5;6;0;0;1;0;1;0;
Gerald Henderson;G;26:59;3;10;0;1;1;2;0;2;2;1;1;1;2;4;7;
Kemba Walker;G;27:09;7;19;0;5;0;0;1;1;2;0;0;0;1;3;14;
Jeff Taylor;;24:59;1;9;0;3;3;7;0;0;0;1;0;0;0;1;5;
Cody Zeller;;9:34;2;4;0;0;0;0;1;0;1;0;2;0;2;4;4;
Ramon Sessions;;34:16;5;11;0;2;12;16;1;1;2;6;0;0;2;0;22;
Jeff Adrien;;22:30;4;7;0;0;0;1;7;6;13;0;1;1;1;2;8;
Anthony Tolliver;;23:32;2;5;2;5;0;0;2;3;5;1;0;0;1;1;6;
Ben Gordon;;8:46;1;3;0;1;2;4;0;1;1;1;1;0;0;1;4;
Jannero Pargo;;4:42;1;4;0;3;0;0;0;0;0;0;1;0;1;1;2;
NOP
Al-Farouq Aminu;F;22:14;2;4;0;0;3;4;2;5;7;2;1;0;0;1;7;
Anthony Davis;F;36:40;9;13;0;0;7;8;3;5;8;4;6;6;2;3;25;
Jason Smith;C;27:09;3;8;0;0;2;2;0;3;3;0;0;5;1;5;8;
Eric Gordon;G;21:06;3;7;1;3;0;0;0;2;2;2;1;2;3;3;7;
Jrue Holiday;G;32:28;5;13;2;3;2;2;1;2;3;8;0;0;4;2;14;
Tyreke Evans;;31:07;6;16;0;1;3;3;0;6;6;7;0;0;2;3;15;
Greg Stiemsma;;16:41;2;2;0;0;0;0;1;5;6;2;0;5;2;5;4;
Lance Thomas;;13:49;1;2;0;0;2;4;0;2;2;0;0;0;1;1;4;
Anthony Morrow;;21:33;3;6;2;4;0;0;0;3;3;2;0;0;1;1;8;
Brian Roberts;;15:32;3;4;2;2;5;5;1;2;3;3;2;0;1;2;13;
Jeff Withey;;1:42;0;0;0;0;0;0;0;0;0;0;0;0;0;0;0;
