03-16;GSW-POR;113-112;
23-24;21-31;33-30;36-27;
GSW
Andre Iguodala;F;30:22;2;5;0;1;0;0;2;3;5;2;1;0;1;3;4;
David Lee;F;23:53;8;15;0;0;0;0;0;3;3;0;1;1;1;4;16;
Andrew Bogut;C;26:35;3;5;0;0;0;0;3;4;7;3;1;3;1;2;6;
Klay Thompson;G;38:50;10;19;3;7;4;6;1;3;4;0;1;2;2;4;27;
Stephen Curry;G;40:08;11;24;6;12;9;9;0;4;4;5;1;0;5;4;37;
Harrison Barnes;;27:44;2;8;1;5;0;0;2;3;5;3;0;0;0;5;5;
Draymond Green;;23:31;1;3;0;2;3;4;0;8;8;2;2;1;2;6;5;
Steve Blake;;17:48;2;3;1;2;0;0;0;1;1;2;0;0;0;0;5;
Jermaine O'Neal;;6:49;3;3;0;0;2;3;2;2;4;0;0;0;0;1;8;
Jordan Crawford;;4:20;0;3;0;1;0;0;0;0;0;0;0;0;0;0;0;
POR
Nicolas Batum;F;42:41;7;13;5;9;4;5;3;11;14;5;3;1;4;0;23;
Dorell Wright;F;16:35;5;6;3;4;0;0;0;4;4;0;1;1;3;0;13;
Robin Lopez;C;37:56;5;12;0;0;4;5;5;5;10;4;0;1;0;3;14;
Wesley Matthews;G;35:11;3;12;1;5;6;6;0;4;4;3;0;0;2;3;13;
Damian Lillard;G;38:54;8;22;1;6;9;10;2;0;2;7;0;0;0;1;26;
Mo Williams;;31:22;5;10;2;3;0;0;0;0;0;4;2;0;2;4;12;
Will Barton;;16:14;2;8;0;1;2;2;2;5;7;2;0;0;0;1;6;
Thomas Robinson;;9:11;2;5;0;0;1;2;0;4;4;0;0;1;0;3;5;
Victor Claver;;11:56;0;0;0;0;0;0;0;3;3;0;0;0;1;1;0;
