02-23;LAC-OKC;125-117;
28-32;44-34;27-27;26-24;
LAC
Matt Barnes;F;32:44;8;14;6;10;2;2;3;4;7;1;2;0;0;5;24;
Blake Griffin;F;36:30;6;15;1;1;7;10;2;5;7;6;0;1;4;5;20;
DeAndre Jordan;C;40:41;6;6;0;0;6;11;1;11;12;0;2;1;3;4;18;
Jamal Crawford;G;39:19;13;20;5;8;5;5;0;2;2;4;1;0;5;2;36;
Chris Paul;G;39:07;5;12;1;4;7;7;1;7;8;12;0;0;1;2;18;
Darren Collison;;22:13;3;8;0;3;1;2;2;2;4;2;2;0;2;1;7;
Jared Dudley;;11:54;1;2;0;0;0;2;1;2;3;0;0;0;0;1;2;
Ryan Hollins;;5:05;0;0;0;0;0;0;0;1;1;0;0;0;1;1;0;
Reggie Bullock;;12:28;0;4;0;4;0;0;0;0;0;1;1;0;1;2;0;
OKC
Kevin Durant;F;45:42;15;30;2;6;10;12;0;3;3;10;2;0;5;3;42;
Serge Ibaka;F;38:52;10;16;0;1;0;0;3;3;6;0;0;2;0;5;20;
Steven Adams;C;16:08;0;1;0;0;1;2;2;4;6;0;0;1;1;3;1;
Thabo Sefolosha;G;23:24;4;8;2;5;0;0;1;2;3;3;3;0;0;2;10;
Russell Westbrook;G;24:49;3;13;2;4;5;6;2;3;5;6;1;0;3;5;13;
Nick Collison;;19:34;2;3;0;0;1;2;2;4;6;3;0;0;1;3;5;
Reggie Jackson;;34:01;3;12;1;5;0;0;0;2;2;4;0;0;3;4;7;
Jeremy Lamb;;16:10;1;2;0;1;2;2;0;2;2;0;1;0;1;1;4;
Derek Fisher;;20:49;5;8;5;7;0;0;0;4;4;0;2;0;0;4;15;
Perry Jones;;0:31;0;0;0;0;0;0;0;0;0;0;0;0;0;0;0;
