11-11;TOR-HOU;104-110;
20-24;13-23;29-24;25-16;8-8;9-15;
TOR
Rudy Gay;F;44:34;10;31;3;6;3;3;1;8;9;2;4;1;2;4;26;
Amir Johnson;F;29:28;4;9;0;0;2;6;4;6;10;0;0;1;2;5;10;
Jonas Valanciunas;C;29:34;4;9;0;0;2;3;7;6;13;3;0;1;4;6;10;
DeMar DeRozan;G;47:53;6;24;0;1;10;11;1;2;3;1;4;1;0;1;22;
Kyle Lowry;G;44:24;4;13;2;8;0;0;1;1;2;2;1;0;2;5;10;
Tyler Hansbrough;;9:18;1;3;0;0;0;0;2;1;3;1;0;0;0;2;2;
Landry Fields;;11:38;0;1;0;0;1;2;0;3;3;0;0;0;2;1;1;
Terrence Ross;;26:02;4;6;1;3;0;0;1;2;3;0;1;0;0;5;9;
Dwight Buycks;;13:32;2;6;0;1;1;1;2;1;3;0;0;0;1;1;5;
Quincy Acy;;8:36;0;1;0;1;0;0;0;0;0;1;2;1;0;3;0;
Aaron Gray;;0:01;0;0;0;0;0;0;0;0;0;0;0;0;0;0;0;
HOU
Chandler Parsons;F;46:54;7;16;1;5;3;3;0;5;5;5;1;1;2;5;18;
Dwight Howard;F;39:54;7;12;0;0;4;12;5;16;21;1;1;5;3;5;18;
Omer Asik;C;18:50;2;4;0;0;0;2;1;1;2;0;0;1;0;2;4;
James Harden;G;42:43;5;15;2;7;6;7;0;3;3;10;3;1;6;4;18;
Patrick Beverley;G;22:10;0;5;0;4;0;0;0;2;2;0;0;0;3;4;0;
Omri Casspi;;26:14;1;4;0;2;3;6;2;4;6;3;1;1;2;1;5;
Jeremy Lin;;41:07;8;15;3;6;8;9;0;4;4;1;2;1;5;2;27;
Terrence Jones;;27:08;2;6;0;0;1;2;3;6;9;0;0;4;2;5;5;
