11-08;BOS-ORL;91-89;
17-24;29-25;25-19;20-21;
BOS
Jeff Green;F;31:51;5;14;0;3;0;1;1;2;3;3;2;0;0;0;10;
Brandon Bass;F;36:43;6;14;0;0;4;4;3;4;7;1;0;1;0;3;16;
Vitor Faverani;C;16:34;1;4;1;2;0;0;2;3;5;1;0;0;1;2;3;
Avery Bradley;G;28:53;5;13;1;2;3;4;3;5;8;1;3;1;2;1;14;
Jordan Crawford;G;30:33;5;13;0;2;3;3;1;2;3;5;1;0;2;1;13;
Gerald Wallace;;19:52;1;3;0;2;0;0;0;6;6;3;1;0;2;5;2;
Kelly Olynyk;;22:12;4;13;0;1;0;0;4;2;6;0;0;0;3;5;8;
Jared Sullinger;;19:29;2;8;0;1;7;8;3;3;6;4;0;2;1;2;11;
Courtney Lee;;17:27;5;9;0;0;3;4;2;2;4;0;2;1;0;2;13;
Phil Pressey;;15:35;0;4;0;1;1;2;0;2;2;1;2;0;0;2;1;
Kris Humphries;;0:52;0;0;0;0;0;0;0;0;0;0;0;0;0;1;0;
ORL
Maurice Harkless;F;31:16;1;4;0;1;2;3;2;3;5;2;0;1;0;1;4;
Jason Maxiell;F;27:06;4;6;0;0;1;5;2;3;5;2;1;1;0;4;9;
Nikola Vucevic;C;36:05;6;12;0;0;2;4;5;8;13;1;0;1;4;3;14;
Arron Afflalo;G;34:03;8;15;2;5;5;6;0;5;5;1;0;0;3;5;23;
Jameer Nelson;G;36:01;4;15;2;9;2;2;0;3;3;7;1;0;7;3;12;
Victor Oladipo;;23:16;3;12;0;3;3;4;1;3;4;3;1;0;3;4;9;
E'Twaun Moore;;19:24;3;7;0;1;1;1;0;1;1;3;0;0;0;0;7;
Kyle O'Quinn;;11:55;2;6;0;0;1;2;4;5;9;0;1;1;2;2;5;
Andrew Nicholson;;20:54;2;6;0;1;2;2;2;9;11;0;0;0;1;2;6;
