01-26;LAL-NYK;103-110;
25-22;22-29;34-32;22-27;
LAL
Ryan Kelly;F;20:52;2;2;1;1;0;0;0;1;1;2;0;0;1;4;5;
Nick Young;F;34:24;5;11;0;2;3;4;1;2;3;2;0;0;3;4;13;
Pau Gasol;C;38:40;8;15;0;0;4;6;2;11;13;4;0;2;1;0;20;
Kendall Marshall;G;37:36;5;11;2;5;0;0;1;1;2;5;0;0;1;1;12;
Jodie Meeks;G;43:20;8;13;6;8;2;2;0;3;3;1;2;0;2;2;24;
Wesley Johnson;;23:06;3;8;0;4;0;0;1;4;5;1;1;0;0;2;6;
Manny Harris;;19:21;6;9;2;3;4;4;0;0;0;0;2;1;1;2;18;
Jordan Hill;;17:07;2;3;0;0;1;2;0;6;6;1;1;0;2;4;5;
Robert Sacre;;5:36;0;3;0;0;0;0;0;2;2;0;0;0;0;1;0;
NYK
Carmelo Anthony;F;40:13;14;31;2;7;5;6;1;3;4;5;0;1;2;2;35;
Iman Shumpert;F;26:36;2;7;1;5;0;0;1;3;4;2;1;0;3;2;5;
Tyson Chandler;C;30:19;5;11;0;0;3;3;6;8;14;0;1;1;1;4;13;
Raymond Felton;G;35:57;8;10;2;2;2;2;1;1;2;5;1;1;1;2;20;
Pablo Prigioni;G;21:50;0;3;0;3;0;0;1;1;2;4;0;0;1;4;0;
J.R. Smith;;38:13;6;12;2;4;2;4;0;6;6;4;0;0;1;2;16;
Cole Aldrich;;12:28;1;2;0;0;0;0;1;3;4;1;0;3;0;0;2;
Tim Hardaway Jr.;;25:36;7;12;4;5;0;1;2;2;4;0;1;0;1;1;18;
Jeremy Tyler;;8:48;0;2;0;0;1;2;3;2;5;0;0;0;1;2;1;
