02-27;BKN-DEN;112-89;
29-8;30-28;30-20;23-33;
BKN
Joe Johnson;F;26:31;3;11;2;6;2;3;1;1;2;0;0;0;2;1;10;
Paul Pierce;F;21:53;7;12;2;5;2;2;0;6;6;1;0;0;2;4;18;
Kevin Garnett;C;11:58;2;4;0;0;0;0;1;2;3;0;1;0;0;1;4;
Shaun Livingston;G;27:26;3;5;0;0;2;2;0;2;2;8;2;0;2;2;8;
Deron Williams;G;26:20;3;7;1;3;2;2;0;1;1;5;2;0;1;0;9;
Andray Blatche;;17:39;4;6;1;1;0;0;2;7;9;1;4;0;0;2;9;
Marcus Thornton;;17:19;3;7;0;2;4;4;0;0;0;1;0;0;0;0;10;
Mirza Teletovic;;26:07;3;9;2;8;0;0;1;3;4;0;1;1;2;3;8;
Andrei Kirilenko;;9:36;2;3;0;1;5;7;1;2;3;0;1;1;1;2;9;
Mason Plumlee;;20:46;3;6;0;0;4;4;2;7;9;1;0;3;1;3;10;
Marquis Teague;;14:23;3;5;0;0;2;2;0;3;3;3;0;0;2;2;8;
Alan Anderson;;12:00;2;6;2;5;0;1;0;1;1;1;1;0;1;1;6;
Jason Collins;;8:02;1;1;0;0;1;2;0;0;0;0;0;0;1;4;3;
DEN
Evan Fournier;F;44:08;3;9;0;3;2;2;0;3;3;5;0;0;4;5;8;
Kenneth Faried;F;26:19;6;11;0;0;2;3;4;4;8;1;1;1;4;1;14;
Timofey Mozgov;C;20:32;3;9;0;0;3;3;4;4;8;1;0;2;2;1;9;
Randy Foye;G;33:09;5;12;2;8;3;4;1;3;4;3;2;1;1;1;15;
Aaron Brooks;G;35:58;4;8;3;5;2;2;0;2;2;3;1;1;4;5;13;
JJ Hickson;;21:36;4;9;0;0;6;10;2;5;7;0;0;0;2;4;14;
Quincy Miller;;21:25;2;6;0;1;3;4;1;3;4;0;0;0;2;4;7;
Anthony Randolph;;25:26;3;14;1;5;1;3;2;6;8;0;2;1;3;1;8;
Jan Vesely;;11:27;0;3;0;0;1;2;1;1;2;1;0;0;2;0;1;
