12-21;HOU-DET;114-97;
33-24;28-29;25-18;28-26;
HOU
Chandler Parsons;F;43:15;9;15;1;4;1;1;0;7;7;3;1;0;2;2;20;
Terrence Jones;F;24:16;3;5;2;2;0;0;0;2;2;3;0;0;1;1;8;
Dwight Howard;C;39:47;13;18;0;0;9;14;4;15;19;5;1;3;5;2;35;
Francisco Garcia;G;35:25;6;11;4;8;0;1;1;4;5;4;0;1;2;4;16;
Patrick Beverley;G;14:35;3;6;0;1;4;4;0;3;3;2;1;0;1;1;10;
Greg Smith;;4:09;1;3;0;0;0;0;0;0;0;0;0;0;0;1;2;
Aaron Brooks;;34:26;4;10;1;4;1;1;0;2;2;7;0;0;1;4;10;
Omri Casspi;;30:30;5;9;1;2;2;2;0;6;6;7;0;0;1;3;13;
Ronnie Brewer;;13:33;0;2;0;2;0;0;0;1;1;2;1;0;1;0;0;
Donatas Motiejunas;;0:05;0;0;0;0;0;0;0;0;0;0;0;0;0;1;0;
DET
Josh Smith;F;29:24;8;20;0;2;3;7;3;3;6;3;3;2;3;3;19;
Greg Monroe;F;26:04;5;10;0;0;0;0;4;7;11;1;0;0;1;2;10;
Andre Drummond;C;28:37;4;5;0;0;1;2;2;4;6;1;2;4;0;5;9;
Kentavious Caldwell-Pope;G;19:38;1;3;0;1;0;0;0;2;2;0;1;0;0;1;2;
Brandon Jennings;G;31:39;2;11;0;4;4;5;0;1;1;10;1;0;1;1;8;
Kyle Singler;;31:19;5;9;0;2;2;2;0;2;2;1;0;1;0;1;12;
Rodney Stuckey;;23:07;4;9;0;0;1;2;0;1;1;2;0;0;2;0;9;
Will Bynum;;23:20;5;12;0;1;1;1;0;4;4;3;0;0;1;2;11;
Charlie Villanueva;;5:01;2;5;0;1;2;3;0;0;0;0;0;1;0;1;6;
Josh Harrellson;;3:28;0;0;0;0;0;0;0;0;0;0;0;0;0;1;0;
Gigi Datome;;13:16;4;5;1;1;0;0;2;1;3;1;0;0;0;0;9;
Tony Mitchell;;2:34;0;0;0;0;2;4;0;0;0;0;0;0;0;0;2;
Jonas Jerebko;;2:34;0;0;0;0;0;0;0;1;1;0;1;0;0;0;0;
