02-28;CHA-SAS;82-92;
25-14;20-27;20-25;17-26;
CHA
Michael Kidd-Gilchrist;F;22:26;0;2;0;0;0;0;3;5;8;2;2;1;1;1;0;
Josh McRoberts;F;30:25;2;6;0;4;0;0;1;3;4;10;3;2;1;1;4;
Al Jefferson;C;34:56;10;21;0;0;0;0;3;4;7;1;2;0;3;3;20;
Gerald Henderson;G;30:51;6;15;0;3;0;1;0;3;3;2;1;0;0;4;12;
Kemba Walker;G;34:49;3;15;1;2;4;4;0;2;2;4;1;0;2;2;11;
Cody Zeller;;17:35;3;8;0;0;4;4;2;6;8;2;2;0;0;1;10;
Gary Neal;;23:15;6;13;1;3;2;2;1;1;2;1;0;0;3;3;15;
Bismack Biyombo;;13:04;0;3;0;0;0;0;2;3;5;0;1;0;0;1;0;
Anthony Tolliver;;19:28;2;5;1;4;3;3;0;2;2;0;0;0;0;2;8;
Luke Ridnour;;13:11;1;2;0;1;0;1;0;0;0;1;0;0;1;0;2;
SAS
Kawhi Leonard;F;30:14;4;9;2;4;2;2;0;8;8;1;3;2;3;2;12;
Tim Duncan;F;33:04;6;12;0;0;5;5;2;14;16;6;1;1;4;2;17;
Tiago Splitter;C;14:02;1;4;0;0;0;0;0;1;1;0;0;1;1;2;2;
Danny Green;G;27:28;2;7;2;4;4;4;0;2;2;0;0;0;3;1;10;
Cory Joseph;G;6:54;0;1;0;0;2;2;1;0;1;1;0;0;0;0;2;
Marco Belinelli;;30:55;6;10;2;3;0;0;0;2;2;4;0;0;2;1;14;
Patty Mills;;29:27;6;10;1;3;1;1;0;6;6;2;0;0;2;0;14;
Manu Ginobili;;25:49;6;13;2;6;1;1;0;0;0;5;0;2;3;4;15;
Boris Diaw;;29:54;2;5;0;0;0;0;1;5;6;7;0;2;1;2;4;
Jeff Ayres;;2:06;0;1;0;0;0;0;0;0;0;0;0;0;0;0;0;
Aron Baynes;;5:14;1;1;0;0;0;0;0;0;0;0;0;0;0;1;2;
Matt Bonner;;4:54;0;0;0;0;0;0;0;2;2;0;0;0;0;0;0;
