02-24;DAL-NYK;110-108;
31-21;29-38;24-23;26-26;
DAL
Shawn Marion;F;36:51;2;6;0;2;0;0;1;3;4;0;2;1;1;2;4;
Dirk Nowitzki;F;32:26;6;13;0;5;3;3;1;0;1;3;2;0;1;2;15;
Samuel Dalembert;C;22:47;2;5;0;0;2;4;5;5;10;1;1;0;2;3;6;
Jose Calderon;G;33:40;6;9;5;8;3;3;1;2;3;6;0;0;0;0;20;
Monta Ellis;G;41:08;9;22;2;6;2;2;0;3;3;6;0;0;4;2;22;
Vince Carter;;25:37;8;17;7;12;0;0;1;2;3;3;0;1;0;4;23;
DeJuan Blair;;2:28;0;0;0;0;1;2;0;1;1;0;0;0;0;1;1;
Devin Harris;;14:20;0;3;0;1;2;2;0;4;4;8;0;0;2;2;2;
Wayne Ellington;;10:04;2;3;1;2;0;0;0;1;1;0;0;0;0;2;5;
Brandan Wright;;20:35;6;8;0;0;0;0;2;2;4;0;0;1;0;1;12;
Jae Crowder;;0:04;0;0;0;0;0;0;0;0;0;0;0;0;0;0;0;
NYK
Carmelo Anthony;F;41:42;14;29;7;12;9;9;4;5;9;4;0;1;4;3;44;
Amar'e Stoudemire;F;20:22;3;5;0;0;3;3;1;1;2;1;0;0;2;4;9;
Tyson Chandler;C;36:24;5;5;0;0;2;4;3;9;12;0;1;2;4;4;12;
Raymond Felton;G;33:35;3;4;2;3;0;0;2;1;3;7;2;0;2;3;8;
Pablo Prigioni;G;28:25;3;5;2;4;0;0;0;3;3;4;0;0;1;3;8;
J.R. Smith;;35:23;7;16;1;6;0;0;1;3;4;7;0;0;4;2;15;
Tim Hardaway Jr.;;30:42;4;10;2;8;0;0;0;2;2;0;0;0;1;3;10;
Jeremy Tyler;;5:06;0;1;0;0;0;0;0;3;3;0;0;0;1;2;0;
Cole Aldrich;;8:21;1;1;0;0;0;0;0;3;3;0;0;0;0;0;2;
