03-26;LAC-NOP;96-98;
27-29;25-26;23-21;21-22;
LAC
Matt Barnes;F;31:07;5;7;4;5;0;0;1;4;5;0;1;1;1;5;14;
Blake Griffin;F;38:53;6;13;0;0;9;15;2;6;8;3;2;2;3;3;21;
DeAndre Jordan;C;35:50;4;6;0;0;0;4;7;9;16;1;0;4;4;3;8;
Darren Collison;G;27:08;4;9;1;2;2;2;1;1;2;7;0;0;1;3;11;
Chris Paul;G;35:18;0;12;0;3;2;2;1;3;4;12;3;0;2;3;2;
Jamal Crawford;;34:45;10;23;7;15;4;5;0;1;1;2;1;0;1;2;31;
Danny Granger;;16:05;0;4;0;2;0;0;0;1;1;0;0;1;0;1;0;
Glen Davis;;13:37;3;3;0;0;0;0;0;2;2;0;0;0;0;1;6;
Hedo Turkoglu;;7:17;1;3;1;3;0;0;0;1;1;0;0;1;0;0;3;
NOP
Al-Farouq Aminu;F;30:05;4;7;0;0;0;0;3;7;10;6;1;2;1;0;8;
Anthony Davis;F;37:30;5;19;0;1;6;8;4;9;13;4;2;5;2;3;16;
Greg Stiemsma;C;20:49;2;5;0;0;0;0;1;5;6;1;0;2;2;2;4;
Anthony Morrow;G;33:59;9;17;2;5;7;8;2;3;5;0;0;0;0;4;27;
Tyreke Evans;G;40:50;5;16;0;1;0;0;1;3;4;9;2;0;4;3;10;
Jeff Withey;;6:25;0;3;0;1;2;2;1;0;1;0;0;0;1;1;2;
Alexis Ajinca;;27:35;6;11;0;0;2;2;4;7;11;1;0;0;0;5;14;
Luke Babbitt;;14:03;0;3;0;2;1;2;1;1;2;2;0;0;0;0;1;
Darius Miller;;28:45;7;9;1;2;1;3;0;1;1;1;1;0;1;2;16;
