03-25;OKC-DAL;119-128;
24-28;36-31;29-25;22-27;8-17;
OKC
Kevin Durant;F;50:30;15;27;5;11;8;8;1;4;5;6;1;0;5;3;43;
Serge Ibaka;F;32:53;5;9;0;0;0;2;2;3;5;1;0;1;1;5;10;
Steven Adams;C;10:39;1;1;0;0;0;0;1;1;2;1;0;0;2;1;2;
Andre Roberson;G;13:12;0;1;0;0;0;0;1;2;3;1;1;0;0;3;0;
Russell Westbrook;G;32:54;8;18;2;6;5;6;1;6;7;8;3;0;8;5;23;
Reggie Jackson;;41:25;5;11;0;4;1;1;0;5;5;8;1;0;2;5;11;
Caron Butler;;33:45;4;10;2;6;0;0;0;4;4;1;2;1;0;2;10;
Derek Fisher;;27:14;5;9;3;6;0;0;0;0;0;0;0;0;1;3;13;
Nick Collison;;22:28;3;7;0;0;1;2;4;3;7;1;1;0;2;3;7;
DAL
Shawn Marion;F;41:27;5;11;1;4;0;0;1;5;6;2;1;0;1;1;11;
Dirk Nowitzki;F;38:45;11;23;2;8;8;8;1;9;10;6;4;1;6;4;32;
Samuel Dalembert;C;21:08;5;6;0;0;0;0;4;3;7;1;1;1;2;3;10;
Monta Ellis;G;42:40;6;15;0;3;5;7;1;2;3;5;4;0;4;3;17;
Jose Calderon;G;36:59;7;10;6;9;2;2;0;4;4;8;0;0;0;1;22;
Vince Carter;;26:06;4;11;4;9;4;6;0;5;5;1;2;1;4;2;16;
Devin Harris;;17:43;2;4;0;1;1;1;0;2;2;1;0;0;0;0;5;
DeJuan Blair;;8:07;0;1;0;0;2;2;1;1;2;1;0;0;2;4;2;
Jae Crowder;;11:32;4;6;2;4;0;0;1;2;3;0;0;0;0;2;10;
Brandan Wright;;20:33;1;3;0;0;1;2;3;3;6;2;2;1;1;2;3;
