02-04;IND-ATL;89-85;
19-15;23-28;24-12;23-30;
IND
Paul George;F;35:34;6;16;2;8;4;4;0;7;7;2;2;0;5;2;18;
David West;F;32:01;10;19;1;2;1;1;1;9;10;2;2;1;2;2;22;
Roy Hibbert;C;30:23;4;10;0;0;0;0;2;4;6;1;0;0;1;4;8;
Lance Stephenson;G;23:02;4;5;1;2;1;1;0;4;4;2;1;0;6;2;10;
George Hill;G;37:07;2;4;1;3;0;0;1;1;2;7;0;0;1;1;5;
Danny Granger;;23:03;2;7;0;2;4;4;1;3;4;1;0;0;1;2;8;
Luis Scola;;15:59;3;6;0;0;2;4;1;1;2;2;0;0;1;2;8;
CJ Watson;;21:34;2;3;0;1;4;6;0;1;1;3;2;0;1;0;8;
Ian Mahinmi;;16:54;1;3;0;0;0;0;1;1;2;0;2;0;1;1;2;
Rasual Butler;;4:23;0;1;0;0;0;0;0;2;2;0;0;0;0;0;0;
ATL
DeMarre Carroll;F;27:30;3;8;0;3;2;2;1;2;3;2;1;0;2;2;8;
Paul Millsap;F;32:26;2;11;0;4;3;4;4;8;12;2;4;0;2;2;7;
Gustavo Ayon;C;18:32;3;7;0;0;0;2;0;0;0;2;0;0;0;1;6;
Kyle Korver;G;31:34;4;9;1;5;0;0;0;4;4;3;1;0;0;3;9;
Jeff Teague;G;24:37;4;8;1;2;0;0;0;1;1;7;0;1;2;1;9;
Elton Brand;;20:36;6;8;0;0;0;0;2;5;7;0;0;3;5;4;12;
Lou Williams;;20:01;1;4;1;2;0;0;0;1;1;2;0;0;2;0;3;
Shelvin Mack;;18:35;1;5;0;1;2;2;0;1;1;3;2;0;1;2;4;
Mike Scott;;24:26;4;8;2;5;5;5;0;5;5;2;0;0;2;1;15;
Cartier Martin;;12:00;3;5;2;3;0;0;0;3;3;1;0;0;0;2;8;
Dennis Schroder;;9:43;2;3;0;0;0;0;0;1;1;2;0;0;2;1;4;
