03-18;TOR-ATL;113-118;
26-17;23-32;29-31;28-26;7-12;
TOR
Terrence Ross;F;39:58;4;9;3;8;0;0;0;3;3;1;0;2;3;1;11;
Amir Johnson;F;33:27;5;8;0;0;1;2;4;7;11;3;0;0;3;5;11;
Jonas Valanciunas;C;20:25;5;7;0;0;6;7;2;3;5;1;0;0;0;3;16;
DeMar DeRozan;G;45:02;8;18;0;1;13;14;0;10;10;6;1;0;3;4;29;
Kyle Lowry;G;40:57;8;16;0;4;4;4;0;7;7;9;1;0;2;5;20;
Tyler Hansbrough;;11:50;0;1;0;0;0;0;0;3;3;0;0;0;0;1;0;
Steve Novak;;19:30;3;5;3;5;0;0;1;2;3;0;0;0;0;3;9;
Greivis Vasquez;;17:49;5;14;0;5;0;0;0;2;2;0;0;0;2;2;10;
John Salmons;;13:27;1;2;1;1;0;0;0;2;2;1;0;1;0;3;3;
Charles Hayes;;17:02;1;1;0;0;0;0;0;2;2;0;0;0;1;4;2;
Nando De Colo;;5:33;0;0;0;0;2;2;1;1;2;0;0;0;1;0;2;
ATL
DeMarre Carroll;F;37:42;4;10;0;3;0;0;2;2;4;1;1;0;0;5;8;
Paul Millsap;F;38:27;6;16;1;3;6;7;3;10;13;10;1;0;2;3;19;
Pero Antic;C;29:01;2;6;1;5;3;3;1;3;4;0;0;0;0;3;8;
Kyle Korver;G;35:51;5;14;3;8;3;3;0;1;1;2;0;0;0;2;16;
Jeff Teague;G;40:12;11;18;1;2;11;11;0;3;3;5;4;0;3;2;34;
Elton Brand;;17:53;2;2;0;0;2;4;3;1;4;1;1;0;0;3;6;
Shelvin Mack;;17:12;3;6;2;5;0;0;0;4;4;2;0;0;1;3;8;
Cartier Martin;;15:51;3;8;2;4;0;1;0;1;1;0;0;0;0;1;8;
Mike Scott;;15:39;2;6;0;1;2;2;1;3;4;0;1;0;1;1;6;
Dennis Schroder;;12:48;2;6;1;3;0;0;0;1;1;3;1;0;0;1;5;
Mike Muscala;;4:25;0;2;0;0;0;0;0;1;1;0;0;0;0;0;0;
