12-06;TOR-PHX;97-106;
27-27;23-25;24-29;23-25;
TOR
Rudy Gay;F;32:15;6;15;1;3;4;4;1;9;10;3;2;1;1;3;17;
Tyler Hansbrough;F;2:34;0;1;0;0;0;0;0;0;0;0;0;0;1;0;0;
Jonas Valanciunas;C;28:53;4;10;0;0;3;4;4;6;10;3;0;0;0;2;11;
DeMar DeRozan;G;38:53;5;15;0;3;3;4;0;3;3;2;2;0;2;5;13;
Kyle Lowry;G;39:25;7;16;2;6;5;6;1;0;1;7;0;0;2;4;21;
Amir Johnson;;33:14;9;15;0;0;4;4;3;4;7;0;0;3;1;5;22;
Landry Fields;;18:05;2;4;0;0;1;1;0;0;0;0;2;1;0;0;5;
Steve Novak;;19:46;2;5;2;4;0;0;0;2;2;0;1;0;0;4;6;
Julyan Stone;;17:48;0;3;0;2;0;0;1;0;1;0;0;0;1;2;0;
Terrence Ross;;8:54;0;3;0;1;2;2;1;1;2;0;0;0;0;1;2;
Quincy Acy;;0:13;0;0;0;0;0;0;0;0;0;0;0;0;0;0;0;
PHX
PJ Tucker;F;38:09;4;12;2;4;8;10;6;7;13;3;1;0;3;3;18;
Channing Frye;F;17:37;1;4;0;1;0;0;1;3;4;1;1;0;1;4;2;
Miles Plumlee;C;19:24;3;6;0;0;3;4;2;5;7;0;0;2;1;4;9;
Goran Dragic;G;38:08;5;13;1;4;3;4;0;5;5;2;1;0;2;1;14;
Eric Bledsoe;G;33:49;5;11;2;2;4;5;0;1;1;7;0;1;3;3;16;
Markieff Morris;;32:20;11;14;0;0;3;6;6;5;11;1;0;0;5;4;25;
Gerald Green;;21:53;4;9;2;6;0;0;0;4;4;2;0;0;0;2;10;
Marcus Morris;;22:35;3;10;2;5;2;3;1;2;3;0;1;0;1;5;10;
Viacheslav Kravtsov;;2:55;0;1;0;0;0;0;1;0;1;0;0;0;0;1;0;
Archie Goodwin;;13:10;1;2;0;1;0;0;1;3;4;0;0;1;0;0;2;
