03-21;OKC-TOR;119-118;
22-20;20-26;30-25;24-25;11-11;12-11;
OKC
Kevin Durant;F;47:29;13;29;5;10;13;17;1;10;11;7;1;1;5;2;44;
Serge Ibaka;F;39:29;6;15;0;3;1;1;3;2;5;0;0;0;1;3;13;
Steven Adams;C;18:17;0;2;0;0;0;0;2;5;7;2;0;1;0;0;0;
Andre Roberson;G;14:08;0;0;0;0;0;0;0;4;4;1;1;0;0;6;0;
Russell Westbrook;G;19:11;5;13;1;4;4;4;1;2;3;1;1;0;3;0;15;
Hasheem Thabeet;;5:06;0;0;0;0;0;0;0;0;0;0;0;0;0;0;0;
Caron Butler;;35:36;1;9;1;4;1;2;1;1;2;2;5;1;0;6;4;
Reggie Jackson;;36:44;6;12;1;3;10;10;1;10;11;3;0;1;2;3;23;
Nick Collison;;19:06;1;2;0;0;1;2;0;0;0;1;0;0;1;3;3;
Derek Fisher;;29:33;2;6;1;5;0;0;0;2;2;0;1;0;1;2;5;
Jeremy Lamb;;0:21;0;1;0;1;0;0;0;0;0;0;0;0;0;0;0;
TOR
Terrence Ross;F;21:59;1;9;0;4;0;0;0;3;3;0;2;0;0;4;2;
Amir Johnson;F;44:53;12;19;0;1;1;2;6;6;12;4;1;5;3;3;25;
Jonas Valanciunas;C;40:26;3;11;0;0;0;0;3;8;11;1;0;0;2;4;6;
DeMar DeRozan;G;43:41;8;21;0;3;15;16;0;8;8;3;2;0;6;3;31;
Kyle Lowry;G;41:29;6;14;5;9;5;5;1;3;4;4;3;0;2;4;22;
John Salmons;;16:25;0;4;0;4;0;0;0;3;3;0;0;0;1;3;0;
Tyler Hansbrough;;19:56;1;5;0;0;2;2;4;2;6;0;1;2;2;2;4;
Nando De Colo;;7:07;0;3;0;1;0;0;0;0;0;1;0;0;0;2;0;
Greivis Vasquez;;28:19;7;9;3;5;0;0;0;5;5;3;0;0;0;5;17;
Steve Novak;;0:45;0;0;0;0;0;0;0;0;0;0;0;0;0;0;0;
