01-31;SAC-DAL;103-107;
20-24;29-30;32-21;22-32;
SAC
Rudy Gay;F;35:36;10;16;0;1;15;17;3;9;12;6;1;0;3;0;35;
Jason Thompson;F;19:12;4;7;0;0;0;0;1;3;4;0;0;0;1;5;8;
Aaron Gray;C;22:34;2;2;0;0;0;0;1;2;3;2;0;3;1;1;4;
Marcus Thornton;G;33:39;3;9;3;4;0;0;2;0;2;1;0;0;1;1;9;
Isaiah Thomas;G;42:04;8;21;3;10;0;0;0;2;2;6;1;0;3;3;19;
Quincy Acy;;30:35;3;4;0;0;2;2;0;6;6;0;1;2;1;5;8;
Carl Landry;;12:25;2;2;0;0;0;0;0;1;1;2;0;1;1;2;4;
Ben McLemore;;14:22;2;4;0;2;0;0;2;0;2;0;1;0;1;3;4;
Derrick Williams;;23:09;1;6;0;2;3;4;1;6;7;1;0;0;1;4;5;
Jimmer Fredette;;6:24;3;4;1;2;0;0;0;0;0;2;0;0;1;2;7;
DAL
Jae Crowder;F;29:31;3;8;0;3;0;0;1;5;6;3;2;0;0;4;6;
Dirk Nowitzki;F;34:07;11;19;1;3;11;11;0;5;5;2;2;0;1;4;34;
Samuel Dalembert;C;15:46;3;4;0;0;0;0;1;3;4;0;0;1;0;3;6;
Monta Ellis;G;39:48;6;10;0;1;8;9;1;2;3;3;3;1;0;1;20;
Jose Calderon;G;33:44;6;14;1;6;1;2;0;1;1;7;1;0;1;2;14;
DeJuan Blair;;12:39;1;5;0;0;4;6;2;1;3;0;1;0;1;0;6;
Vince Carter;;26:14;2;6;0;2;0;0;1;2;3;1;0;0;1;3;4;
Brandan Wright;;25:43;4;6;0;0;2;5;4;6;10;0;1;0;0;0;10;
Shane Larkin;;4:43;0;1;0;1;0;0;0;0;0;0;0;0;0;0;0;
Devin Harris;;17:45;2;7;0;3;3;3;2;0;2;5;0;0;0;1;7;
