11-21;CHI-DEN;87-97;
25-24;23-26;14-20;25-27;
CHI
Luol Deng;F;32:34;3;18;0;1;0;0;5;8;13;2;1;0;4;4;6;
Carlos Boozer;F;30:18;7;18;0;0;1;4;4;6;10;0;2;1;3;2;15;
Joakim Noah;C;32:49;4;10;0;0;3;4;7;5;12;8;0;1;1;3;11;
Mike Dunleavy;G;31:13;6;11;2;5;1;1;0;5;5;2;1;1;0;1;15;
Derrick Rose;G;33:05;9;20;1;2;0;1;1;3;4;4;0;0;2;2;19;
Kirk Hinrich;;31:03;3;5;0;2;1;1;1;3;4;4;0;0;2;1;7;
Taj Gibson;;23:25;4;9;0;0;1;2;4;4;8;0;0;0;2;4;9;
Marquis Teague;;14:55;1;5;0;0;1;1;0;0;0;2;0;0;3;1;3;
Nazr Mohammed;;8:07;0;1;0;0;0;0;0;1;1;0;0;0;0;0;0;
Erik Murphy;;1:16;0;0;0;0;0;0;0;0;0;0;0;0;0;0;0;
Tony Snell;;1:15;1;1;0;0;0;0;0;1;1;0;0;0;0;0;2;
DEN
Wilson Chandler;F;27:14;0;2;0;1;0;0;0;3;3;3;1;0;2;1;0;
Kenneth Faried;F;29:30;5;9;0;0;2;6;4;7;11;2;1;2;1;4;12;
JJ Hickson;C;28:52;6;11;0;0;2;2;2;7;9;1;1;0;2;3;14;
Randy Foye;G;13:08;5;6;2;3;0;0;0;0;0;0;0;1;1;0;12;
Ty Lawson;G;34:48;3;9;1;2;3;4;2;1;3;7;1;0;3;2;10;
Nate Robinson;;24:07;3;13;2;6;3;3;1;1;2;3;1;0;1;3;11;
Darrell Arthur;;17:06;3;8;0;0;0;0;0;3;3;1;0;1;0;1;6;
Timofey Mozgov;;19:03;2;6;0;0;0;2;1;4;5;1;0;3;3;2;4;
Andre Miller;;14:13;1;1;0;0;0;0;0;3;3;4;0;2;1;1;2;
Jordan Hamilton;;22:10;6;12;3;6;2;3;2;4;6;0;1;1;1;0;17;
Evan Fournier;;9:49;4;7;1;3;0;2;1;2;3;1;0;0;0;0;9;
