03-10;DEN-CHA;98-105;
22-25;23-26;23-28;30-26;
DEN
Wilson Chandler;F;31:11;3;13;2;10;1;1;0;3;3;3;0;0;1;0;9;
Kenneth Faried;F;31:11;7;10;0;0;1;2;1;8;9;0;0;1;3;2;15;
Timofey Mozgov;C;19:44;4;8;0;0;1;2;2;4;6;1;2;2;1;1;9;
Randy Foye;G;33:08;4;8;0;3;1;2;0;4;4;3;0;0;2;3;9;
Ty Lawson;G;40:22;9;19;2;6;4;6;0;3;3;6;1;1;4;3;24;
Evan Fournier;;15:31;0;1;0;0;0;0;0;2;2;2;0;0;1;5;0;
Jan Vesely;;12:47;2;4;0;0;1;3;1;4;5;0;1;0;0;3;5;
JJ Hickson;;19:13;2;7;0;0;7;10;1;2;3;1;0;0;1;3;11;
Darrell Arthur;;8:31;0;0;0;0;0;0;0;2;2;0;0;1;0;0;0;
Aaron Brooks;;24:08;5;11;1;4;5;5;1;3;4;0;0;0;2;3;16;
Anthony Randolph;;4:14;0;2;0;1;0;0;0;2;2;0;0;0;0;0;0;
CHA
Michael Kidd-Gilchrist;F;16:13;2;5;0;0;2;2;0;1;1;1;0;0;1;2;6;
Josh McRoberts;F;34:06;5;7;3;4;2;2;0;3;3;2;1;1;0;0;15;
Al Jefferson;C;39:14;12;23;0;0;2;6;2;11;13;4;3;1;3;3;26;
Chris Douglas-Roberts;G;33:43;2;8;2;6;3;4;0;5;5;1;2;1;2;2;9;
Kemba Walker;G;41:11;6;15;0;0;12;12;1;5;6;7;0;1;3;4;24;
Cody Zeller;;10:09;2;2;0;0;0;0;1;1;2;1;0;1;0;1;4;
Gary Neal;;30:47;7;9;3;3;2;2;0;4;4;4;1;0;2;4;19;
Luke Ridnour;;6:49;1;4;0;1;0;0;1;0;1;0;0;0;0;1;2;
Anthony Tolliver;;19:02;0;6;0;6;0;0;0;3;3;1;1;1;0;2;0;
Bismack Biyombo;;8:46;0;2;0;0;0;0;1;3;4;0;0;0;1;2;0;
