01-13;MIL-TOR;94-116;
24-38;26-20;23-30;21-28;
MIL
Khris Middleton;F;34:56;1;8;0;2;0;0;0;2;2;5;2;0;2;3;2;
Ersan Ilyasova;F;33:09;11;16;3;3;4;4;2;7;9;0;2;0;0;0;29;
Larry Sanders;C;27:29;2;8;0;0;2;4;4;4;8;1;0;0;3;3;6;
Giannis Antetokounmpo;G;32:59;5;10;0;1;1;4;3;4;7;4;2;1;4;5;11;
Brandon Knight;G;28:04;4;11;2;4;6;6;3;1;4;4;1;0;1;2;16;
Luke Ridnour;;23:55;2;6;2;3;1;2;0;1;1;7;0;0;1;2;7;
O.J. Mayo;;17:30;2;8;1;3;0;0;0;0;0;1;0;1;2;4;5;
John Henson;;17:28;4;6;0;0;0;0;3;2;5;0;0;4;2;0;8;
Caron Butler;;16:02;2;7;1;3;0;0;0;3;3;0;0;1;1;1;5;
Miroslav Raduljica;;4:14;2;3;0;0;1;2;0;1;1;0;1;0;0;1;5;
Nate Wolters;;4:14;0;0;0;0;0;0;0;0;0;1;0;0;0;0;0;
TOR
Terrence Ross;F;26:27;2;8;2;5;2;2;0;5;5;1;3;0;0;4;8;
Amir Johnson;F;19:53;3;8;0;1;0;0;3;3;6;0;0;0;1;3;6;
Jonas Valanciunas;C;31:44;5;10;0;0;7;10;4;6;10;0;0;1;4;3;17;
DeMar DeRozan;G;32:46;8;16;0;3;3;5;2;5;7;7;1;1;1;2;19;
Kyle Lowry;G;29:58;6;8;4;5;7;7;1;1;2;5;4;1;0;3;23;
Patrick Patterson;;25:06;7;11;1;2;3;4;4;0;4;2;0;0;3;4;18;
John Salmons;;26:55;3;5;2;4;2;2;0;4;4;5;0;0;0;1;10;
Charles Hayes;;15:03;1;4;0;0;0;0;2;2;4;1;1;0;0;0;2;
Greivis Vasquez;;20:41;3;5;2;2;0;0;0;0;0;4;0;0;4;2;8;
Landry Fields;;4:14;0;2;0;0;0;0;0;1;1;1;0;0;1;1;0;
Steve Novak;;4:14;1;1;1;1;0;0;0;1;1;0;0;0;0;0;3;
Austin Daye;;2:59;1;1;0;0;0;0;0;2;2;0;0;0;0;0;2;
