02-19;BOS-PHX;94-100;
21-29;29-23;21-24;23-24;
BOS
Jeff Green;F;35:08;5;12;1;6;6;6;0;5;5;0;1;0;0;0;17;
Brandon Bass;F;32:46;7;12;0;0;4;4;1;7;8;0;1;2;3;2;18;
Jared Sullinger;C;26:22;5;13;1;3;0;1;4;4;8;1;0;2;1;4;11;
Gerald Wallace;G;34:21;3;5;0;1;3;4;1;2;3;2;4;1;2;4;9;
Rajon Rondo;G;35:33;7;22;0;2;4;5;2;5;7;10;0;0;3;2;18;
Phil Pressey;;7:04;0;2;0;0;0;0;0;1;1;0;1;0;1;0;0;
Kelly Olynyk;;24:22;3;10;1;3;0;0;3;3;6;3;1;1;1;5;7;
Jerryd Bayless;;15:30;0;2;0;0;2;2;0;4;4;2;0;0;1;3;2;
Kris Humphries;;11:39;2;6;0;0;1;4;2;1;3;0;0;0;2;3;5;
Chris Johnson;;17:15;2;3;2;2;1;2;0;1;1;0;0;0;0;1;7;
PHX
PJ Tucker;F;36:18;4;11;0;2;2;4;3;8;11;6;3;0;0;6;10;
Channing Frye;F;34:41;4;7;4;6;3;4;0;7;7;2;0;1;2;3;15;
Miles Plumlee;C;19:50;2;6;0;0;0;0;2;6;8;0;1;3;4;4;4;
Gerald Green;G;34:01;6;14;2;5;3;4;1;4;5;1;0;0;5;3;17;
Goran Dragic;G;32:55;6;13;2;5;3;6;2;2;4;6;0;2;3;1;17;
Markieff Morris;;29:29;7;12;0;2;4;4;0;4;4;1;0;0;1;2;18;
Ish Smith;;17:05;1;6;0;0;0;0;2;1;3;5;1;0;1;1;2;
Alex Len;;6:47;1;2;0;0;0;0;0;1;1;0;0;0;0;0;2;
Leandro Barbosa;;7:23;1;3;1;3;1;2;0;1;1;1;0;0;1;1;4;
Marcus Morris;;21:31;4;8;2;5;1;2;0;2;2;1;0;0;1;2;11;
