01-15;CHI-ORL;128-125;
26-20;20-29;27-31;28-21;10-10;8-8;9-6;
CHI
Mike Dunleavy;F;28:42;3;10;3;6;2;2;1;5;6;6;1;1;2;2;11;
Carlos Boozer;F;28:01;11;17;0;0;1;1;0;1;1;2;1;0;2;3;23;
Joakim Noah;C;38:41;7;11;0;0;8;10;6;9;15;4;1;0;3;1;22;
Jimmy Butler;G;50:20;6;17;2;9;5;6;1;4;5;6;2;1;4;3;19;
Kirk Hinrich;G;23:21;3;11;1;2;0;0;0;1;1;1;1;0;1;3;7;
Taj Gibson;;33:09;2;7;0;0;0;0;4;6;10;0;0;1;2;3;4;
D.J. Augustin;;32:19;6;15;3;8;2;2;1;4;5;8;0;0;0;1;17;
Tony Snell;;24:33;3;7;2;4;0;0;1;3;4;0;2;0;1;1;8;
Nazr Mohammed;;5:54;0;1;0;0;0;0;1;1;2;0;0;0;1;1;0;
ORL
Maurice Harkless;F;35:56;1;1;0;0;2;2;0;3;3;0;0;1;1;1;4;
Tobias Harris;F;33:01;8;13;0;1;1;2;4;9;13;2;1;0;1;5;17;
Glen Davis;C;37:17;6;14;0;0;1;1;0;4;4;2;2;0;0;1;13;
Victor Oladipo;G;47:11;14;20;1;3;4;5;0;4;4;6;2;1;7;4;33;
Jameer Nelson;G;44:12;12;25;2;9;2;2;0;6;6;9;1;0;2;3;28;
E'Twaun Moore;;19:40;1;1;0;0;0;0;0;3;3;1;0;0;1;0;2;
Andrew Nicholson;;11:43;1;4;0;1;0;0;0;2;2;0;1;0;2;2;2;
Ronnie Price;;12:01;0;3;0;2;0;0;1;1;2;0;0;0;0;3;0;
Kyle O'Quinn;;23:59;5;6;0;0;2;2;0;7;7;1;1;3;2;3;12;
