02-26;ORL-PHI;101-90;
19-22;21-22;27-23;34-23;
ORL
Maurice Harkless;F;30:41;5;14;3;4;0;0;1;2;3;1;0;2;0;3;13;
Tobias Harris;F;28:46;5;13;0;0;3;4;1;6;7;2;1;0;1;2;13;
Nikola Vucevic;C;33:37;9;19;0;0;3;4;6;7;13;2;1;3;0;3;21;
Victor Oladipo;G;34:13;7;16;2;5;1;1;0;11;11;3;2;1;7;1;17;
Jameer Nelson;G;41:50;7;16;2;6;0;0;0;6;6;12;1;0;0;1;16;
Andrew Nicholson;;19:14;1;6;1;1;0;0;1;7;8;0;0;0;0;4;3;
Kyle O'Quinn;;14:23;1;3;0;0;0;0;0;4;4;1;1;4;1;5;2;
E'Twaun Moore;;19:02;2;4;1;2;0;0;1;1;2;2;0;0;1;1;5;
Doron Lamb;;18:14;2;3;0;0;7;7;0;1;1;0;0;0;0;1;11;
PHI
Hollis Thompson;F;24:60;2;4;2;4;0;0;0;7;7;1;0;1;1;0;6;
Thaddeus Young;F;34:51;7;18;0;5;5;6;1;2;3;3;2;1;1;2;19;
Henry Sims;C;23:26;4;9;0;0;2;2;3;3;6;0;0;1;1;2;10;
James Anderson;G;30:27;3;11;2;7;0;0;0;5;5;3;0;0;0;4;8;
Michael Carter-Williams;G;31:32;3;13;0;1;2;3;2;4;6;4;3;0;3;2;8;
Tony Wroten;;25:50;4;9;0;0;7;9;1;4;5;0;0;2;1;1;15;
Byron Mullens;;17:06;3;11;0;4;1;4;1;2;3;1;0;0;0;3;7;
Elliot Williams;;17:33;1;4;0;0;2;2;1;2;3;2;1;0;0;3;4;
Eric Maynor;;18:19;5;6;1;1;2;2;0;4;4;2;0;0;0;0;13;
Arnett Moultrie;;15:56;0;2;0;0;0;0;0;0;0;0;0;1;1;1;0;
