01-06;ORL-LAC;81-101;
18-36;16-24;21-25;26-16;
ORL
Tobias Harris;F;31:40;1;9;0;1;0;0;1;4;5;0;0;0;1;2;2;
Glen Davis;F;29:33;3;9;0;0;3;5;5;6;11;0;3;0;2;3;9;
Nikola Vucevic;C;19:08;1;7;0;0;0;2;3;5;8;0;0;0;2;2;2;
Arron Afflalo;G;30:28;5;12;0;1;2;2;1;2;3;4;0;0;3;0;12;
Jameer Nelson;G;25:43;1;9;1;5;0;0;1;2;3;4;0;0;2;1;3;
Andrew Nicholson;;4:20;0;0;0;0;0;0;0;0;0;0;0;0;1;0;0;
Maurice Harkless;;31:29;7;13;2;4;6;6;2;4;6;1;2;0;2;3;22;
Victor Oladipo;;26:10;8;15;3;4;3;4;1;7;8;5;1;1;2;5;22;
E'Twaun Moore;;16:48;0;4;0;2;0;2;1;1;2;0;2;0;0;2;0;
Doron Lamb;;12:42;3;4;1;2;0;0;0;1;1;1;0;0;2;0;7;
Jason Maxiell;;12:00;1;2;0;0;0;0;0;3;3;0;0;0;0;2;2;
LAC
Jared Dudley;F;26:21;3;9;2;6;0;0;1;2;3;2;0;0;2;1;8;
Blake Griffin;F;23:47;5;12;0;1;6;8;2;6;8;6;3;0;2;4;16;
DeAndre Jordan;C;32:45;6;10;0;0;2;3;5;12;17;0;0;8;1;4;14;
Jamal Crawford;G;34:23;5;14;3;7;0;0;1;4;5;8;0;0;2;2;13;
Darren Collison;G;35:47;8;11;1;2;4;4;1;2;3;7;4;0;4;0;21;
Antawn Jamison;;19:47;3;6;1;4;3;3;1;4;5;2;1;0;0;1;10;
Matt Barnes;;25:22;1;10;1;5;2;2;1;3;4;4;0;1;2;1;5;
Willie Green;;18:08;4;7;3;4;0;0;0;1;1;0;0;1;0;2;11;
Ryan Hollins;;12:41;0;0;0;0;2;2;1;1;2;0;0;0;1;2;2;
Darius Morris;;7:43;0;3;0;2;1;2;0;1;1;1;1;0;0;0;1;
Byron Mullens;;3:18;0;1;0;0;0;0;0;2;2;0;0;0;0;0;0;
