03-10;ORL-MIL;98-105;
24-13;27-32;20-23;27-37;
ORL
Maurice Harkless;F;34:24;5;10;3;7;1;1;2;2;4;1;2;0;0;0;14;
Kyle O'Quinn;F;20:16;5;8;0;0;0;0;2;5;7;1;0;2;1;3;10;
Nikola Vucevic;C;30:30;6;13;0;0;0;0;2;10;12;1;0;0;5;4;12;
Arron Afflalo;G;34:08;4;14;1;5;3;6;0;4;4;4;1;0;2;3;12;
Jameer Nelson;G;29:13;5;9;3;5;0;0;1;2;3;7;1;0;2;2;13;
Tobias Harris;;26:06;5;10;0;1;1;1;4;4;8;1;0;0;4;2;11;
Victor Oladipo;;18:50;5;6;2;2;0;0;1;2;3;4;0;0;1;2;12;
E'Twaun Moore;;18:06;4;7;0;2;0;0;0;0;0;3;1;0;1;3;8;
Andrew Nicholson;;15:44;3;9;0;1;0;0;0;2;2;1;0;0;1;2;6;
Doron Lamb;;12:43;0;2;0;0;0;0;0;0;0;0;1;0;0;1;0;
MIL
Khris Middleton;F;34:14;5;13;5;8;6;6;2;4;6;7;2;1;1;2;21;
Ersan Ilyasova;F;31:49;6;13;1;6;3;6;2;9;11;1;0;0;0;1;16;
Zaza Pachulia;C;17:11;2;5;0;0;0;0;3;2;5;0;1;1;0;1;4;
Nate Wolters;G;20:02;4;8;0;1;0;0;0;2;2;1;0;0;0;1;8;
Brandon Knight;G;43:54;9;23;1;9;5;5;0;3;3;6;1;0;3;1;24;
Giannis Antetokounmpo;;27:46;2;4;1;2;1;2;0;4;4;1;0;2;2;2;6;
John Henson;;30:15;5;9;0;0;0;0;3;5;8;1;0;0;1;1;10;
Jeff Adrien;;4:46;0;0;0;0;0;0;0;1;1;0;0;0;1;0;0;
Ramon Sessions;;25:57;5;8;0;0;6;6;0;2;2;8;1;0;2;0;16;
O.J. Mayo;;4:06;0;1;0;1;0;0;0;0;0;0;0;0;1;0;0;
