02-05;BOS-PHI;114-108;
34-23;22-24;32-35;26-26;
BOS
Jeff Green;F;34:54;11;18;5;7;9;12;2;6;8;2;0;2;3;1;36;
Brandon Bass;F;35:52;7;10;0;0;4;4;3;3;6;1;0;1;1;3;18;
Jared Sullinger;C;34:59;6;11;2;3;5;7;3;7;10;5;1;4;2;3;19;
Avery Bradley;G;25:48;6;15;0;2;2;2;0;2;2;1;3;0;0;2;14;
Rajon Rondo;G;32:06;4;8;0;2;0;0;0;9;9;11;2;0;3;1;8;
Jerryd Bayless;;27:20;4;12;1;3;2;2;0;1;1;5;1;0;0;3;11;
Kris Humphries;;13:01;1;4;0;0;1;2;2;5;7;1;1;1;1;1;3;
Gerald Wallace;;21:13;2;3;0;0;0;2;1;2;3;0;1;0;1;0;4;
Kelly Olynyk;;11:39;0;2;0;1;1;2;1;1;2;1;0;0;2;3;1;
Chris Johnson;;3:09;0;1;0;1;0;0;0;0;0;0;0;0;0;2;0;
PHI
Evan Turner;F;29:01;5;13;0;2;2;2;0;6;6;4;1;0;1;6;12;
Thaddeus Young;F;34:08;9;17;2;5;0;0;3;0;3;0;1;1;2;5;20;
Spencer Hawes;C;33:31;5;13;0;2;3;3;2;12;14;4;1;3;3;1;13;
James Anderson;G;17:52;4;5;1;2;2;3;1;3;4;3;1;1;0;1;11;
Michael Carter-Williams;G;33:26;5;16;0;3;1;2;1;2;3;6;0;0;4;4;11;
Hollis Thompson;;22:02;2;4;2;3;0;0;0;3;3;0;2;0;1;0;6;
Lavoy Allen;;28:21;4;9;0;1;2;2;5;5;10;3;0;0;0;3;10;
Tony Wroten;;28:21;5;13;1;2;7;8;1;1;2;4;1;0;3;2;18;
Elliot Williams;;13:18;3;4;1;1;0;0;0;2;2;3;0;0;1;2;7;
