03-26;BKN-CHA;111-116;
28-24;31-34;19-25;27-22;6-11;
BKN
Joe Johnson;F;38:27;7;16;4;7;0;0;0;5;5;3;0;0;4;3;18;
Paul Pierce;F;30:45;3;7;1;3;1;1;0;4;4;3;1;0;0;2;8;
Mason Plumlee;C;20:45;2;3;0;0;0;0;1;3;4;2;0;2;1;3;4;
Shaun Livingston;G;26:06;3;6;0;0;1;2;1;0;1;7;2;0;1;4;7;
Deron Williams;G;42:03;11;21;5;11;2;2;0;4;4;7;1;0;2;4;29;
Alan Anderson;;27:34;3;8;1;4;3;3;0;2;2;0;0;0;0;1;10;
Andray Blatche;;29:48;2;7;0;0;3;4;1;6;7;5;1;2;1;3;7;
Mirza Teletovic;;27:51;6;12;6;12;4;4;0;3;3;0;0;0;0;1;22;
Jorge Gutierrez;;19:22;3;3;0;0;0;0;0;2;2;2;0;0;0;3;6;
Jason Collins;;2:19;0;0;0;0;0;0;0;0;0;0;0;0;0;1;0;
CHA
Michael Kidd-Gilchrist;F;27:00;2;5;0;0;3;5;1;4;5;0;1;0;1;2;7;
Josh McRoberts;F;38:44;5;6;0;0;2;2;4;2;6;4;1;0;1;2;12;
Al Jefferson;C;41:10;15;27;0;0;5;7;3;12;15;1;0;0;1;2;35;
Gerald Henderson;G;37:25;3;8;1;2;0;2;0;2;2;5;0;1;2;1;7;
Kemba Walker;G;44:59;8;21;2;6;2;2;0;5;5;12;1;0;2;0;20;
Chris Douglas-Roberts;;26:41;6;14;3;8;1;1;3;2;5;2;0;0;1;2;16;
Cody Zeller;;14:16;2;3;0;0;2;2;2;1;3;0;0;0;0;0;6;
Luke Ridnour;;16:39;4;5;1;2;0;0;1;2;3;2;0;0;0;2;9;
Anthony Tolliver;;6:24;1;3;1;3;0;0;0;0;0;0;0;0;0;1;3;
Bismack Biyombo;;11:42;0;0;0;0;1;2;1;4;5;1;0;0;0;4;1;
