03-12;MEM-NOP;90-88;
28-26;20-31;19-17;23-14;
MEM
Tayshaun Prince;F;20:06;3;6;0;1;0;0;0;4;4;0;1;1;0;1;6;
Zach Randolph;F;32:59;5;13;0;1;3;4;7;2;9;2;0;1;3;3;13;
Marc Gasol;C;38:47;5;12;0;1;5;6;2;7;9;4;1;1;4;3;15;
Courtney Lee;G;22:48;1;6;0;5;2;2;0;2;2;1;1;0;0;1;4;
Mike Conley;G;33:07;5;12;1;2;5;6;2;1;3;1;1;0;2;3;16;
Nick Calathes;;14:53;2;4;0;0;2;2;0;4;4;7;0;0;1;1;6;
Kosta Koufos;;4:46;1;2;0;0;0;0;0;1;1;0;0;0;0;2;2;
Tony Allen;;25:12;4;8;0;0;5;6;1;3;4;1;3;1;1;1;13;
Mike Miller;;27:28;3;6;2;5;0;1;0;2;2;2;0;1;2;2;8;
Jon Leuer;;6:46;1;2;1;2;0;0;0;2;2;0;0;0;1;0;3;
James Johnson;;13:08;2;3;0;1;0;0;0;2;2;1;1;2;0;0;4;
NOP
Al-Farouq Aminu;F;25:23;4;8;0;0;0;0;1;7;8;0;3;0;3;3;8;
Anthony Davis;F;39:05;9;14;0;0;11;11;2;8;10;2;1;4;1;3;29;
Alexis Ajinca;C;18:08;1;5;0;0;0;0;2;2;4;0;2;2;0;3;2;
Anthony Morrow;G;36:23;2;12;2;6;4;4;0;4;4;1;0;1;1;1;10;
Brian Roberts;G;29:48;5;12;1;4;1;1;0;1;1;3;1;0;2;3;12;
Greg Stiemsma;;25:60;0;1;0;0;0;0;2;1;3;0;2;1;2;3;0;
Darius Miller;;19:55;2;4;0;2;3;3;0;2;2;0;0;0;0;1;7;
Austin Rivers;;28:26;5;12;1;3;3;3;0;0;0;9;2;0;4;1;14;
Luke Babbitt;;11:05;1;5;0;3;0;0;1;2;3;0;0;0;1;1;2;
Jeff Withey;;5:49;2;2;0;0;0;0;1;3;4;1;0;0;1;0;4;
