12-27;PHX-GSW;86-115;
22-28;18-31;24-26;22-30;
PHX
PJ Tucker;F;28:13;3;6;0;2;5;6;6;6;12;1;4;0;2;3;11;
Channing Frye;F;20:30;3;9;1;5;2;2;1;1;2;2;0;0;1;1;9;
Miles Plumlee;C;18:26;4;9;0;0;1;1;3;4;7;0;0;0;2;0;9;
Goran Dragic;G;30:54;3;9;0;0;2;2;0;1;1;3;2;0;4;2;8;
Eric Bledsoe;G;18:34;3;9;0;0;1;1;0;0;0;0;0;0;3;4;7;
Markieff Morris;;22:10;4;13;1;3;0;0;2;4;6;1;1;2;0;2;9;
Gerald Green;;27:00;3;9;1;5;0;0;0;2;2;2;1;0;1;3;7;
Marcus Morris;;17:38;2;8;1;5;2;3;0;2;2;0;1;0;1;2;7;
Archie Goodwin;;14:44;0;3;0;0;1;2;0;1;1;0;0;0;2;1;1;
Dionte Christmas;;17:19;1;4;0;3;3;4;1;1;2;0;0;1;0;2;5;
Ish Smith;;15:02;4;7;0;0;0;0;1;2;3;2;0;0;1;2;8;
Viacheslav Kravtsov;;9:30;2;3;0;0;1;2;2;1;3;1;0;1;0;0;5;
GSW
Andre Iguodala;F;25:00;3;4;2;2;0;0;1;2;3;0;0;0;2;0;8;
David Lee;F;26:12;7;10;0;0;3;4;2;5;7;5;0;0;4;4;17;
Andrew Bogut;C;21:37;4;8;0;0;0;0;1;5;6;0;0;3;2;2;8;
Klay Thompson;G;24:24;9;11;2;3;1;1;1;3;4;2;1;0;0;5;21;
Stephen Curry;G;33:33;5;17;1;6;3;5;3;10;13;16;1;0;7;3;14;
Harrison Barnes;;30:37;4;10;1;1;2;2;0;0;0;3;3;0;0;1;11;
Kent Bazemore;;17:13;2;4;0;2;0;0;1;4;5;2;2;0;1;1;4;
Draymond Green;;18:04;4;7;1;3;2;2;1;5;6;1;0;0;0;0;11;
Marreese Speights;;15:10;3;6;0;0;2;2;2;3;5;0;0;0;1;3;8;
Toney Douglas;;14:19;2;4;0;2;2;4;0;1;1;2;1;0;2;4;6;
Hilton Armstrong;;7:40;1;1;0;0;2;4;2;2;4;1;1;1;2;2;4;
Nemanja Nedovic;;6:11;1;3;1;1;0;0;1;1;2;0;0;0;0;0;3;
