12-21;OKC-SAS;113-100;
21-21;40-29;24-26;28-24;
OKC
Kevin Durant;F;38:13;6;14;2;6;3;3;0;5;5;3;2;1;3;3;17;
Serge Ibaka;F;32:39;6;14;2;4;0;0;3;11;14;1;1;3;2;4;14;
Kendrick Perkins;C;14:51;0;2;0;0;2;2;1;3;4;1;0;2;2;5;2;
Thabo Sefolosha;G;19:34;2;4;1;2;0;0;0;4;4;1;0;0;0;2;5;
Russell Westbrook;G;34:17;13;22;2;5;3;3;2;2;4;8;0;0;3;1;31;
Nick Collison;;19:38;3;4;0;0;2;2;2;2;4;1;0;1;0;1;8;
Jeremy Lamb;;15:51;2;8;2;5;0;0;0;2;2;2;0;0;0;2;6;
Reggie Jackson;;30:15;8;14;2;4;3;4;1;2;3;4;1;0;1;1;21;
Steven Adams;;18:50;1;3;0;0;2;4;1;5;6;0;1;2;1;3;4;
Derek Fisher;;15:53;2;3;1;1;0;0;0;2;2;1;1;0;0;1;5;
SAS
Marco Belinelli;F;37:43;6;13;5;8;0;0;1;3;4;0;1;0;1;2;17;
Tim Duncan;F;35:01;7;14;0;0;3;4;3;7;10;1;1;2;2;0;17;
Tiago Splitter;C;24:05;3;9;0;0;0;2;2;9;11;2;1;0;2;4;6;
Danny Green;G;33:56;2;6;1;4;2;2;0;2;2;3;1;2;2;1;7;
Tony Parker;G;32:46;6;14;0;0;11;13;0;2;2;8;2;0;0;4;23;
Manu Ginobili;;27:00;3;9;2;3;3;3;0;1;1;5;1;0;2;4;11;
Boris Diaw;;28:56;6;9;0;0;2;2;1;4;5;5;0;0;0;1;14;
Patty Mills;;15:14;1;6;0;3;0;0;0;0;0;1;0;0;0;0;2;
Aron Baynes;;1:53;0;0;0;0;0;0;0;1;1;0;0;0;2;2;0;
Matt Bonner;;1:47;1;1;1;1;0;0;0;1;1;0;0;0;0;0;3;
Cory Joseph;;1:40;0;1;0;0;0;0;0;0;0;0;0;0;0;0;0;
