03-01;IND-BOS;102-97;
28-27;27-21;21-30;26-19;
IND
Paul George;F;33:50;10;21;3;6;4;5;0;8;8;3;3;0;1;2;27;
David West;F;30:51;4;9;0;0;4;4;1;6;7;4;1;1;1;0;12;
Roy Hibbert;C;32:59;6;10;0;0;3;3;1;4;5;0;0;1;3;5;15;
Lance Stephenson;G;42:59;5;8;1;2;5;6;1;8;9;6;0;0;2;2;16;
CJ Watson;G;28:21;3;8;1;3;0;0;1;1;2;2;0;0;1;1;7;
Donald Sloan;;12:21;0;3;0;1;0;0;0;0;0;2;0;0;0;1;0;
Evan Turner;;26:29;7;13;0;1;1;3;0;3;3;2;0;0;0;4;15;
Ian Mahinmi;;15:01;1;2;0;0;0;0;0;2;2;0;0;1;0;2;2;
Luis Scola;;17:09;3;3;0;0;2;2;0;2;2;0;1;1;1;2;8;
BOS
Jeff Green;F;43:22;10;22;2;5;5;6;2;3;5;1;0;1;1;3;27;
Brandon Bass;F;31:31;7;13;0;0;2;2;2;3;5;2;1;0;1;2;16;
Kris Humphries;C;36:39;7;15;0;0;4;5;4;6;10;2;0;2;1;2;18;
Jerryd Bayless;G;32:11;5;11;1;5;0;0;1;4;5;3;1;0;1;4;11;
Rajon Rondo;G;38:28;4;12;3;6;1;2;0;7;7;11;0;0;2;4;12;
Jared Sullinger;;24:31;4;12;0;2;2;2;3;3;6;3;0;1;1;3;10;
Chris Johnson;;18:49;1;3;1;2;0;0;0;1;1;0;0;1;0;3;3;
Chris Babb;;1:38;0;0;0;0;0;0;0;0;0;0;0;0;0;0;0;
Phil Pressey;;9:32;0;1;0;1;0;0;0;2;2;3;0;0;1;0;0;
Joel Anthony;;3:19;0;0;0;0;0;0;0;0;0;0;0;0;0;0;0;
