04-14;CHA-ATL;95-93;
26-24;18-26;21-30;30-13;
CHA
Michael Kidd-Gilchrist;F;23:21;3;4;0;0;2;7;3;6;9;3;0;0;2;2;8;
Josh McRoberts;F;15:29;1;5;1;5;0;0;0;2;2;4;0;0;1;4;3;
Al Jefferson;C;34:46;11;17;0;1;5;7;4;11;15;1;1;0;2;4;27;
Gerald Henderson;G;24:03;1;9;0;1;2;2;2;3;5;3;0;0;0;2;4;
Kemba Walker;G;24:39;1;9;1;5;2;4;0;0;0;7;0;0;1;0;5;
Cody Zeller;;12:28;3;6;0;0;2;4;0;1;1;1;0;0;1;2;8;
Gary Neal;;25:13;5;11;2;3;5;5;0;2;2;2;0;0;0;1;17;
Chris Douglas-Roberts;;23:23;2;3;0;1;1;1;0;2;2;1;1;0;0;3;5;
Luke Ridnour;;23:21;5;8;0;2;0;0;0;0;0;4;0;0;2;1;10;
Bismack Biyombo;;13:14;1;1;0;0;0;1;3;3;6;1;0;2;0;0;2;
Anthony Tolliver;;20:03;2;7;2;7;0;0;0;6;6;0;1;0;0;1;6;
ATL
Cartier Martin;F;35:35;3;11;1;4;3;3;0;4;4;1;0;0;0;1;10;
Mike Scott;F;34:36;8;23;1;6;3;4;1;5;6;0;0;0;1;2;20;
Pero Antic;C;19:09;1;2;0;1;1;4;1;2;3;2;1;0;0;1;3;
Lou Williams;G;34:13;5;13;0;7;3;3;1;4;5;6;1;0;1;1;13;
Jeff Teague;G;22:47;4;6;3;4;0;0;0;4;4;5;1;0;0;3;11;
Elton Brand;;20:46;4;5;0;0;4;6;2;5;7;1;2;3;0;4;12;
Shelvin Mack;;27:44;5;10;2;5;1;1;0;4;4;5;0;0;0;4;13;
Dennis Schroder;;23:41;1;4;1;3;0;0;0;2;2;6;1;0;3;3;3;
Mike Muscala;;21:29;3;5;0;0;2;2;0;4;4;1;0;0;1;2;8;
