03-05;NYK-MIN;118-106;
38-24;28-31;22-31;30-20;
NYK
Carmelo Anthony;F;43:11;14;27;3;10;2;4;0;5;5;5;3;0;5;2;33;
Amar'e Stoudemire;F;31:08;8;18;0;0;2;3;4;4;8;1;1;2;3;3;18;
Tyson Chandler;C;34:48;6;8;0;0;3;3;5;9;14;0;0;0;1;4;15;
J.R. Smith;G;26:40;6;11;2;4;0;0;0;5;5;5;0;0;0;2;14;
Raymond Felton;G;31:07;5;8;2;4;6;8;1;2;3;8;4;1;2;4;18;
Iman Shumpert;;20:48;1;4;0;2;0;0;1;0;1;1;2;0;0;2;2;
Tim Hardaway Jr.;;27:29;4;10;3;6;0;0;0;1;1;0;0;0;0;4;11;
Pablo Prigioni;;15:53;1;2;1;1;0;0;1;1;2;4;1;0;1;2;3;
Cole Aldrich;;5:56;0;0;0;0;0;0;0;0;0;0;0;1;0;1;0;
Toure Murry;;1:00;0;0;0;0;0;0;0;0;0;0;0;0;0;0;0;
Earl Clark;;1:00;0;0;0;0;0;0;0;0;0;0;0;0;0;0;0;
Jeremy Tyler;;1:00;2;2;0;0;0;1;0;0;0;0;0;0;0;0;4;
MIN
Corey Brewer;F;30:08;5;11;0;3;6;6;0;6;6;2;0;1;0;3;16;
Kevin Love;F;35:45;6;17;3;10;4;6;3;5;8;2;0;0;2;2;19;
Nikola Pekovic;C;25:32;8;12;0;0;1;1;2;4;6;0;0;0;0;2;17;
Kevin Martin;G;28:09;3;10;2;5;4;4;0;3;3;1;0;0;0;2;12;
Ricky Rubio;G;32:19;4;6;0;0;3;3;3;3;6;8;2;0;6;4;11;
Dante Cunningham;;29:10;3;6;0;0;1;2;4;2;6;1;0;0;1;2;7;
Chase Budinger;;23:24;3;10;1;5;0;0;1;3;4;0;0;0;0;0;7;
Jose Juan Barea;;14:41;1;9;1;2;2;2;1;1;2;5;0;0;1;1;5;
Luc Mbah a Moute;;3:24;0;0;0;0;0;0;0;1;1;0;1;0;0;0;0;
Shabazz Muhammad;;14:28;5;5;0;0;0;0;2;1;3;0;1;0;4;3;10;
Alexey Shved;;1:00;0;1;0;1;0;0;0;0;0;0;0;0;0;0;0;
Gorgui Dieng;;1:00;1;2;0;0;0;0;1;1;2;0;0;0;0;0;2;
A.J. Price;;1:00;0;1;0;0;0;0;0;0;0;1;0;0;0;0;0;
