01-20;DAL-CLE;102-97;
30-23;29-14;20-29;23-31;
DAL
Shawn Marion;F;34:46;7;8;2;3;2;2;0;3;3;1;1;0;1;2;18;
Dirk Nowitzki;F;35:00;8;20;0;5;1;2;1;9;10;1;0;0;0;2;17;
Samuel Dalembert;C;14:04;0;0;0;0;1;2;1;2;3;1;0;2;2;1;1;
Monta Ellis;G;36:17;8;16;0;1;6;10;0;3;3;8;2;0;3;4;22;
Jose Calderon;G;27:56;4;8;1;4;2;2;1;0;1;6;0;0;1;2;11;
Vince Carter;;20:34;1;9;0;2;3;3;0;4;4;2;1;0;0;3;5;
DeJuan Blair;;20:45;5;7;0;0;3;3;3;2;5;0;0;0;0;6;13;
Shane Larkin;;18:06;1;3;1;2;0;0;0;2;2;1;2;1;0;2;3;
Devin Harris;;13:59;1;7;0;3;0;0;0;3;3;0;0;0;0;1;2;
Jae Crowder;;5:35;0;0;0;0;0;0;0;1;1;1;1;0;0;1;0;
Brandan Wright;;13:00;3;5;0;0;4;4;2;2;4;1;0;0;1;1;10;
CLE
Luol Deng;F;35:14;5;8;2;4;8;9;0;2;2;3;1;0;2;3;20;
Tristan Thompson;F;39:23;6;11;0;0;7;10;8;2;10;0;0;1;2;4;19;
Anderson Varejao;C;37:55;7;12;0;0;4;6;4;17;21;4;2;0;1;5;18;
CJ Miles;G;26:39;2;7;0;5;2;2;0;0;0;3;0;0;1;3;6;
Kyrie Irving;G;40:11;10;27;2;6;4;4;0;2;2;9;2;0;4;4;26;
Dion Waiters;;16:44;0;4;0;2;0;0;0;2;2;0;0;0;1;1;0;
Tyler Zeller;;9:26;0;0;0;0;0;0;1;3;4;0;0;0;0;1;0;
Earl Clark;;8:57;1;6;0;2;0;0;1;2;3;0;0;0;0;2;2;
Jarrett Jack;;21:31;2;4;1;2;1;2;0;2;2;2;0;0;2;1;6;
Matthew Dellavedova;;4:00;0;2;0;2;0;0;0;0;0;0;0;0;0;0;0;
