03-28;CLE-BKN;97-108;
29-29;21-32;27-24;20-23;
CLE
Luol Deng;F;37:55;7;15;1;5;5;6;2;4;6;7;1;0;1;2;20;
Tristan Thompson;F;24:50;7;10;0;0;0;0;1;4;5;0;1;0;0;2;14;
Spencer Hawes;C;22:18;6;13;3;3;1;2;3;2;5;2;0;2;2;0;16;
Dion Waiters;G;42:05;6;18;3;7;5;5;0;1;1;5;1;0;3;3;20;
Jarrett Jack;G;40:32;4;12;1;5;0;0;0;2;2;7;2;0;1;2;9;
Matthew Dellavedova;;28:35;3;6;2;3;0;0;0;3;3;4;0;0;2;4;8;
Anderson Varejao;;29:18;3;8;0;0;2;3;4;9;13;0;1;0;1;3;8;
Tyler Zeller;;4:53;0;1;0;0;0;0;0;0;0;0;0;0;1;0;0;
Alonzo Gee;;9:34;1;4;0;1;0;0;0;0;0;0;0;0;1;0;2;
BKN
Joe Johnson;F;28:34;6;8;2;3;0;1;0;1;1;3;0;0;0;1;14;
Paul Pierce;F;19:56;5;6;5;6;7;7;0;2;2;3;1;0;2;4;22;
Mason Plumlee;C;19:53;1;2;0;0;1;2;1;6;7;0;1;3;2;1;3;
Shaun Livingston;G;34:28;4;5;0;0;0;0;2;6;8;6;3;0;3;1;8;
Deron Williams;G;26:28;5;10;2;5;1;2;0;2;2;5;2;0;1;2;13;
Mirza Teletovic;;28:04;3;11;3;7;0;0;2;8;10;0;1;0;2;1;9;
Marcus Thornton;;21:43;3;10;1;5;3;3;1;2;3;2;1;0;3;2;10;
Andray Blatche;;25:03;4;5;0;0;2;4;0;4;4;1;1;1;1;1;10;
Alan Anderson;;21:32;6;10;1;2;0;0;1;1;2;1;0;0;0;0;13;
Jorge Gutierrez;;8:45;0;1;0;0;2;2;0;2;2;3;0;0;3;3;2;
Jason Collins;;3:04;1;2;0;1;0;0;0;0;0;0;0;0;0;0;2;
Marquis Teague;;2:30;1;1;0;0;0;0;0;0;0;0;0;0;0;0;2;
