03-26;CLE-DET;97-96;
24-33;26-18;16-31;31-14;
CLE
Luol Deng;F;34:07;3;14;0;4;1;1;2;4;6;4;0;0;2;0;7;
Tristan Thompson;F;21:42;0;3;0;0;6;10;3;3;6;0;0;0;2;0;6;
Spencer Hawes;C;23:52;2;4;0;2;0;1;1;5;6;2;1;1;2;1;4;
Dion Waiters;G;38:32;8;20;0;6;2;3;0;4;4;4;0;1;0;3;18;
Jarrett Jack;G;28:30;7;15;2;4;1;1;0;2;2;1;0;0;2;0;17;
Matthew Dellavedova;;35:34;7;9;5;7;2;4;0;3;3;6;1;0;2;2;21;
Anderson Varejao;;31:19;5;9;0;0;2;4;7;9;16;0;1;0;0;4;12;
Tyler Zeller;;9:42;2;5;0;0;0;0;0;0;0;0;0;0;0;1;4;
Alonzo Gee;;16:42;3;6;2;3;0;0;0;2;2;1;0;0;0;2;8;
DET
Josh Smith;F;43:52;11;23;1;5;1;3;1;7;8;6;0;3;2;2;24;
Greg Monroe;F;27:40;6;9;0;0;2;2;2;6;8;1;2;1;2;3;14;
Andre Drummond;C;26:14;3;6;0;0;0;4;1;10;11;1;0;0;2;3;6;
Kyle Singler;G;29:54;7;11;4;6;0;0;1;2;3;2;1;1;0;4;18;
Brandon Jennings;G;41:14;6;14;5;9;0;0;0;5;5;13;2;0;2;1;17;
Rodney Stuckey;;32:07;2;10;0;2;2;2;1;1;2;2;0;0;2;1;6;
Jonas Jerebko;;19:02;2;6;0;2;0;0;2;6;8;0;0;0;0;2;4;
Kentavious Caldwell-Pope;;13:11;2;4;1;2;0;0;2;0;2;0;0;0;0;2;5;
Will Bynum;;6:46;0;1;0;0;2;2;1;0;1;2;0;0;1;0;2;
