11-26;GSW-NOP;102-101;
28-18;29-31;19-28;26-24;
GSW
Harrison Barnes;F;39:07;6;12;1;2;1;2;1;3;4;0;1;0;1;0;14;
David Lee;F;38:50;6;14;0;0;7;7;0;7;7;3;0;0;1;2;19;
Jermaine O'Neal;C;26:26;9;12;0;0;0;0;2;6;8;0;0;0;2;3;18;
Klay Thompson;G;42:55;8;18;3;6;3;6;2;3;5;8;1;1;4;1;22;
Stephen Curry;G;42:05;7;20;2;5;0;0;1;7;8;9;3;1;2;2;16;
Draymond Green;;23:51;2;6;1;4;2;4;1;1;2;3;3;3;0;1;7;
Marreese Speights;;11:13;2;3;0;0;2;2;2;1;3;1;0;1;0;3;6;
Nemanja Nedovic;;12:39;0;2;0;1;0;0;0;2;2;1;0;0;0;2;0;
Kent Bazemore;;2:54;0;1;0;1;0;0;0;2;2;0;0;0;0;0;0;
NOP
Al-Farouq Aminu;F;24:47;2;3;0;0;0;0;2;7;9;1;0;1;1;0;4;
Anthony Davis;F;30:14;6;9;0;0;2;2;3;8;11;1;0;2;1;4;14;
Jason Smith;C;25:43;6;14;0;0;2;2;3;1;4;1;0;1;0;2;14;
Eric Gordon;G;35:57;6;12;2;5;2;4;0;0;0;7;2;1;3;2;16;
Jrue Holiday;G;37:05;7;16;3;5;0;0;1;3;4;7;2;0;2;2;17;
Ryan Anderson;;36:44;8;17;3;6;2;2;4;8;12;1;0;0;2;4;21;
Lou Amundson;;3:19;0;1;0;0;0;0;1;1;2;0;0;1;1;3;0;
Brian Roberts;;10:55;0;2;0;0;0;0;0;0;0;0;0;1;1;1;0;
Tyreke Evans;;23:13;5;11;0;1;2;3;0;4;4;4;0;1;4;2;12;
Anthony Morrow;;12:03;1;2;1;2;0;0;0;1;1;0;1;0;1;1;3;
