01-10;PHX-MEM;99-104;
29-25;26-23;19-26;25-30;
PHX
PJ Tucker;F;22:49;5;9;1;1;0;0;4;5;9;2;0;0;0;2;11;
Channing Frye;F;29:42;4;15;2;10;0;0;1;3;4;2;0;2;1;2;10;
Miles Plumlee;C;32:55;3;6;0;0;2;4;2;9;11;0;2;2;1;5;8;
Gerald Green;G;25:03;5;10;2;6;0;0;0;2;2;1;0;0;1;5;12;
Goran Dragic;G;32:35;6;10;4;5;5;5;0;3;3;8;0;0;1;2;21;
Leandro Barbosa;;21:53;2;7;0;1;0;0;1;1;2;0;1;0;0;1;4;
Alex Len;;5:12;1;3;0;0;0;0;1;2;3;0;0;1;0;1;2;
Ish Smith;;16:29;2;4;0;0;1;2;0;1;1;2;1;0;0;0;5;
Marcus Morris;;25:11;3;11;1;5;2;2;2;3;5;3;0;1;1;3;9;
Markieff Morris;;28:11;7;17;1;2;2;3;3;1;4;1;0;0;1;2;17;
MEM
Tayshaun Prince;F;22:31;1;5;1;2;0;4;0;3;3;1;0;1;0;0;3;
Zach Randolph;F;37:08;9;21;0;0;2;3;6;7;13;7;0;1;2;1;20;
Kosta Koufos;C;14:55;4;7;0;0;0;0;1;4;5;0;0;2;0;0;8;
Mike Miller;G;16:51;4;6;1;2;2;2;1;0;1;1;0;0;0;0;11;
Mike Conley;G;38:59;11;19;3;7;6;6;0;0;0;7;0;0;0;2;31;
Ed Davis;;30:06;5;9;0;0;0;2;4;13;17;1;0;3;1;3;10;
Courtney Lee;;28:31;2;6;0;1;4;4;1;5;6;2;1;0;2;1;8;
Nick Calathes;;9:01;1;1;0;0;0;2;1;0;1;2;0;0;0;1;2;
James Johnson;;29:25;4;7;1;2;0;0;0;4;4;2;0;2;3;3;9;
Jon Leuer;;12:33;1;5;0;1;0;0;0;3;3;1;0;0;0;0;2;
