01-08;GSW-BKN;98-102;
32-22;20-37;24-16;22-27;
GSW
Andre Iguodala;F;30:16;1;5;1;3;0;0;1;7;8;3;1;1;1;4;3;
David Lee;F;39:40;9;14;0;0;2;5;2;5;7;3;1;1;5;3;20;
Andrew Bogut;C;31:02;5;7;0;0;0;0;1;8;9;0;1;2;0;2;10;
Klay Thompson;G;43:29;5;15;4;10;0;0;0;5;5;3;0;0;2;3;14;
Stephen Curry;G;45:28;11;25;2;10;10;10;0;5;5;7;3;0;7;5;34;
Harrison Barnes;;20:57;2;3;2;2;0;0;0;0;0;0;0;0;1;1;6;
Marreese Speights;;7:29;2;5;0;0;2;2;1;0;1;1;0;1;1;3;6;
Draymond Green;;16:29;1;3;0;1;2;4;1;4;5;2;1;0;1;5;4;
Toney Douglas;;2:31;0;0;0;0;0;0;0;0;0;0;0;0;0;0;0;
Kent Bazemore;;2:39;0;1;0;0;1;2;0;0;0;0;0;0;0;1;1;
BKN
Joe Johnson;F;37:05;8;17;2;5;9;11;0;3;3;2;1;0;1;0;27;
Paul Pierce;F;33:00;2;7;0;3;7;8;1;4;5;1;1;0;4;4;11;
Kevin Garnett;C;23:05;5;7;0;0;3;3;2;3;5;0;4;1;2;2;13;
Alan Anderson;G;23:31;1;5;0;3;0;0;1;0;1;0;0;0;2;1;2;
Shaun Livingston;G;34:57;6;11;0;0;1;2;1;3;4;1;4;1;0;4;13;
Andray Blatche;;24:55;6;13;0;0;5;6;2;3;5;3;1;0;2;3;17;
Andrei Kirilenko;;18:22;3;7;0;0;2;3;2;4;6;2;1;0;2;1;8;
Mirza Teletovic;;29:03;2;5;2;5;2;2;1;9;10;2;0;0;0;3;8;
Jason Terry;;16:02;1;5;1;3;0;0;0;2;2;2;0;0;2;2;3;
