12-23;GSW-DEN;89-81;
30-22;17-21;17-23;25-15;
GSW
Andre Iguodala;F;30:51;5;10;2;4;0;0;1;5;6;2;0;1;3;0;12;
David Lee;F;38:28;11;21;0;0;6;6;2;8;10;2;0;0;2;3;28;
Andrew Bogut;C;30:32;2;4;0;0;0;2;5;6;11;1;0;3;1;1;4;
Klay Thompson;G;37:60;6;16;1;4;0;0;1;5;6;2;2;0;3;3;13;
Stephen Curry;G;35:14;5;14;2;3;2;4;0;3;3;7;2;1;2;4;14;
Harrison Barnes;;21:38;1;6;0;1;0;2;0;0;0;1;0;0;2;0;2;
Marreese Speights;;13:57;3;4;0;0;2;4;1;2;3;0;0;0;0;2;8;
Toney Douglas;;8:41;0;1;0;0;0;0;0;1;1;0;0;0;0;1;0;
Draymond Green;;17:02;1;4;1;2;0;0;1;0;1;2;0;3;2;3;3;
Kent Bazemore;;5:24;2;4;1;2;0;0;0;1;1;0;0;0;0;1;5;
Hilton Armstrong;;0:08;0;0;0;0;0;0;0;0;0;0;0;0;0;0;0;
Nemanja Nedovic;;0:08;0;0;0;0;0;0;0;0;0;0;0;0;0;0;0;
DEN
Wilson Chandler;F;32:31;4;12;1;5;1;2;0;2;2;0;0;1;4;3;10;
JJ Hickson;F;26:22;3;7;0;0;1;2;1;7;8;0;1;0;2;1;7;
Timofey Mozgov;C;32:05;6;11;0;0;2;4;5;6;11;0;0;2;1;0;14;
Randy Foye;G;10:18;0;5;0;0;1;1;1;1;2;1;0;1;1;0;1;
Ty Lawson;G;36:38;5;14;1;2;5;5;0;4;4;4;2;1;5;2;16;
Nate Robinson;;16:43;4;9;1;4;4;4;1;1;2;1;1;0;0;2;13;
Jordan Hamilton;;18:56;0;4;0;1;0;0;2;3;5;0;2;2;0;0;0;
Darrell Arthur;;21:48;1;5;0;0;0;0;0;5;5;2;0;1;2;6;2;
Andre Miller;;29:51;6;8;0;0;2;3;1;3;4;8;1;1;0;2;14;
Anthony Randolph;;14:48;2;6;0;1;0;0;1;3;4;0;0;1;2;1;4;
