02-09;IND-ORL;92-93;
31-28;21-15;22-21;18-29;
IND
Paul George;F;35:22;10;19;5;8;2;2;0;7;7;3;1;0;3;4;27;
David West;F;32:42;5;12;0;0;4;6;1;3;4;1;0;0;1;3;14;
Roy Hibbert;C;34:11;3;4;0;0;0;0;2;5;7;3;0;4;3;4;6;
Lance Stephenson;G;39:27;6;11;2;4;2;3;1;8;9;3;2;0;5;1;16;
George Hill;G;29:54;5;11;2;5;0;0;0;4;4;7;0;0;1;3;12;
Luis Scola;;15:18;1;6;0;0;0;0;0;5;5;1;1;0;0;0;2;
Danny Granger;;21:11;2;8;1;4;0;0;0;1;1;0;1;0;0;1;5;
CJ Watson;;18:21;2;7;1;3;1;2;0;0;0;1;1;1;0;2;6;
Ian Mahinmi;;13:34;1;1;0;0;2;6;3;1;4;0;0;1;2;2;4;
ORL
Tobias Harris;F;33:19;5;13;0;2;3;3;0;5;5;1;0;0;1;3;13;
Glen Davis;F;26:03;3;10;0;0;3;4;3;2;5;1;0;0;1;1;9;
Nikola Vucevic;C;37:13;6;16;0;0;7;8;8;5;13;1;2;1;1;2;19;
Arron Afflalo;G;34:05;3;10;1;3;0;2;0;3;3;1;1;0;0;3;7;
Jameer Nelson;G;23:54;3;4;2;3;0;0;0;3;3;2;0;0;2;1;8;
Andrew Nicholson;;8:28;2;4;0;1;0;0;0;1;1;0;0;0;1;0;4;
Victor Oladipo;;33:18;8;18;1;1;6;7;0;4;4;4;2;0;4;2;23;
Kyle O'Quinn;;10:47;1;1;0;0;0;0;0;6;6;1;1;0;0;2;2;
E'Twaun Moore;;12:59;1;3;0;1;0;0;0;0;0;1;1;0;1;2;2;
Maurice Harkless;;19:54;2;4;1;1;1;2;0;8;8;1;2;0;2;0;6;
