11-08;NYK-CHA;101-91;
28-22;23-25;34-22;16-22;
NYK
Iman Shumpert;F;38:44;2;3;1;1;0;0;1;6;7;4;0;1;1;4;5;
Carmelo Anthony;F;39:15;12;22;1;2;3;5;5;3;8;6;1;1;3;2;28;
Andrea Bargnani;C;34:48;11;25;3;9;0;0;3;5;8;3;0;5;1;1;25;
Raymond Felton;G;37:47;6;17;2;6;1;1;1;3;4;5;0;1;1;3;15;
Pablo Prigioni;G;21:31;3;6;3;4;0;0;0;3;3;2;1;0;0;5;9;
Metta World Peace;;28:37;4;9;1;2;0;1;2;1;3;2;2;1;2;2;9;
Kenyon Martin;;10:06;0;0;0;0;0;0;0;1;1;1;0;0;0;0;0;
Tim Hardaway Jr.;;13:50;2;4;1;2;0;0;0;0;0;0;0;0;2;1;5;
Beno Udrih;;3:56;0;1;0;0;0;0;0;0;0;1;0;0;0;2;0;
Amar'e Stoudemire;;8:28;2;2;0;0;1;2;0;2;2;1;1;0;1;1;5;
Cole Aldrich;;1:29;0;0;0;0;0;0;0;0;0;0;0;0;1;1;0;
Toure Murry;;1:29;0;1;0;0;0;0;0;1;1;0;0;0;0;0;0;
CHA
Michael Kidd-Gilchrist;F;34:15;6;11;0;1;2;4;4;4;8;0;1;3;3;2;14;
Josh McRoberts;F;33:01;2;5;1;3;0;0;0;2;2;3;0;0;2;1;5;
Bismack Biyombo;C;26:06;0;1;0;0;3;4;1;10;11;1;0;1;1;1;3;
Gerald Henderson;G;35:46;7;18;0;0;4;5;1;8;9;1;1;0;4;2;18;
Kemba Walker;G;38:07;8;22;1;5;8;8;1;2;3;5;0;1;0;0;25;
Jeff Taylor;;17:12;2;8;1;4;0;0;1;1;2;1;0;1;1;2;5;
Cody Zeller;;23:08;1;3;0;0;1;2;1;1;2;0;0;1;1;3;3;
Ramon Sessions;;14:54;4;4;0;0;7;7;1;0;1;2;0;1;1;1;15;
Anthony Tolliver;;14:46;1;4;1;3;0;0;0;2;2;0;2;0;1;3;3;
Jeff Adrien;;2:45;0;0;0;0;0;0;0;1;1;0;0;0;0;0;0;
