04-12;MIL-WAS;91-104;
26-27;26-28;22-32;17-17;
MIL
Khris Middleton;F;41:54;6;15;4;5;4;4;1;2;3;1;0;0;1;3;20;
Jeff Adrien;F;30:32;4;6;0;0;3;8;3;7;10;0;0;1;5;2;11;
Zaza Pachulia;C;24:21;4;9;0;0;1;2;3;3;6;5;0;0;4;1;9;
Ramon Sessions;G;41:35;6;16;0;2;8;10;1;0;1;8;1;0;2;1;20;
Giannis Antetokounmpo;G;43:07;3;5;1;1;1;4;2;6;8;2;3;1;4;1;8;
John Henson;;23:57;6;10;0;0;1;2;1;6;7;2;1;0;3;3;13;
Chris Wright;;17:29;1;3;0;0;2;2;1;0;1;1;0;0;1;3;4;
Miroslav Raduljica;;17:05;2;4;0;0;2;2;1;5;6;1;0;1;0;2;6;
WAS
Trevor Ariza;F;29:23;5;7;2;4;1;2;0;5;5;4;0;0;2;2;13;
Trevor Booker;F;24:49;5;7;0;0;1;1;1;0;1;1;2;0;2;3;11;
Marcin Gortat;C;33:16;5;12;0;0;3;4;4;9;13;2;3;2;1;2;13;
Bradley Beal;G;36:54;12;22;2;7;0;0;0;3;3;5;0;1;2;2;26;
John Wall;G;33:28;5;12;0;0;5;5;1;2;3;8;1;1;2;2;15;
Martell Webster;;22:42;2;6;2;4;2;3;1;2;3;3;0;0;0;4;8;
Drew Gooden;;16:50;1;4;0;0;2;2;1;2;3;0;0;1;0;3;4;
Al Harrington;;18:54;4;11;2;6;2;2;0;3;3;0;0;0;0;2;12;
Andre Miller;;13:37;0;0;0;0;0;0;0;1;1;2;1;0;0;0;0;
Otto Porter;;7:06;1;2;0;1;0;0;0;0;0;0;0;0;0;1;2;
Kevin Seraphin;;1:10;0;1;0;0;0;0;0;0;0;0;0;0;0;2;0;
Chris Singleton;;0:56;0;0;0;0;0;0;0;1;1;0;0;0;0;0;0;
Garrett Temple;;0:55;0;0;0;0;0;0;0;0;0;0;0;0;0;0;0;
