12-18;WAS-BKN;113-107;
30-28;29-25;26-24;28-30;
WAS
Trevor Ariza;F;35:57;6;13;3;8;0;0;1;2;3;3;1;1;2;1;15;
Trevor Booker;F;24:10;2;8;0;0;3;4;9;4;13;3;2;1;1;2;7;
Marcin Gortat;C;30:06;4;11;0;0;2;2;2;8;10;1;0;1;1;4;10;
Bradley Beal;G;28:37;4;10;3;4;4;4;1;3;4;0;2;0;2;1;15;
John Wall;G;37:30;8;17;3;4;2;2;1;3;4;6;1;1;6;4;21;
Nene;;22:38;6;10;0;0;5;7;0;3;3;2;2;0;1;1;17;
Martell Webster;;28:47;3;6;2;3;5;6;1;5;6;2;0;0;1;4;13;
Garrett Temple;;10:30;2;7;1;1;0;0;1;1;2;1;1;0;1;1;5;
Kevin Seraphin;;18:31;3;6;0;0;4;5;3;2;5;1;0;2;1;4;10;
Otto Porter;;3:14;0;0;0;0;0;0;0;1;1;0;0;0;0;0;0;
BKN
Alan Anderson;F;19:10;0;4;0;2;0;0;0;1;1;0;0;0;1;0;0;
Kevin Garnett;F;24:35;3;5;0;0;1;2;0;4;4;2;1;0;2;6;7;
Brook Lopez;C;31:54;7;11;0;0;8;9;2;3;5;3;0;0;4;4;22;
Joe Johnson;G;41:30;8;14;2;6;2;2;2;5;7;2;3;0;1;4;20;
Deron Williams;G;42:13;5;13;2;4;3;3;0;3;3;13;3;1;3;4;15;
Andray Blatche;;24:13;4;9;2;2;2;2;0;1;1;4;0;2;1;1;12;
Paul Pierce;;35:28;10;12;3;5;4;6;0;6;6;3;0;1;2;3;27;
Shaun Livingston;;5:47;2;2;0;0;0;0;0;1;1;1;0;0;0;0;4;
Mirza Teletovic;;9:07;0;3;0;2;0;0;0;0;0;0;1;1;0;0;0;
Reggie Evans;;6:03;0;1;0;0;0;0;1;2;3;0;0;0;0;2;0;
