10-30;WAS-DET;102-113;
22-25;21-30;30-26;29-32;
WAS
Trevor Ariza;F;37:38;8;14;6;11;6;8;1;9;10;3;1;0;2;4;28;
Trevor Booker;F;20:17;1;3;0;0;0;0;4;1;5;3;0;0;1;3;2;
Nene;C;30:18;4;6;0;0;4;7;1;2;3;1;1;1;0;4;12;
Bradley Beal;G;38:15;6;18;2;6;3;3;1;3;4;2;0;0;3;3;17;
John Wall;G;38:59;8;21;0;4;4;6;2;0;2;11;3;0;4;3;20;
Marcin Gortat;;16:53;3;6;0;0;3;4;4;5;9;0;0;1;3;5;9;
Al Harrington;;18:24;1;4;0;1;2;2;0;0;0;1;0;0;2;4;4;
Eric Maynor;;9:01;1;3;1;1;0;0;0;2;2;1;0;0;0;0;3;
Martell Webster;;20:55;1;1;1;1;2;2;0;2;2;0;0;0;0;2;5;
Garrett Temple;;5:03;0;1;0;1;0;0;0;0;0;1;0;1;0;1;0;
Kevin Seraphin;;4:17;1;1;0;0;0;0;0;1;1;0;0;0;1;1;2;
DET
Josh Smith;F;39:43;8;12;3;7;0;0;1;4;5;5;0;1;4;5;19;
Greg Monroe;F;41:26;6;15;0;0;12;15;5;11;16;3;1;1;5;3;24;
Andre Drummond;C;26:18;6;7;0;0;0;0;3;5;8;1;0;0;1;5;12;
Chauncey Billups;G;30:38;4;8;4;5;4;4;1;2;3;5;1;0;1;3;16;
Will Bynum;G;38:05;7;13;1;2;4;6;0;1;1;5;2;1;4;4;19;
Kentavious Caldwell-Pope;;27:04;4;12;0;3;1;2;0;1;1;2;2;0;2;4;9;
Kyle Singler;;27:20;2;6;1;5;3;3;2;6;8;1;0;0;0;2;8;
Jonas Jerebko;;8:29;2;5;0;2;2;3;0;1;1;2;0;1;1;1;6;
Peyton Siva;;0:19;0;0;0;0;0;0;0;0;0;0;0;0;0;0;0;
Tony Mitchell;;0:19;0;0;0;0;0;0;0;1;1;0;0;0;0;0;0;
Gigi Datome;;0:19;0;0;0;0;0;0;0;0;0;0;0;0;0;0;0;
