12-18;CHA-TOR;104-102;
18-15;19-32;33-23;25-25;9-7;
CHA
Jeff Taylor;F;22:31;2;5;1;1;0;0;0;1;1;1;1;1;3;3;5;
Josh McRoberts;F;44:17;5;10;1;3;2;2;2;5;7;7;0;0;1;5;13;
Al Jefferson;C;39:31;9;18;0;0;6;10;0;11;11;2;0;0;1;4;24;
Gerald Henderson;G;36:36;3;8;0;0;5;8;0;4;4;4;2;0;0;3;11;
Kemba Walker;G;43:58;10;18;4;7;5;7;1;4;5;1;3;0;6;5;29;
Cody Zeller;;8:43;0;3;0;0;0;0;0;1;1;0;0;0;2;1;0;
Ramon Sessions;;34:27;4;12;0;2;3;4;2;3;5;3;1;0;3;0;11;
Bismack Biyombo;;13:29;0;1;0;0;1;2;0;1;1;0;0;0;2;3;1;
Ben Gordon;;8:37;0;1;0;0;0;0;0;1;1;0;0;0;2;0;0;
Anthony Tolliver;;12:51;4;5;2;2;0;1;2;2;4;0;0;0;0;0;10;
TOR
Terrence Ross;F;24:23;2;9;1;7;0;0;1;3;4;1;1;0;0;2;5;
Amir Johnson;F;39:33;5;9;0;0;0;0;6;7;13;4;2;1;1;6;10;
Jonas Valanciunas;C;22:41;5;9;0;0;0;0;2;4;6;0;0;0;2;4;10;
DeMar DeRozan;G;40:49;11;26;0;4;8;10;0;6;6;1;3;1;2;3;30;
Kyle Lowry;G;40:31;6;14;3;7;2;2;2;2;4;6;2;1;5;5;17;
Patrick Patterson;;24:09;2;3;0;0;0;0;1;2;3;1;0;0;2;4;4;
Greivis Vasquez;;29:28;4;15;0;5;1;2;1;3;4;8;1;0;2;3;9;
Tyler Hansbrough;;18:49;3;4;0;0;0;2;3;1;4;0;0;1;1;1;6;
John Salmons;;24:37;3;7;2;3;3;4;0;6;6;1;1;0;0;0;11;
