11-26;ORL-ATL;109-92;
26-25;23-28;36-20;24-19;
ORL
Arron Afflalo;F;35:39;9;18;4;7;4;4;0;0;0;3;2;0;1;0;26;
Glen Davis;F;31:50;3;9;0;0;2;2;2;6;8;0;3;0;3;4;8;
Nikola Vucevic;C;30:16;4;7;0;0;4;5;1;14;15;3;1;1;0;0;12;
Victor Oladipo;G;28:56;7;11;1;2;3;3;1;2;3;5;0;1;1;4;18;
Jameer Nelson;G;30:26;3;11;1;7;1;2;0;3;3;10;0;0;4;3;8;
E'Twaun Moore;;30:02;5;8;1;3;1;1;0;3;3;5;2;0;1;2;12;
Andrew Nicholson;;25:13;8;11;1;2;1;1;2;6;8;0;0;1;0;3;18;
Maurice Harkless;;10:40;1;3;0;1;1;2;0;2;2;1;0;0;1;2;3;
Doron Lamb;;4:57;1;1;0;0;0;0;0;0;0;1;0;0;1;0;2;
Kyle O'Quinn;;4:57;0;1;0;0;0;0;0;0;0;0;0;0;0;1;0;
Ronnie Price;;3:32;0;1;0;0;0;0;0;0;0;0;0;0;0;1;0;
Solomon Jones;;3:32;1;2;0;0;0;0;0;1;1;1;0;0;0;0;2;
ATL
DeMarre Carroll;F;24:27;3;8;1;3;2;2;2;5;7;0;0;0;0;4;9;
Paul Millsap;F;26:48;4;7;0;0;2;3;1;4;5;0;0;1;4;2;10;
Al Horford;C;27:53;7;10;0;1;1;2;0;5;5;3;0;2;1;2;15;
Kyle Korver;G;31:23;1;6;1;6;0;0;0;2;2;3;2;0;3;3;3;
Jeff Teague;G;30:37;4;11;1;2;6;6;0;3;3;6;1;0;4;1;15;
Gustavo Ayon;;20:07;0;5;0;0;2;2;0;5;5;0;2;0;0;1;2;
Lou Williams;;24:05;3;9;3;5;2;2;1;2;3;8;0;0;1;1;11;
Cartier Martin;;16:25;2;3;1;1;2;2;0;1;1;0;0;0;1;3;7;
Mike Scott;;14:30;1;6;1;2;1;2;0;3;3;0;0;1;0;1;4;
Shelvin Mack;;8:12;3;5;0;1;0;0;0;1;1;2;1;0;0;0;6;
Pero Antic;;6:42;1;2;1;1;3;4;0;0;0;0;0;1;0;1;6;
Dennis Schroder;;5:19;1;1;0;0;2;2;0;0;0;0;1;0;0;0;4;
John Jenkins;;3:32;0;0;0;0;0;0;0;0;0;0;0;0;0;0;0;
