11-29;NOP-PHI;121-105;
35-30;26-25;26-22;34-28;
NOP
Anthony Morrow;F;17:21;2;5;1;2;2;2;0;0;0;0;2;0;1;1;7;
Anthony Davis;F;37:55;11;20;0;0;0;1;5;5;10;3;2;4;1;2;22;
Jason Smith;C;24:01;4;8;0;0;0;0;0;5;5;0;0;2;1;4;8;
Eric Gordon;G;39:45;11;16;2;5;2;2;0;2;2;7;2;0;1;2;26;
Jrue Holiday;G;40:34;8;13;1;2;3;4;2;5;7;13;3;1;1;4;20;
Ryan Anderson;;25:55;7;16;4;9;0;0;3;5;8;2;0;0;2;3;18;
Tyreke Evans;;35:15;6;10;0;0;4;5;0;5;5;4;4;1;4;1;16;
Brian Roberts;;14:15;2;5;0;2;0;0;0;1;1;1;0;0;1;3;4;
Lou Amundson;;5:00;0;0;0;0;0;0;0;2;2;0;0;1;0;1;0;
PHI
Evan Turner;F;34:45;9;15;3;3;1;1;1;5;6;4;1;0;2;5;22;
Thaddeus Young;F;36:03;6;15;2;4;1;4;8;4;12;4;1;1;3;3;15;
Spencer Hawes;C;25:23;5;11;2;6;0;1;0;9;9;2;0;3;1;1;12;
James Anderson;G;21:35;3;9;1;5;0;0;1;3;4;1;1;0;2;2;7;
Michael Carter-Williams;G;32:05;4;13;1;6;1;4;1;1;2;10;1;0;5;3;10;
Tony Wroten;;23:44;9;13;1;2;5;9;1;2;3;1;0;0;4;3;24;
Lavoy Allen;;19:51;3;5;0;0;0;0;2;1;3;2;0;0;0;1;6;
Hollis Thompson;;22:26;2;6;1;3;0;0;3;3;6;1;1;0;0;0;5;
Brandon Davies;;10:60;0;0;0;0;0;0;1;2;3;3;1;0;0;1;0;
Elliot Williams;;11:54;1;5;1;2;1;2;0;1;1;0;0;0;1;0;4;
Lorenzo Brown;;1:14;0;0;0;0;0;0;0;0;0;0;0;0;0;0;0;
