04-11;HOU-MIN;110-112;
32-39;31-20;21-23;26-30;
HOU
Chandler Parsons;F;42:38;11;19;4;8;1;2;2;5;7;7;4;0;3;2;27;
Terrence Jones;F;29:16;5;11;0;0;0;0;5;3;8;1;0;2;2;3;10;
Omer Asik;C;24:23;3;7;0;0;3;4;6;9;15;0;1;2;1;5;9;
James Harden;G;46:09;7;14;4;5;15;19;1;7;8;10;6;0;5;5;33;
Jeremy Lin;G;24:26;3;10;3;6;5;6;0;4;4;1;0;0;5;5;14;
Donatas Motiejunas;;13:27;2;5;0;0;0;2;1;3;4;0;0;0;1;5;4;
Isaiah Canaan;;4:22;0;2;0;2;0;0;0;1;1;0;0;0;0;1;0;
Francisco Garcia;;33:14;2;8;0;2;0;0;0;1;1;1;0;0;0;4;4;
Omri Casspi;;22:05;3;7;0;2;3;3;0;4;4;2;1;0;3;2;9;
MIN
Robbie Hummel;F;29:27;2;8;1;3;0;0;1;1;2;3;1;0;0;2;5;
Dante Cunningham;F;41:43;7;15;0;0;6;10;4;9;13;1;1;3;0;4;20;
Gorgui Dieng;C;38:00;6;13;0;0;0;0;10;10;20;3;2;2;3;3;12;
Corey Brewer;G;44:53;19;30;2;6;11;15;1;1;2;1;6;1;2;4;51;
Ricky Rubio;G;39:57;5;16;0;1;6;11;0;5;5;10;1;0;6;5;16;
Luc Mbah a Moute;;27:17;1;8;0;1;2;2;2;4;6;1;1;2;3;3;4;
Ronny Turiaf;;7:33;0;1;0;0;0;0;0;1;1;0;0;0;0;4;0;
Jose Juan Barea;;11:10;1;3;0;1;2;2;0;1;1;3;1;0;1;0;4;
