01-08;LAL-HOU;99-113;
28-24;29-28;15-33;27-28;
LAL
Wesley Johnson;F;30:51;4;13;2;5;0;0;3;1;4;3;3;0;2;1;10;
Pau Gasol;F;36:10;8;13;0;1;5;6;4;8;12;3;0;2;3;5;21;
Robert Sacre;C;13:40;0;1;0;0;0;0;0;3;3;0;0;2;0;3;0;
Jodie Meeks;G;34:45;5;13;2;5;9;10;0;3;3;2;2;0;4;3;21;
Kendall Marshall;G;37:42;2;13;1;6;0;0;0;5;5;8;1;0;6;4;5;
Nick Young;;37:11;10;20;2;6;3;3;0;6;6;1;0;0;0;4;25;
Jordan Hill;;22:08;5;8;0;0;0;2;5;3;8;0;0;1;1;2;10;
Ryan Kelly;;13:31;0;3;0;1;2;2;0;1;1;0;0;0;1;5;2;
Chris Kaman;;14:02;2;4;0;0;1;2;2;3;5;3;1;2;1;5;5;
HOU
Ronnie Brewer;F;23:19;0;2;0;1;0;0;0;2;2;0;1;0;0;2;0;
Terrence Jones;F;30:52;7;14;0;2;1;2;6;7;13;0;0;0;0;1;15;
Dwight Howard;C;38:06;5;14;0;0;10;24;4;9;13;3;4;1;0;4;20;
James Harden;G;38:20;14;23;2;7;8;11;1;3;4;4;5;0;1;2;38;
Jeremy Lin;G;39:21;4;12;1;5;4;7;0;4;4;4;1;1;4;3;13;
Omri Casspi;;21:11;3;5;0;2;3;4;1;5;6;4;0;0;1;3;9;
Aaron Brooks;;15:03;3;6;3;5;0;0;1;2;3;1;0;0;2;1;9;
Donatas Motiejunas;;10:23;2;7;0;4;2;2;2;3;5;1;0;1;0;1;6;
Francisco Garcia;;21:53;1;3;1;2;0;0;1;1;2;1;1;0;1;2;3;
Isaiah Canaan;;1:32;0;0;0;0;0;0;0;0;0;0;0;0;0;0;0;
