02-12;MEM-ORL;86-81;
24-17;18-17;22-27;22-20;
MEM
Tayshaun Prince;F;35:18;7;13;0;2;0;0;1;4;5;1;0;0;1;1;14;
Zach Randolph;F;36:53;8;14;0;2;4;5;1;4;5;2;0;0;2;1;20;
Marc Gasol;C;22:48;2;5;0;0;0;0;1;4;5;1;1;0;0;2;4;
Courtney Lee;G;32:16;6;14;1;3;4;4;1;5;6;2;1;0;0;3;17;
Nick Calathes;G;36:51;6;14;0;1;0;0;1;4;5;6;4;2;2;2;12;
Mike Miller;;13:05;0;1;0;0;0;0;0;0;0;2;0;0;1;0;0;
Kosta Koufos;;20:03;3;5;0;0;1;4;1;3;4;0;1;1;0;2;7;
Ed Davis;;6:16;1;4;0;0;0;0;0;1;1;0;0;0;0;1;2;
Darius Morris;;11:09;2;4;1;3;1;3;0;1;1;1;0;0;1;1;6;
James Johnson;;21:40;1;3;0;1;2;2;2;1;3;2;0;3;1;1;4;
Jon Leuer;;3:42;0;0;0;0;0;0;0;1;1;0;0;1;0;0;0;
ORL
Tobias Harris;F;34:04;4;10;0;1;5;5;2;5;7;2;0;1;1;1;13;
Glen Davis;F;28:49;6;11;0;0;0;0;2;1;3;0;1;0;1;1;12;
Nikola Vucevic;C;36:56;6;12;0;0;1;1;4;6;10;3;0;2;1;2;13;
Arron Afflalo;G;29:43;4;9;1;3;1;2;2;2;4;3;0;0;1;3;10;
Jameer Nelson;G;30:04;3;10;2;6;0;0;1;4;5;7;1;0;4;0;8;
Victor Oladipo;;26:06;2;11;1;2;2;2;0;1;1;2;1;1;2;2;7;
Maurice Harkless;;17:56;2;5;0;0;0;0;1;1;2;0;0;1;0;0;4;
Andrew Nicholson;;7:38;1;3;0;0;0;0;1;3;4;0;0;1;1;2;2;
E'Twaun Moore;;14:07;4;7;0;1;0;0;0;0;0;0;0;0;0;0;8;
Kyle O'Quinn;;14:37;2;5;0;0;0;0;2;4;6;1;0;3;2;2;4;
