12-23;DET-CLE;115-92;
28-18;30-22;31-24;26-28;
DET
Josh Smith;F;30:44;10;18;2;5;3;3;2;6;8;3;1;2;3;2;25;
Greg Monroe;F;31:02;5;10;0;0;1;2;4;7;11;1;0;0;3;5;11;
Andre Drummond;C;33:33;7;10;0;0;0;2;5;6;11;0;0;1;0;3;14;
Kentavious Caldwell-Pope;G;17:22;1;6;1;3;1;2;0;0;0;1;1;0;0;4;4;
Brandon Jennings;G;32:05;6;11;2;5;7;8;0;4;4;13;2;0;3;0;21;
Rodney Stuckey;;30:38;6;16;1;1;1;1;1;2;3;4;5;0;2;3;14;
Kyle Singler;;26:46;4;9;2;2;0;0;2;6;8;1;0;1;1;1;10;
Chauncey Billups;;15:55;1;3;1;3;0;0;0;1;1;2;0;0;1;0;3;
Gigi Datome;;17:21;6;13;1;5;0;0;4;0;4;1;2;0;1;1;13;
Josh Harrellson;;4:34;0;0;0;0;0;0;0;0;0;1;0;1;0;1;0;
CLE
Alonzo Gee;F;13:34;2;5;1;4;2;2;1;3;4;1;0;0;1;0;7;
Tristan Thompson;F;29:36;6;10;0;0;5;9;3;3;6;1;0;0;0;2;17;
Andrew Bynum;C;22:28;0;11;0;0;0;0;4;3;7;1;0;2;2;1;0;
CJ Miles;G;20:22;2;9;1;6;1;2;0;3;3;0;2;0;3;3;6;
Kyrie Irving;G;29:25;7;14;3;6;4;4;2;1;3;7;1;0;4;1;21;
Anthony Bennett;;16:21;3;7;0;1;1;2;0;2;2;0;0;0;3;2;7;
Jarrett Jack;;20:13;0;6;0;2;0;0;0;1;1;1;0;0;1;2;0;
Anderson Varejao;;18:47;1;1;0;0;0;0;1;3;4;1;1;0;1;3;2;
Matthew Dellavedova;;26:49;4;6;1;1;1;2;0;2;2;6;1;0;1;2;10;
Earl Clark;;14:29;2;10;2;8;0;0;0;1;1;0;0;2;2;0;6;
Tyler Zeller;;13:54;6;7;0;0;1;1;2;2;4;1;0;0;0;0;13;
Sergey Karasev;;8:03;0;0;0;0;0;0;0;1;1;1;0;0;1;0;0;
Carrick Felix;;5:59;1;2;0;0;1;2;0;1;1;0;0;0;0;0;3;
