01-28;NOP-CLE;100-89;
26-29;30-15;27-21;17-24;
NOP
Al-Farouq Aminu;F;28:57;6;10;0;0;0;0;1;2;3;1;0;0;1;0;12;
Anthony Davis;F;39:07;12;18;0;0;6;7;1;6;7;3;1;8;0;1;30;
Alexis Ajinca;C;17:27;0;2;0;0;0;0;1;4;5;1;0;0;3;2;0;
Eric Gordon;G;35:35;8;17;1;5;3;5;0;7;7;9;1;0;0;0;20;
Brian Roberts;G;32:21;4;8;2;2;2;2;0;4;4;6;0;0;4;4;12;
Greg Stiemsma;;30:33;4;5;0;0;1;2;2;9;11;1;1;2;0;4;9;
Austin Rivers;;15:39;2;3;1;1;2;2;1;1;2;0;0;0;2;4;7;
Tyreke Evans;;18:41;1;5;0;1;1;2;0;0;0;5;3;0;3;5;3;
Darius Miller;;12:47;1;3;0;2;3;3;0;2;2;1;0;0;0;2;5;
Anthony Morrow;;8:53;1;3;0;2;0;0;0;0;0;0;1;0;0;1;2;
CLE
Luol Deng;F;31:28;3;10;0;1;0;2;2;0;2;3;1;0;1;0;6;
Tristan Thompson;F;31:47;2;10;0;0;1;4;2;3;5;1;0;0;1;2;5;
Tyler Zeller;C;21:25;4;8;0;0;5;5;4;6;10;2;1;0;2;2;13;
CJ Miles;G;12:15;1;2;0;1;0;0;0;1;1;0;1;0;2;2;2;
Kyrie Irving;G;34:39;8;17;1;4;6;6;0;3;3;5;2;0;0;1;23;
Dion Waiters;;35:45;9;13;3;4;0;2;0;0;0;4;2;1;3;2;21;
Anthony Bennett;;31:16;5;10;2;3;3;6;2;6;8;1;0;1;1;3;15;
Jarrett Jack;;20:39;0;4;0;1;2;2;0;3;3;3;2;0;0;0;2;
Matthew Dellavedova;;9:14;0;1;0;1;0;0;0;2;2;3;0;0;0;1;0;
Henry Sims;;11:32;1;5;0;0;0;0;0;1;1;0;1;0;1;3;2;
