02-25;CHI-ATL;107-103;
20-30;34-21;26-24;27-28;
CHI
Mike Dunleavy;F;47:51;6;15;4;9;6;6;4;4;8;4;0;0;2;4;22;
Carlos Boozer;F;27:56;8;14;0;0;1;2;1;10;11;1;1;2;4;2;17;
Joakim Noah;C;36:40;9;13;0;0;2;4;4;8;12;3;3;0;1;0;20;
Tony Snell;G;34:57;4;8;1;2;1;1;1;2;3;5;1;0;1;5;10;
Kirk Hinrich;G;32:13;3;12;2;5;6;7;1;1;2;3;3;0;0;2;14;
D.J. Augustin;;29:08;2;14;1;8;5;5;0;2;2;6;2;0;2;1;10;
Taj Gibson;;26:34;5;12;0;0;4;4;4;4;8;1;1;0;2;1;14;
Nazr Mohammed;;4:41;0;0;0;0;0;0;0;2;2;1;0;0;0;0;0;
ATL
Kyle Korver;F;38:48;4;10;4;9;4;4;0;7;7;3;2;0;2;4;16;
DeMarre Carroll;F;33:57;4;12;2;5;3;3;2;2;4;1;1;0;2;5;13;
Elton Brand;C;41:46;3;5;0;0;1;1;3;10;13;3;2;2;3;4;7;
Shelvin Mack;G;27:29;8;14;1;5;0;0;1;3;4;3;0;0;0;2;17;
Jeff Teague;G;34:31;10;20;3;4;3;4;0;2;2;7;0;0;4;3;26;
Mike Scott;;32:34;5;12;2;5;0;0;2;5;7;3;1;0;4;3;12;
Lou Williams;;26:09;4;10;2;5;2;2;0;2;2;1;1;0;1;1;12;
Cartier Martin;;2:18;0;0;0;0;0;0;0;0;0;0;0;0;0;0;0;
Dexter Pittman;;2:26;0;1;0;0;0;2;3;0;3;0;0;0;0;0;0;
