04-02;BKN-NYK;81-110;
20-29;18-34;23-19;20-28;
BKN
Joe Johnson;F;22:22;5;13;2;6;4;5;0;1;1;1;2;0;2;1;16;
Paul Pierce;F;26:45;2;7;0;1;4;4;0;4;4;1;1;0;1;3;8;
Mason Plumlee;C;22:47;1;1;0;0;3;3;2;2;4;2;1;0;1;4;5;
Shaun Livingston;G;24:59;1;4;0;0;2;4;1;2;3;3;2;0;1;1;4;
Deron Williams;G;27:34;5;11;2;4;0;0;0;1;1;0;1;0;2;1;12;
Marcus Thornton;;20:37;3;8;2;5;0;0;1;2;3;0;0;0;1;2;8;
Andray Blatche;;17:47;1;3;1;1;0;2;1;1;2;1;0;0;2;1;3;
Alan Anderson;;25:38;2;5;1;4;6;8;1;2;3;0;1;0;3;2;11;
Mirza Teletovic;;21:21;3;8;0;4;0;0;1;0;1;1;0;0;1;0;6;
Jorge Gutierrez;;15:30;2;3;0;1;2;2;0;0;0;0;1;0;1;1;6;
Jason Collins;;7:20;0;0;0;0;0;0;0;1;1;0;0;0;0;0;0;
Marquis Teague;;7:20;1;2;0;0;0;0;0;0;0;2;0;0;1;0;2;
NYK
Carmelo Anthony;F;37:21;8;16;0;1;7;8;1;9;10;3;1;1;3;3;23;
Amar'e Stoudemire;F;20:55;4;6;0;0;5;6;1;5;6;2;0;2;2;4;13;
Tyson Chandler;C;29:39;2;2;0;0;0;2;1;4;5;1;1;2;2;4;4;
Raymond Felton;G;20:23;2;5;1;4;0;0;2;1;3;3;1;0;1;0;5;
J.R. Smith;G;35:21;9;16;6;12;0;0;0;8;8;6;1;0;1;3;24;
Iman Shumpert;;24:06;4;6;0;2;2;3;1;2;3;2;5;0;2;5;10;
Tim Hardaway Jr.;;27:33;7;10;3;5;0;0;1;0;1;0;0;0;0;1;17;
Pablo Prigioni;;20:30;2;2;1;1;1;1;1;1;2;3;0;0;2;2;6;
Jeremy Tyler;;6:03;3;5;0;0;0;0;1;1;2;0;0;0;0;1;6;
Cole Aldrich;;6:03;0;0;0;0;0;0;0;0;0;0;0;0;0;1;0;
Shannon Brown;;6:03;0;1;0;0;0;0;0;0;0;0;2;0;0;0;0;
Toure Murry;;6:03;1;1;0;0;0;0;0;1;1;1;0;0;2;1;2;
