01-10;WAS-IND;66-93;
18-18;19-27;14-20;15-28;
WAS
Trevor Ariza;F;32:60;3;10;1;5;0;4;2;4;6;5;1;0;2;3;7;
Trevor Booker;F;17:56;1;4;0;0;1;4;1;4;5;0;1;0;3;3;3;
Marcin Gortat;C;30:00;2;8;0;0;0;0;3;6;9;1;0;2;1;3;4;
Bradley Beal;G;28:20;6;18;3;4;2;4;0;2;2;0;2;2;3;3;17;
John Wall;G;38:45;4;15;1;2;4;6;0;7;7;3;1;1;2;2;13;
Nene;;28:52;6;15;0;0;0;3;1;4;5;4;1;1;1;4;12;
Martell Webster;;24:30;1;2;0;1;2;2;0;2;2;0;1;0;2;2;4;
Garrett Temple;;9:15;1;2;0;0;0;0;0;1;1;0;0;0;0;1;2;
Otto Porter;;7:41;1;3;0;1;0;0;0;1;1;0;0;0;0;0;2;
Jan Vesely;;15:18;0;0;0;0;0;0;1;2;3;0;1;0;0;2;0;
Kevin Seraphin;;3:28;1;3;0;0;0;0;0;0;0;0;0;1;0;1;2;
Chris Singleton;;2:55;0;1;0;1;0;0;0;0;0;0;0;0;0;1;0;
IND
Paul George;F;38:25;2;14;0;2;4;4;2;12;14;6;2;0;1;1;8;
David West;F;27:16;9;13;0;0;2;4;3;5;8;2;1;0;0;1;20;
Roy Hibbert;C;31:11;4;10;1;1;3;4;2;4;6;2;1;0;0;4;12;
Lance Stephenson;G;33:57;5;9;1;1;0;2;1;9;10;5;0;0;5;3;11;
George Hill;G;28:44;2;5;1;2;0;2;0;6;6;4;1;0;3;3;5;
Danny Granger;;18:39;1;7;0;4;0;0;0;3;3;2;0;0;3;4;2;
Luis Scola;;18:26;4;11;0;0;2;2;1;5;6;1;0;0;1;1;10;
Ian Mahinmi;;16:01;2;6;0;0;1;3;1;5;6;0;1;1;1;4;5;
CJ Watson;;17:23;6;6;3;3;1;1;1;1;2;2;0;0;1;1;16;
Rasual Butler;;2:40;1;1;0;0;0;0;0;0;0;0;0;0;0;0;2;
Chris Copeland;;2:40;1;1;0;0;0;0;0;0;0;0;0;0;0;0;2;
Orlando Johnson;;2:19;0;0;0;0;0;0;0;0;0;0;0;0;0;0;0;
Donald Sloan;;2:19;0;0;0;0;0;0;0;0;0;1;0;0;0;0;0;
