12-20;UTA-ATL;85-118;
16-30;18-25;24-30;27-33;
UTA
Richard Jefferson;F;17:30;3;4;0;1;2;2;0;2;2;3;1;0;0;1;8;
Marvin Williams;F;17:55;2;7;2;4;0;0;2;4;6;0;0;1;2;3;6;
Derrick Favors;C;20:35;3;7;0;0;0;0;1;7;8;2;0;0;1;2;6;
Gordon Hayward;G;29:05;4;14;1;4;2;2;1;1;2;3;0;3;2;0;11;
Trey Burke;G;20:27;1;8;0;3;0;0;1;2;3;3;0;0;1;3;2;
Alec Burks;;28:17;6;12;0;1;1;2;1;2;3;4;1;0;1;3;13;
Diante Garrett;;13:50;0;1;0;1;0;0;1;2;3;2;0;0;1;0;0;
Enes Kanter;;27:25;5;11;0;0;3;5;5;8;13;1;1;2;3;0;13;
Jeremy Evans;;22:41;4;10;0;0;2;2;3;2;5;1;0;1;1;3;10;
Brandon Rush;;16:06;0;4;0;1;0;0;1;2;3;1;0;1;2;0;0;
John Lucas III;;18:45;4;13;0;3;0;0;0;0;0;1;3;0;1;0;8;
Michael Harris;;7:24;3;3;0;0;2;2;1;0;1;0;0;0;0;2;8;
ATL
DeMarre Carroll;F;26:17;2;7;0;2;0;1;1;4;5;4;4;1;0;2;4;
Paul Millsap;F;26:50;4;10;0;3;6;8;3;7;10;3;1;1;1;1;14;
Al Horford;C;22:38;11;15;0;0;1;3;1;3;4;1;0;0;1;2;23;
Kyle Korver;G;23:32;2;5;2;3;0;0;0;3;3;2;0;0;1;1;6;
Jeff Teague;G;24:46;3;8;0;1;3;3;1;1;2;8;1;0;2;2;9;
Elton Brand;;19:30;2;2;0;0;0;0;1;7;8;1;0;5;0;4;4;
Lou Williams;;23:59;8;13;6;10;3;4;0;2;2;2;4;0;0;1;25;
Shelvin Mack;;15:10;3;6;0;1;0;0;0;1;1;2;0;0;1;1;6;
John Jenkins;;17:10;3;8;0;1;1;1;2;1;3;2;0;0;1;1;7;
Mike Scott;;21:10;3;5;1;3;4;4;1;5;6;3;0;0;0;0;11;
Pero Antic;;10:54;3;4;1;2;0;0;0;2;2;1;0;0;2;4;7;
Dennis Schroder;;8:04;1;3;0;0;0;0;0;0;0;3;0;0;1;1;2;
