02-01;MIN-ATL;113-120;
24-25;30-23;21-38;38-34;
MIN
Corey Brewer;F;31:42;5;7;0;0;0;0;1;2;3;5;1;0;3;4;10;
Kevin Love;F;38:00;12;22;2;3;17;18;6;13;19;1;1;0;3;0;43;
Ronny Turiaf;C;22:59;2;4;0;0;1;2;3;4;7;1;0;5;4;2;5;
Kevin Martin;G;23:02;5;14;1;3;6;7;0;0;0;1;0;0;1;3;17;
Ricky Rubio;G;31:36;1;3;0;1;3;4;0;4;4;11;5;0;3;6;5;
Dante Cunningham;;25:01;2;5;0;0;2;2;1;2;3;0;1;1;0;3;6;
Jose Juan Barea;;16:29;5;11;2;4;0;0;0;2;2;4;0;0;2;2;12;
Alexey Shved;;22:40;3;9;1;4;2;4;2;3;5;1;1;0;1;2;9;
A.J. Price;;5:00;0;3;0;1;0;0;0;1;1;0;0;0;0;0;0;
Luc Mbah a Moute;;10:00;1;3;0;0;2;2;0;1;1;0;0;1;0;2;4;
Chase Budinger;;13:30;1;3;0;0;0;0;1;0;1;1;0;0;0;0;2;
ATL
DeMarre Carroll;F;30:56;6;15;2;6;5;6;3;2;5;4;3;0;0;2;19;
Paul Millsap;F;31:43;9;18;0;2;2;3;4;9;13;2;3;1;5;6;20;
Gustavo Ayon;C;20:26;1;4;0;0;0;0;1;3;4;1;1;0;2;4;2;
Kyle Korver;G;35:57;7;9;3;5;7;8;0;4;4;3;0;1;1;1;24;
Jeff Teague;G;31:30;6;15;1;3;6;6;1;2;3;8;3;1;1;4;19;
Elton Brand;;22:19;4;10;0;1;0;1;2;5;7;0;0;1;0;4;8;
Lou Williams;;22:37;2;5;1;2;2;2;1;3;4;5;1;0;1;3;7;
Shelvin Mack;;17:10;3;7;1;2;0;0;0;0;0;2;1;0;2;1;7;
Dennis Schroder;;6:09;0;0;0;0;0;0;0;2;2;2;0;0;0;0;0;
Mike Scott;;21:13;5;9;1;2;3;4;3;3;6;3;0;0;1;2;14;
