12-06;OKC-NOP;109-95;
24-26;34-26;22-16;29-27;
OKC
Kevin Durant;F;36:08;11;17;2;5;5;5;0;8;8;4;2;3;2;1;29;
Serge Ibaka;F;37:55;5;12;0;0;7;8;3;10;13;0;1;3;3;3;17;
Kendrick Perkins;C;14:41;1;2;0;0;0;0;1;0;1;2;0;1;0;0;2;
Thabo Sefolosha;G;26:35;4;5;0;0;1;2;0;3;3;1;0;1;0;1;9;
Russell Westbrook;G;33:37;8;16;3;8;6;7;0;1;1;4;4;0;4;2;25;
Nick Collison;;24:18;2;4;0;1;2;5;0;2;2;1;0;2;3;3;6;
Reggie Jackson;;29:24;6;13;1;3;2;2;1;3;4;4;2;0;2;1;15;
Jeremy Lamb;;14:32;1;5;0;2;0;0;1;1;2;1;0;1;0;5;2;
Derek Fisher;;13:28;1;2;1;2;1;1;0;3;3;3;0;0;0;5;4;
Ryan Gomes;;5:24;0;0;0;0;0;0;0;1;1;0;0;0;0;0;0;
Steven Adams;;3:58;0;1;0;0;0;0;1;2;3;0;0;0;0;1;0;
NOP
Al-Farouq Aminu;F;35:26;3;14;0;1;1;2;5;5;10;3;0;0;2;3;7;
Ryan Anderson;F;38:32;5;17;1;6;7;8;3;1;4;2;2;1;2;0;18;
Jason Smith;C;24:13;2;8;0;0;0;2;1;11;12;1;0;0;0;3;4;
Eric Gordon;G;33:48;7;14;1;1;1;3;0;1;1;3;1;1;3;4;16;
Jrue Holiday;G;32:51;6;12;0;2;4;5;4;4;8;6;4;0;5;3;16;
Jeff Withey;;9:02;0;1;0;0;2;2;3;0;3;1;0;0;0;2;2;
Tyreke Evans;;12:56;3;8;0;2;5;5;0;2;2;0;1;0;2;0;11;
Anthony Morrow;;19:05;3;5;0;1;4;5;0;2;2;0;0;0;1;2;10;
Darius Miller;;5:24;0;1;0;1;0;0;0;1;1;0;0;0;0;0;0;
Brian Roberts;;12:23;3;4;1;2;2;2;0;1;1;1;0;0;0;2;9;
Lou Amundson;;8:03;1;3;0;0;0;0;3;1;4;0;1;1;1;1;2;
Austin Rivers;;5:49;0;1;0;0;0;0;0;0;0;1;0;0;0;1;0;
Josh Childress;;2:28;0;0;0;0;0;0;0;1;1;1;0;0;0;0;0;
