12-07;SAC-UTA;112-102;
23-24;24-26;27-20;23-27;15-5;
SAC
Derrick Williams;F;26:35;2;6;0;0;4;5;1;3;4;1;1;0;0;4;8;
Jason Thompson;F;28:37;3;9;0;0;5;6;2;3;5;1;1;1;0;2;11;
DeMarcus Cousins;C;27:22;10;15;0;0;8;10;1;6;7;3;2;3;4;4;28;
Ben McLemore;G;38:00;6;17;1;6;2;4;0;9;9;1;2;1;0;3;15;
Greivis Vasquez;G;21:06;1;5;0;0;2;2;0;1;1;4;0;0;0;1;4;
Charles Hayes;;19:09;2;6;0;0;1;1;3;5;8;2;0;1;1;1;5;
John Salmons;;27:57;1;8;0;2;0;0;1;2;3;5;1;0;2;4;2;
Patrick Patterson;;22:48;3;6;1;3;0;0;2;5;7;1;0;0;0;1;7;
Isaiah Thomas;;31:54;8;14;1;3;9;10;0;1;1;8;4;0;3;3;26;
Marcus Thornton;;15:03;2;7;0;1;0;0;1;1;2;0;0;1;0;0;4;
Hamady Ndiaye;;1:48;0;0;0;0;0;0;1;0;1;0;0;0;0;3;0;
Travis Outlaw;;4:41;1;1;0;0;0;0;1;0;1;0;0;0;0;0;2;
UTA
Richard Jefferson;F;29:59;5;11;3;5;0;0;1;5;6;1;0;0;2;4;13;
Jeremy Evans;F;29:16;4;9;0;0;0;0;4;5;9;0;0;2;0;6;8;
Enes Kanter;C;36:38;6;11;0;0;0;0;0;7;7;2;1;4;3;6;12;
Gordon Hayward;G;43:37;6;17;2;4;8;10;1;3;4;3;1;2;1;1;22;
Trey Burke;G;44:08;5;19;2;8;7;7;1;9;10;7;2;0;4;3;19;
Michael Harris;;17:38;3;4;0;0;0;0;0;0;0;1;1;1;0;6;6;
Andris Biedrins;;13:31;0;0;0;0;1;6;0;4;4;0;0;0;1;1;1;
Alec Burks;;37:17;6;12;1;1;6;7;2;2;4;5;0;0;5;3;19;
Diante Garrett;;10:51;1;5;0;1;0;0;1;2;3;1;0;0;0;0;2;
Rudy Gobert;;2:05;0;1;0;0;0;0;2;1;3;0;0;0;0;2;0;
