03-06;LAC-LAL;142-94;
29-27;44-13;36-20;33-34;
LAC
Matt Barnes;F;30:06;7;13;3;7;0;0;2;10;12;5;3;0;1;2;17;
Blake Griffin;F;25:47;8;12;0;0;4;6;2;9;11;7;2;0;5;3;20;
DeAndre Jordan;C;22:02;6;9;0;0;2;4;4;8;12;3;0;0;2;2;14;
Darren Collison;G;29:33;9;16;1;3;5;5;2;2;4;3;2;0;1;2;24;
Chris Paul;G;26:02;6;12;1;3;0;1;1;3;4;11;4;1;3;1;13;
Glen Davis;;18:32;5;7;0;0;0;0;1;1;2;1;1;1;1;1;10;
Willie Green;;27:34;3;9;1;3;2;2;1;5;6;2;0;0;2;1;9;
Danny Granger;;17:54;4;8;0;2;2;2;1;1;2;1;0;0;2;4;10;
Hedo Turkoglu;;22:13;3;6;3;5;0;0;0;8;8;1;2;2;0;2;9;
Reggie Bullock;;12:51;4;7;3;3;0;0;1;1;2;0;2;0;0;2;11;
Ryan Hollins;;7:26;2;4;0;0;1;2;1;0;1;0;0;1;0;1;5;
LAL
Kent Bazemore;F;32:07;4;9;1;4;5;10;1;1;2;6;1;1;5;3;14;
Wesley Johnson;F;30:01;1;9;0;7;0;0;1;3;4;1;4;1;2;4;2;
Pau Gasol;C;25:13;8;15;0;0;5;6;1;6;7;1;0;0;2;2;21;
Jodie Meeks;G;31:19;3;11;0;2;1;1;0;0;0;1;0;0;1;1;7;
Kendall Marshall;G;23:41;3;8;1;4;0;0;0;4;4;7;1;0;4;0;7;
Jordan Farmar;;21:10;1;5;1;3;1;2;0;0;0;3;0;0;3;2;4;
Xavier Henry;;19:19;5;10;3;3;2;2;0;5;5;3;1;0;1;2;15;
Robert Sacre;;22:47;4;7;0;0;0;0;1;2;3;1;0;0;2;2;8;
MarShon Brooks;;13:15;3;8;1;5;0;0;0;2;2;3;1;0;2;0;7;
Ryan Kelly;;21:08;2;4;1;2;4;5;0;6;6;0;1;0;0;0;9;
