03-30;MEM-POR;98-105;
23-25;22-32;25-29;28-19;
MEM
Tayshaun Prince;F;27:19;2;3;0;1;0;0;0;3;3;2;0;0;1;0;4;
Zach Randolph;F;35:47;10;17;0;0;1;2;4;3;7;3;2;0;4;4;21;
Marc Gasol;C;35:57;8;17;0;1;4;6;2;3;5;4;0;1;1;5;20;
Courtney Lee;G;20:23;3;5;0;1;0;0;0;3;3;3;2;0;1;3;6;
Mike Conley;G;37:33;6;19;2;6;2;4;2;3;5;9;3;0;1;0;16;
Tony Allen;;10:14;2;5;0;0;0;0;2;3;5;0;1;0;0;1;4;
Mike Miller;;27:51;5;9;2;5;0;0;0;4;4;2;2;1;1;1;12;
Kosta Koufos;;8:16;1;4;0;0;0;0;1;1;2;0;0;0;0;1;2;
Nick Calathes;;6:05;0;2;0;0;0;0;0;1;1;2;0;0;0;0;0;
Ed Davis;;10:46;1;2;0;0;3;4;1;1;2;1;0;0;1;0;5;
Beno Udrih;;7:43;0;1;0;0;0;0;0;1;1;0;0;0;0;2;0;
James Johnson;;12:06;3;5;1;3;1;2;1;2;3;2;1;0;0;2;8;
POR
Nicolas Batum;F;35:40;5;11;0;2;0;0;0;5;5;6;0;0;1;3;10;
LaMarcus Aldridge;F;33:18;10;20;0;0;8;8;1;3;4;0;1;0;0;3;28;
Robin Lopez;C;35:38;3;6;0;0;3;3;5;5;10;1;0;3;1;0;9;
Wesley Matthews;G;32:27;4;9;2;4;5;5;0;3;3;5;1;0;2;2;15;
Damian Lillard;G;37:55;4;10;2;5;3;4;0;4;4;5;2;0;4;0;13;
Thomas Robinson;;14:52;4;4;0;0;0;1;0;3;3;1;0;0;0;3;8;
Mo Williams;;28:46;7;9;1;3;2;2;0;1;1;4;2;0;4;3;17;
Will Barton;;8:47;2;5;0;0;0;0;1;1;2;0;0;0;0;0;4;
Dorell Wright;;12:37;0;1;0;1;1;2;0;7;7;1;0;0;1;2;1;
