01-15;MIA-WAS;97-114;
18-43;30-26;29-17;20-28;
MIA
LeBron James;F;41:04;8;18;0;4;9;10;2;6;8;7;2;0;4;1;25;
Shane Battier;F;19:19;1;5;1;4;0;0;1;1;2;0;0;1;0;3;3;
Chris Bosh;C;35:54;10;19;3;6;3;3;3;4;7;2;1;0;0;2;26;
Dwyane Wade;G;32:52;4;11;0;0;0;0;1;5;6;5;0;0;3;0;8;
Norris Cole;G;39:35;6;13;1;5;2;2;0;2;2;7;3;0;2;4;15;
Udonis Haslem;;20:44;1;2;0;0;0;0;0;6;6;0;0;0;0;3;2;
Ray Allen;;25:15;0;5;0;4;0;0;0;1;1;1;0;0;2;3;0;
Michael Beasley;;6:54;3;6;0;0;0;0;1;0;1;0;0;0;0;2;6;
Roger Mason Jr.;;6:45;0;0;0;0;0;0;0;0;0;0;0;0;1;0;0;
Greg Oden;;8:24;2;3;0;0;2;2;1;1;2;0;0;0;0;1;6;
James Jones;;2:20;2;2;2;2;0;0;0;0;0;0;0;0;0;0;6;
Rashard Lewis;;0:54;0;0;0;0;0;0;0;0;0;0;0;0;0;0;0;
WAS
Trevor Ariza;F;35:27;4;7;2;4;0;0;0;4;4;5;2;0;2;0;10;
Nene;F;34:22;6;15;0;0;7;9;0;4;4;9;2;2;1;3;19;
Marcin Gortat;C;31:03;6;11;0;0;0;0;3;6;9;0;0;3;1;2;12;
Bradley Beal;G;28:37;7;13;2;5;3;3;0;5;5;4;0;0;0;3;19;
John Wall;G;36:55;7;14;3;6;8;8;0;5;5;9;0;2;4;4;25;
Trevor Booker;;28:35;5;5;0;0;3;4;4;7;11;2;1;0;0;1;13;
Martell Webster;;31:14;4;8;3;7;0;0;0;2;2;0;1;0;3;4;11;
Garrett Temple;;11:05;1;1;0;0;1;2;0;1;1;1;1;0;1;2;3;
Kevin Seraphin;;0:54;0;0;0;0;0;0;0;0;0;0;0;0;0;0;0;
Chris Singleton;;0:54;1;1;0;0;0;0;0;0;0;0;0;0;0;0;2;
Otto Porter;;0:54;0;0;0;0;0;0;0;0;0;0;0;0;0;0;0;
