02-24;LAC-NOP;123-110;
32-26;29-27;32-25;30-32;
LAC
Matt Barnes;F;34:20;4;6;2;3;2;2;0;3;3;3;0;1;0;2;12;
Blake Griffin;F;33:04;6;12;0;2;10;14;0;4;4;3;1;0;4;5;22;
DeAndre Jordan;C;37:05;7;10;0;0;0;1;7;9;16;2;1;4;1;3;14;
Jamal Crawford;G;33:59;8;17;7;12;1;1;0;0;0;5;0;0;2;3;24;
Chris Paul;G;30:20;6;10;0;0;7;7;0;4;4;13;2;0;0;4;19;
Darren Collison;;21:54;5;10;1;1;1;1;1;1;2;3;0;0;2;1;12;
Jared Dudley;;17:27;2;5;1;1;0;0;1;1;2;4;0;0;0;1;5;
Hedo Turkoglu;;14:56;4;10;4;7;0;0;1;3;4;1;0;0;0;4;12;
Ryan Hollins;;10:53;0;0;0;0;0;0;0;2;2;0;0;0;0;5;0;
Reggie Bullock;;6:03;1;3;1;2;0;0;0;3;3;0;0;0;0;0;3;
NOP
Al-Farouq Aminu;F;20:35;4;9;1;2;3;3;3;1;4;2;0;0;1;2;12;
Anthony Davis;F;38:03;7;16;0;1;12;13;1;10;11;2;0;2;1;4;26;
Greg Stiemsma;C;11:25;1;2;0;0;0;0;2;4;6;1;1;0;0;2;2;
Eric Gordon;G;23:01;4;6;2;4;0;0;0;0;0;1;0;0;1;3;10;
Brian Roberts;G;18:40;1;4;0;2;2;2;2;1;3;7;0;1;2;0;4;
Alexis Ajinca;;26:39;7;13;0;0;5;6;6;6;12;1;0;1;0;5;19;
Tyreke Evans;;29:17;4;13;0;1;0;2;0;4;4;5;0;0;1;1;8;
Austin Rivers;;29:23;3;8;1;3;3;3;0;2;2;3;1;1;1;4;10;
Luke Babbitt;;14:04;1;3;1;1;0;0;1;1;2;2;0;2;1;1;3;
Anthony Morrow;;22:21;4;10;2;4;3;4;1;1;2;0;0;0;1;0;13;
Jeff Withey;;6:33;1;3;0;0;1;2;4;0;4;0;0;0;0;1;3;
