03-24;POR-MIA;91-93;
25-22;17-24;19-26;30-21;
POR
Nicolas Batum;F;40:03;4;8;3;7;0;0;2;8;10;3;1;0;5;2;11;
Dorell Wright;F;18:53;2;7;2;6;1;2;1;2;3;1;0;0;3;1;7;
Robin Lopez;C;33:06;3;6;0;0;4;4;3;5;8;2;0;1;2;3;10;
Wesley Matthews;G;36:10;6;15;3;11;0;0;0;2;2;0;0;0;2;2;15;
Damian Lillard;G;40:18;3;15;1;8;12;14;1;3;4;6;2;0;1;2;19;
Mo Williams;;32:04;5;12;2;6;5;5;0;4;4;2;2;0;0;1;17;
Meyers Leonard;;14:54;0;2;0;0;0;0;0;5;5;2;1;0;0;4;0;
Thomas Robinson;;14:58;3;5;0;0;2;2;3;3;6;1;0;0;2;2;8;
Will Barton;;9:34;2;4;0;1;0;0;0;2;2;1;0;1;0;0;4;
MIA
LeBron James;F;38:22;13;23;0;1;6;9;4;2;6;5;4;0;5;2;32;
Chris Bosh;F;31:58;5;10;2;3;3;6;0;8;8;0;4;1;0;2;15;
Greg Oden;C;15:13;2;4;0;0;0;2;0;3;3;0;1;0;1;4;4;
Toney Douglas;G;18:00;0;3;0;2;0;0;1;1;2;3;1;0;0;3;0;
Mario Chalmers;G;30:40;5;9;1;3;0;0;0;6;6;3;3;0;0;2;11;
Ray Allen;;32:11;3;10;2;4;0;0;0;3;3;3;0;0;0;2;8;
Chris Andersen;;23:15;4;8;0;0;5;6;5;6;11;0;1;2;1;5;13;
Norris Cole;;27:14;4;10;0;2;0;0;0;0;0;2;0;0;1;3;8;
Shane Battier;;8:12;0;2;0;0;0;0;3;1;4;0;0;0;1;0;0;
Michael Beasley;;14:55;1;5;0;0;0;0;0;5;5;0;0;1;0;1;2;
