01-02;BOS-CHI;82-94;
21-24;24-24;17-22;20-24;
BOS
Jeff Green;F;30:24;5;18;1;4;0;0;2;3;5;0;0;1;1;4;11;
Brandon Bass;F;22:27;3;8;0;0;0;0;1;2;3;0;0;2;3;1;6;
Jared Sullinger;C;31:13;5;12;0;2;1;1;6;5;11;1;1;0;3;4;11;
Avery Bradley;G;29:38;3;10;0;0;3;6;1;5;6;1;2;1;2;2;9;
Jordan Crawford;G;38:05;7;11;0;2;8;10;0;3;3;7;0;0;5;3;22;
Kris Humphries;;25:33;4;10;0;0;1;2;1;10;11;3;2;4;0;5;9;
Kelly Olynyk;;7:41;1;1;1;1;0;0;1;0;1;0;0;0;0;1;3;
Courtney Lee;;19:35;3;5;0;1;1;2;0;5;5;2;1;0;1;2;7;
Gerald Wallace;;17:36;0;0;0;0;0;0;0;1;1;1;0;0;1;1;0;
Phil Pressey;;8:43;0;1;0;1;0;0;0;1;1;0;0;0;1;1;0;
Vitor Faverani;;9:06;1;5;0;1;2;2;1;0;1;0;1;0;2;2;4;
CHI
Luol Deng;F;28:38;6;12;0;2;2;2;1;2;3;3;1;0;1;0;14;
Carlos Boozer;F;29:51;8;16;0;0;0;0;0;7;7;0;1;0;1;3;16;
Joakim Noah;C;33:59;6;13;0;1;5;6;6;5;11;9;1;1;2;2;17;
Jimmy Butler;G;33:29;2;7;0;2;6;8;2;4;6;2;2;1;1;5;10;
Kirk Hinrich;G;28:25;2;7;0;3;0;0;0;1;1;4;0;0;1;3;4;
Taj Gibson;;27:21;5;13;0;0;2;4;1;4;5;1;0;2;2;3;12;
Mike Dunleavy;;22:32;4;7;2;2;1;2;1;3;4;2;2;2;0;0;11;
D.J. Augustin;;25:36;1;6;0;3;6;6;0;3;3;4;0;0;4;2;8;
Tony Snell;;6:00;0;2;0;2;0;0;0;0;0;1;0;0;1;0;0;
Nazr Mohammed;;4:10;1;1;0;0;0;0;1;0;1;0;0;0;0;1;2;
