12-31;SAC-HOU;110-106;
29-24;29-28;22-34;30-20;
SAC
Rudy Gay;F;42:10;9;19;1;4;6;6;2;4;6;2;1;0;2;4;25;
Jason Thompson;F;28:00;3;3;0;0;2;2;2;1;3;1;1;0;0;4;8;
DeMarcus Cousins;C;33:23;7;13;0;0;3;4;2;14;16;2;4;1;4;3;17;
Ben McLemore;G;25:07;5;12;2;7;1;2;1;3;4;3;0;0;0;5;13;
Isaiah Thomas;G;35:11;6;17;1;4;4;6;0;1;1;10;1;0;0;1;17;
Aaron Gray;;8:17;0;0;0;0;0;0;0;2;2;0;0;0;1;2;0;
Marcus Thornton;;19:60;6;9;3;5;0;0;2;1;3;2;1;0;1;4;15;
Derrick Williams;;18:30;0;1;0;0;0;0;0;1;1;2;1;1;2;0;0;
Travis Outlaw;;6:43;0;0;0;0;0;0;0;0;0;0;0;0;1;1;0;
Jimmer Fredette;;13:11;4;8;0;2;2;2;0;0;0;0;0;0;1;1;10;
Quincy Acy;;9:28;2;3;0;0;1;1;0;3;3;0;0;0;1;1;5;
HOU
Chandler Parsons;F;40:09;5;11;1;7;2;6;1;4;5;1;1;1;3;4;13;
Terrence Jones;F;35:49;6;10;0;2;0;0;2;9;11;1;2;4;2;2;12;
Dwight Howard;C;44:42;5;9;0;0;5;11;3;5;8;2;0;1;3;3;15;
James Harden;G;38:42;12;26;5;11;9;10;3;7;10;1;2;0;5;5;38;
Jeremy Lin;G;34:36;7;10;0;2;0;0;0;2;2;6;2;1;2;4;14;
Aaron Brooks;;14:38;1;5;0;3;2;2;2;0;2;3;0;0;0;3;4;
Omri Casspi;;15:28;2;7;1;1;1;2;3;2;5;2;3;0;1;1;6;
Francisco Garcia;;15:56;1;3;0;2;2;2;0;0;0;0;0;0;0;1;4;
