11-01;PHI-WAS;109-102;
21-33;23-21;30-20;35-28;
PHI
Evan Turner;F;34:45;10;18;0;2;3;4;2;4;6;4;2;0;4;3;23;
Thaddeus Young;F;32:12;14;20;0;0;1;2;3;5;8;2;1;0;3;1;29;
Spencer Hawes;C;33:07;6;12;3;6;1;2;1;13;14;5;1;1;1;4;16;
James Anderson;G;34:21;1;5;1;5;0;1;0;2;2;6;2;1;1;0;3;
Michael Carter-Williams;G;32:15;6;15;2;6;0;2;0;3;3;5;1;0;2;4;14;
Tony Wroten;;19:01;4;10;0;2;2;3;1;4;5;1;1;0;4;1;10;
Lavoy Allen;;19:16;5;6;0;0;0;0;2;2;4;2;0;0;1;0;10;
Hollis Thompson;;10:26;0;2;0;1;0;0;0;0;0;0;0;1;0;1;0;
Daniel Orton;;11:25;0;0;0;0;0;0;0;3;3;0;0;3;1;0;0;
Darius Morris;;13:12;2;6;0;1;0;0;0;1;1;1;0;0;2;3;4;
WAS
Trevor Ariza;F;39:14;5;15;1;7;1;2;5;9;14;6;2;0;2;3;12;
Trevor Booker;F;28:18;5;7;0;0;0;0;3;5;8;2;2;1;2;1;10;
Marcin Gortat;C;36:39;5;10;0;0;2;4;2;5;7;1;1;3;4;2;12;
Bradley Beal;G;35:30;4;18;2;5;0;1;1;2;3;3;1;1;5;2;10;
John Wall;G;33:56;10;19;2;3;4;6;0;5;5;6;3;0;2;3;26;
Al Harrington;;15:53;2;4;1;3;2;2;0;3;3;1;3;0;1;1;7;
Eric Maynor;;14:04;2;4;0;1;0;0;2;0;2;4;0;0;0;2;4;
Kevin Seraphin;;11:21;4;8;0;0;0;0;1;1;2;0;0;0;1;2;8;
Martell Webster;;24:11;4;9;3;7;2;2;1;1;2;0;2;1;0;0;13;
Garrett Temple;;0:55;0;0;0;0;0;0;0;0;0;0;0;0;0;0;0;
