12-18;MEM-DAL;91-105;
21-27;18-25;27-26;25-27;
MEM
Mike Miller;F;29:51;3;5;2;4;0;0;1;3;4;2;0;0;1;1;8;
Zach Randolph;F;31:30;5;18;0;1;4;6;6;3;9;3;0;0;2;3;14;
Kosta Koufos;C;17:55;3;9;0;0;0;1;4;3;7;1;1;1;1;4;6;
Tony Allen;G;32:42;7;17;0;1;2;3;10;1;11;3;3;0;4;4;16;
Jerryd Bayless;G;33:51;3;13;0;5;1;1;0;5;5;6;3;0;1;2;7;
Jon Leuer;;23:09;6;10;2;2;0;0;0;1;1;1;1;0;1;5;14;
Ed Davis;;23:04;6;11;0;0;0;1;1;1;2;0;0;0;2;2;12;
Nick Calathes;;17:44;0;4;0;1;0;0;0;1;1;4;1;1;2;2;0;
Jamaal Franklin;;9:54;1;1;1;1;0;0;0;1;1;1;1;0;0;1;3;
James Johnson;;20:20;3;5;3;3;2;2;0;2;2;2;1;0;1;1;11;
DAL
Shawn Marion;F;30:36;5;10;0;0;0;0;1;6;7;1;1;1;1;3;10;
Dirk Nowitzki;F;27:04;9;15;0;1;2;2;1;5;6;5;2;1;2;3;20;
DeJuan Blair;C;19:31;3;6;0;0;0;1;2;3;5;2;1;0;1;1;6;
Monta Ellis;G;32:26;6;12;1;4;5;5;1;3;4;4;3;0;3;3;18;
Jose Calderon;G;32:03;5;7;2;4;0;0;0;1;1;3;0;0;0;1;12;
Vince Carter;;29:44;4;6;1;2;5;6;1;3;4;6;0;1;2;2;14;
Brandan Wright;;13:14;0;3;0;0;4;4;1;1;2;0;0;3;1;0;4;
Jae Crowder;;21:07;3;6;0;2;2;2;0;5;5;0;2;2;1;1;8;
Shane Larkin;;13:57;2;4;1;2;0;0;0;0;0;2;0;0;2;0;5;
Wayne Ellington;;3:06;0;1;0;0;0;0;0;0;0;1;0;0;0;0;0;
Samuel Dalembert;;13:20;3;3;0;0;2;3;4;3;7;1;2;2;2;2;8;
Gal Mekel;;1:56;0;0;0;0;0;0;0;0;0;0;0;0;0;0;0;
Bernard James;;1:56;0;0;0;0;0;0;0;1;1;0;0;0;0;0;0;
