03-03;NYK-DET;85-96;
28-20;16-19;20-30;21-27;
NYK
Carmelo Anthony;F;40:43;11;21;4;7;2;4;0;5;5;2;3;0;6;4;28;
Amar'e Stoudemire;F;32:08;9;11;0;0;4;4;2;4;6;0;0;0;0;3;22;
Tyson Chandler;C;42:04;3;9;0;0;2;2;5;13;18;2;1;2;1;4;8;
J.R. Smith;G;30:41;5;17;4;11;2;2;0;2;2;1;0;1;1;4;16;
Raymond Felton;G;31:33;1;9;1;3;1;2;1;2;3;5;2;0;4;2;4;
Iman Shumpert;;16:10;2;7;1;3;0;0;1;1;2;1;2;1;0;1;5;
Pablo Prigioni;;15:55;1;2;0;1;0;0;0;1;1;3;0;0;2;3;2;
Tim Hardaway Jr.;;21:38;0;6;0;3;0;0;0;0;0;1;0;0;2;4;0;
Jeremy Tyler;;8:04;0;1;0;0;0;0;2;0;2;0;0;2;0;2;0;
Toure Murry;;0:32;0;0;0;0;0;0;0;0;0;0;0;0;0;0;0;
Cole Aldrich;;0:32;0;0;0;0;0;0;1;0;1;1;0;0;0;0;0;
DET
Josh Smith;F;41:37;5;17;0;2;5;9;1;5;6;2;1;0;3;1;15;
Greg Monroe;F;31:29;4;10;0;0;3;4;2;7;9;1;1;0;2;3;11;
Andre Drummond;C;46:14;6;9;0;0;5;7;7;19;26;0;2;3;0;2;17;
Kyle Singler;G;32:06;3;8;2;5;0;0;1;3;4;2;2;1;1;2;8;
Brandon Jennings;G;29:36;4;10;1;3;0;0;1;1;2;11;0;0;4;1;9;
Rodney Stuckey;;27:18;6;16;0;0;4;4;0;1;1;2;1;0;3;1;16;
Will Bynum;;18:24;5;10;1;2;5;6;1;2;3;3;3;0;3;4;16;
Jonas Jerebko;;10:04;2;3;0;0;0;0;2;1;3;0;0;0;0;0;4;
Kentavious Caldwell-Pope;;3:12;0;0;0;0;0;0;0;0;0;0;1;0;0;0;0;
