01-15;DAL-LAC;127-129;
32-30;30-42;36-28;29-29;
DAL
Shawn Marion;F;32:51;6;9;2;2;0;0;1;5;6;3;0;0;2;4;14;
Dirk Nowitzki;F;32:43;8;22;3;6;8;8;0;8;8;3;0;0;0;4;27;
Samuel Dalembert;C;21:24;9;13;0;0;2;5;7;0;7;2;1;0;1;4;20;
Monta Ellis;G;39:06;6;13;1;2;0;4;1;5;6;13;4;0;3;1;13;
Jose Calderon;G;36:29;6;9;4;6;0;0;0;1;1;3;1;0;1;3;16;
Jae Crowder;;14:44;1;6;0;2;0;0;2;2;4;1;1;0;1;2;2;
DeJuan Blair;;14:31;4;5;0;0;0;1;2;2;4;3;0;2;1;2;8;
Vince Carter;;23:25;2;8;0;4;2;2;1;2;3;7;0;0;0;3;6;
Brandan Wright;;13:03;6;7;0;0;1;1;3;4;7;1;0;0;0;1;13;
Shane Larkin;;5:48;1;3;0;1;0;0;0;1;1;0;0;0;0;0;2;
Wayne Ellington;;5:56;2;2;2;2;0;0;0;0;0;1;0;0;0;0;6;
LAC
Jared Dudley;F;29:47;4;9;2;5;0;0;2;2;4;0;1;1;0;2;10;
Blake Griffin;F;40:04;5;11;0;1;13;16;1;6;7;8;1;0;5;3;23;
DeAndre Jordan;C;39:12;3;6;0;0;1;2;4;9;13;1;1;2;0;1;7;
JJ Redick;G;31:19;10;14;7;9;6;7;1;2;3;5;2;0;1;3;33;
Darren Collison;G;36:12;5;11;1;4;2;3;1;3;4;10;1;0;2;1;13;
Matt Barnes;;29:54;10;18;5;10;0;2;2;5;7;0;0;0;1;3;25;
Jamal Crawford;;27:27;4;13;2;5;6;7;0;0;0;7;0;1;2;4;16;
Darius Morris;;6:06;1;1;0;0;0;0;0;0;0;3;0;0;1;0;2;
