02-21;BOS-LAL;92-101;
28-19;18-25;28-19;18-38;
BOS
Jeff Green;F;32:00;8;17;3;6;2;2;0;3;3;2;1;0;3;5;21;
Brandon Bass;F;32:24;8;15;0;0;4;5;3;5;8;1;1;0;2;1;20;
Jared Sullinger;C;29:33;6;16;0;3;0;0;9;3;12;1;0;0;0;4;12;
Gerald Wallace;G;36:58;5;12;0;3;2;4;0;7;7;3;3;0;3;0;12;
Rajon Rondo;G;34:16;2;12;1;3;1;2;0;6;6;11;1;0;2;3;6;
Kelly Olynyk;;18:27;2;8;0;2;0;0;3;2;5;2;2;0;0;3;4;
Jerryd Bayless;;16:52;2;6;0;2;1;2;1;0;1;1;0;0;1;1;5;
Chris Johnson;;13:35;2;5;0;2;0;0;0;2;2;1;1;0;0;0;4;
Kris Humphries;;15:36;2;3;0;0;2;2;0;2;2;0;1;0;1;1;6;
Phil Pressey;;10:19;1;3;0;1;0;0;0;1;1;1;1;1;2;1;2;
LAL
Wesley Johnson;F;22:58;0;4;0;3;1;2;0;3;3;0;1;1;0;4;1;
Ryan Kelly;F;12:18;0;0;0;0;0;0;0;3;3;0;0;1;1;3;0;
Pau Gasol;C;22:07;6;12;0;0;4;6;1;6;7;3;0;2;1;2;16;
Jodie Meeks;G;22:06;6;15;2;8;2;2;0;1;1;1;0;0;0;1;16;
Kendall Marshall;G;25:27;2;6;1;2;0;0;1;3;4;8;1;0;4;1;5;
Jordan Hill;;27:25;4;7;0;0;2;2;5;7;12;0;0;3;3;2;10;
Kent Bazemore;;33:19;5;10;2;5;3;4;0;3;3;4;2;0;2;0;15;
Jordan Farmar;;25:13;3;9;2;4;0;0;0;3;3;4;0;0;2;1;8;
Chris Kaman;;25:53;7;9;0;0;2;2;2;6;8;3;0;0;2;3;16;
MarShon Brooks;;23:14;7;11;0;0;0;1;0;2;2;0;3;0;3;2;14;
