01-29;OKC-MIA;112-95;
21-30;34-20;36-25;21-20;
OKC
Kevin Durant;F;40:20;12;23;4;9;5;5;0;7;7;5;2;0;4;3;33;
Serge Ibaka;F;33:19;10;20;0;0;2;2;6;2;8;1;1;1;2;1;22;
Kendrick Perkins;C;4:36;0;0;0;0;0;0;0;0;0;0;0;0;0;0;0;
Thabo Sefolosha;G;33:42;3;7;1;3;2;4;1;4;5;4;6;0;1;1;9;
Reggie Jackson;G;29:57;2;7;1;3;4;6;0;3;3;4;2;0;3;3;9;
Jeremy Lamb;;34:56;7;10;4;6;0;0;2;1;3;4;0;0;2;1;18;
Derek Fisher;;18:03;5;7;5;5;0;0;0;3;3;1;1;0;0;1;15;
Nick Collison;;12:55;1;2;0;0;1;2;2;1;3;2;1;0;0;1;3;
Perry Jones;;30:26;1;4;1;1;0;0;0;2;2;2;0;1;0;5;3;
Steven Adams;;1:46;0;0;0;0;0;0;0;0;0;0;0;0;0;0;0;
MIA
LeBron James;F;42:10;12;20;1;5;9;9;1;2;3;3;0;0;3;1;34;
Shane Battier;F;19:00;1;5;1;5;0;0;0;3;3;2;0;0;0;4;3;
Chris Bosh;C;36:12;7;14;1;4;3;4;1;8;9;1;0;0;2;1;18;
Dwyane Wade;G;31:31;7;12;0;1;1;2;1;0;1;2;0;2;4;3;15;
Mario Chalmers;G;25:56;2;4;0;0;0;1;2;4;6;8;1;0;5;1;4;
Ray Allen;;30:38;1;4;0;2;3;4;0;4;4;0;1;0;2;1;5;
Chris Andersen;;19:02;4;5;0;0;0;0;4;3;7;0;0;0;0;2;8;
Norris Cole;;22:44;0;2;0;1;0;0;1;1;2;3;1;0;3;0;0;
Michael Beasley;;7:29;2;5;0;1;2;2;0;2;2;0;0;0;1;1;6;
Udonis Haslem;;1:46;0;0;0;0;0;0;0;0;0;0;0;0;0;0;0;
Toney Douglas;;1:46;1;1;0;0;0;0;0;0;0;0;0;0;0;1;2;
Rashard Lewis;;1:46;0;0;0;0;0;0;0;0;0;1;1;0;0;0;0;
