04-12;MIA-ATL;85-98;
23-28;26-21;13-20;23-29;
MIA
LeBron James;F;37:21;10;22;3;7;4;8;3;5;8;5;0;1;3;2;27;
Udonis Haslem;F;24:28;3;5;0;0;0;0;0;8;8;0;0;0;3;3;6;
Chris Bosh;C;28:00;5;8;1;4;0;0;0;4;4;2;3;0;5;2;11;
Dwyane Wade;G;23:18;10;14;0;1;4;9;1;2;3;1;1;1;2;2;24;
Mario Chalmers;G;29:31;4;10;0;5;1;2;0;5;5;4;1;0;3;4;9;
Norris Cole;;22:08;0;3;0;2;0;0;0;0;0;3;0;0;2;2;0;
Ray Allen;;23:40;1;2;1;2;0;0;0;0;0;1;0;0;0;1;3;
Rashard Lewis;;18:44;1;4;1;4;0;0;1;5;6;1;0;0;1;1;3;
Chris Andersen;;19:37;1;2;0;0;0;0;1;6;7;0;0;2;1;0;2;
Toney Douglas;;13:13;0;3;0;0;0;0;0;3;3;1;0;1;0;3;0;
ATL
DeMarre Carroll;F;36:02;6;12;3;5;2;2;1;5;6;4;2;1;5;5;17;
Paul Millsap;F;35:08;4;10;1;2;2;2;1;7;8;5;2;0;2;4;11;
Elton Brand;C;26:37;3;7;0;0;0;1;1;2;3;2;1;1;1;3;6;
Kyle Korver;G;25:18;1;3;1;2;1;1;0;3;3;0;0;0;2;4;4;
Jeff Teague;G;35:53;9;17;1;3;6;8;0;4;4;3;4;0;0;1;25;
Mike Scott;;32:36;6;14;0;3;0;0;1;6;7;2;2;0;1;3;12;
Lou Williams;;22:32;7;9;4;4;5;5;0;1;1;3;0;0;0;1;23;
Shelvin Mack;;19:37;0;6;0;3;0;0;1;4;5;4;1;0;1;1;0;
Mike Muscala;;1:39;0;0;0;0;0;0;0;0;0;0;0;0;0;0;0;
Cartier Martin;;4:38;0;0;0;0;0;0;0;1;1;1;1;0;0;0;0;
