02-07;MIN-NOP;91-98;
26-25;21-17;24-19;20-37;
MIN
Corey Brewer;F;41:11;6;10;1;2;3;4;0;4;4;0;2;0;2;0;16;
Kevin Love;F;35:31;6;20;0;6;14;17;4;15;19;3;1;0;2;3;26;
Ronny Turiaf;C;21:07;4;5;0;0;0;0;1;2;3;2;0;3;1;3;8;
Kevin Martin;G;34:19;3;11;1;4;8;10;0;3;3;1;2;0;3;1;15;
Ricky Rubio;G;32:40;3;10;1;2;4;4;1;4;5;6;1;1;3;2;11;
Dante Cunningham;;29:27;1;3;0;0;0;0;1;5;6;1;1;1;0;3;2;
Gorgui Dieng;;6:38;1;3;0;0;0;0;0;2;2;0;0;0;0;0;2;
Chase Budinger;;13:41;1;4;0;2;0;0;0;1;1;0;0;0;0;0;2;
Jose Juan Barea;;15:07;3;8;1;2;2;2;0;0;0;0;1;0;4;2;9;
Luc Mbah a Moute;;10:19;0;1;0;0;0;0;1;0;1;1;0;0;0;0;0;
NOP
Al-Farouq Aminu;F;23:14;1;5;0;0;0;0;0;5;5;2;2;0;1;6;2;
Anthony Davis;F;40:49;10;16;0;0;6;8;2;8;10;1;1;1;2;5;26;
Alexis Ajinca;C;13:03;2;2;0;0;0;0;1;5;6;0;0;1;2;4;4;
Eric Gordon;G;37:12;8;15;2;4;2;3;0;1;1;4;3;1;2;0;20;
Brian Roberts;G;29:20;7;13;1;1;1;1;0;4;4;6;0;0;1;3;16;
Tyreke Evans;;20:22;3;10;0;0;1;2;1;2;3;2;0;0;3;1;7;
Greg Stiemsma;;19:11;1;1;0;0;0;0;0;1;1;0;0;3;1;2;2;
Austin Rivers;;15:34;2;6;1;2;2;2;0;1;1;1;2;1;0;2;7;
Anthony Morrow;;21:46;3;6;3;3;0;0;0;1;1;2;0;0;0;1;9;
Luke Babbitt;;19:29;2;7;1;5;0;0;3;3;6;2;0;2;0;4;5;
