01-24;WAS-PHX;101-95;
30-29;21-28;31-19;19-19;
WAS
Trevor Ariza;F;35:43;6;14;3;8;8;8;1;6;7;2;4;0;2;1;23;
Nene;F;33:08;8;15;0;0;2;4;5;3;8;2;1;1;6;3;18;
Marcin Gortat;C;35:43;6;10;0;0;2;4;2;3;5;1;1;2;2;5;14;
Bradley Beal;G;30:56;8;15;1;2;0;0;0;6;6;3;4;0;0;3;17;
John Wall;G;35:06;6;12;2;3;4;5;1;2;3;12;2;1;2;3;18;
Garrett Temple;;23:21;1;6;0;1;1;2;0;1;1;1;1;1;2;3;3;
Trevor Booker;;22:17;3;7;0;0;0;0;6;1;7;0;0;0;1;2;6;
Kevin Seraphin;;4:52;0;1;0;0;0;0;0;1;1;0;0;1;2;2;0;
Otto Porter;;18:54;1;6;0;2;0;0;4;2;6;1;0;1;0;2;2;
PHX
PJ Tucker;F;31:24;2;7;1;4;2;4;1;4;5;1;3;0;1;1;7;
Channing Frye;F;35:52;5;10;4;7;2;2;1;2;3;1;0;0;3;5;16;
Miles Plumlee;C;27:26;7;8;0;0;0;0;2;4;6;0;0;2;4;2;14;
Gerald Green;G;30:43;3;8;0;4;2;2;0;2;2;1;1;1;2;5;8;
Goran Dragic;G;36:06;8;19;1;5;2;2;2;2;4;11;2;0;4;3;19;
Leandro Barbosa;;20:45;4;8;0;0;2;2;1;0;1;1;1;0;1;3;10;
Markieff Morris;;20:42;3;4;1;1;6;9;0;2;2;1;1;0;2;4;13;
Ish Smith;;13:39;0;3;0;0;0;0;2;2;4;2;0;0;0;0;0;
Marcus Morris;;17:06;1;3;0;1;2;2;0;2;2;1;0;0;3;1;4;
Alex Len;;6:17;1;1;0;0;2;2;0;1;1;0;0;0;1;0;4;
