11-13;LAL-DEN;99-111;
28-33;26-27;25-23;20-28;
LAL
Wesley Johnson;F;31:38;3;6;2;3;2;2;2;3;5;2;3;5;2;5;10;
Jordan Hill;F;30:24;6;11;0;0;6;6;8;7;15;0;1;3;0;5;18;
Pau Gasol;C;33:25;12;27;0;0;1;5;2;10;12;3;0;1;2;2;25;
Jodie Meeks;G;27:02;1;5;1;3;0;2;0;0;0;0;0;0;0;2;3;
Steve Blake;G;33:47;5;11;2;4;3;5;0;6;6;11;0;0;3;2;15;
Chris Kaman;;18:32;3;9;0;0;2;2;3;1;4;2;0;0;3;4;8;
Nick Young;;26:27;4;12;2;6;1;1;3;2;5;1;0;0;1;2;11;
Shawne Williams;;8:46;1;4;0;2;0;0;0;2;2;0;0;0;1;3;2;
Xavier Henry;;15:47;2;5;1;2;1;2;1;0;1;0;0;0;1;2;6;
Jordan Farmar;;14:13;0;4;0;1;1;1;0;1;1;1;0;0;1;0;1;
DEN
Jordan Hamilton;F;12:01;1;6;0;3;4;4;2;4;6;1;2;0;0;1;6;
Kenneth Faried;F;29:34;8;13;0;0;5;9;7;6;13;2;0;0;1;2;21;
JJ Hickson;C;17:26;3;11;0;0;0;2;5;3;8;0;1;1;0;3;6;
Randy Foye;G;23:56;3;5;2;3;0;0;1;0;1;4;0;1;2;1;8;
Ty Lawson;G;34:17;7;17;0;3;5;8;3;3;6;7;3;1;1;1;19;
Timofey Mozgov;;27:49;8;12;0;1;7;9;2;7;9;0;0;4;2;2;23;
Darrell Arthur;;18:26;1;4;0;0;0;0;1;3;4;1;1;1;0;3;2;
Wilson Chandler;;21:10;4;11;4;7;0;0;1;4;5;0;2;0;0;3;12;
Nate Robinson;;19:18;1;8;0;2;0;0;0;3;3;2;2;0;1;4;2;
Andre Miller;;21:14;3;10;0;2;1;1;0;2;2;5;0;0;1;0;7;
Evan Fournier;;14:51;1;3;0;0;3;4;1;0;1;1;0;0;0;0;5;
