01-08;IND-ATL;87-97;
12-25;20-24;34-30;21-18;
IND
Danny Granger;F;32:23;4;10;1;5;5;5;2;3;5;3;1;1;3;1;14;
David West;F;33:27;4;11;0;0;0;0;3;8;11;3;1;1;3;3;8;
Roy Hibbert;C;22:22;1;8;0;0;0;0;3;1;4;0;0;1;2;1;2;
Paul George;G;41:39;11;25;3;10;3;4;1;11;12;3;2;0;4;4;28;
George Hill;G;32:51;4;12;2;8;0;0;1;0;1;3;1;0;0;2;10;
Rasual Butler;;16:04;3;4;2;3;0;0;0;1;1;1;1;0;0;3;8;
Luis Scola;;18:41;2;6;0;0;0;0;2;3;5;3;0;1;1;2;4;
CJ Watson;;24:06;4;7;1;1;0;0;1;3;4;3;1;0;2;2;9;
Ian Mahinmi;;18:27;2;4;0;0;0;0;1;2;3;0;0;0;1;3;4;
ATL
DeMarre Carroll;F;38:34;5;8;1;3;0;0;2;2;4;4;3;0;1;5;11;
Paul Millsap;F;32:52;1;10;0;1;2;2;0;6;6;5;1;1;0;1;4;
Pero Antic;C;26:39;6;10;3;6;1;2;0;4;4;1;0;1;0;3;16;
Kyle Korver;G;36:32;6;8;3;5;2;2;0;2;2;2;1;0;1;3;17;
Jeff Teague;G;35:04;5;14;0;3;5;6;0;5;5;6;1;0;3;1;15;
Elton Brand;;19:51;3;5;0;0;2;2;2;2;4;1;1;1;0;0;8;
Lou Williams;;20:54;2;6;1;1;1;2;0;2;2;4;1;0;3;1;6;
Mike Scott;;16:38;5;9;1;2;4;4;1;3;4;1;0;0;0;0;15;
Shelvin Mack;;12:56;1;5;1;2;2;2;1;2;3;3;0;0;2;0;5;
