12-01;MIN-OKC;103-113;
32-26;26-29;25-23;20-35;
MIN
Corey Brewer;F;38:26;5;14;0;6;0;0;1;3;4;3;2;0;3;3;10;
Kevin Love;F;32:27;4;14;3;6;5;7;3;9;12;2;1;0;1;2;16;
Nikola Pekovic;C;37:38;8;17;0;0;6;9;4;6;10;3;1;0;0;1;22;
Kevin Martin;G;39:42;6;16;4;8;8;8;2;4;6;2;2;0;4;2;24;
Ricky Rubio;G;29:22;4;6;0;2;0;0;0;4;4;7;2;0;3;2;8;
Jose Juan Barea;;19:54;4;9;1;4;0;0;0;1;1;2;1;0;0;1;9;
Luc Mbah a Moute;;17:27;1;3;0;0;0;0;1;1;2;0;1;0;0;1;2;
Dante Cunningham;;14:40;3;4;0;0;0;0;0;2;2;1;1;1;1;1;6;
Gorgui Dieng;;5:34;1;2;0;0;0;0;2;1;3;2;1;1;0;0;2;
A.J. Price;;1:21;0;1;0;1;0;0;0;0;0;0;0;0;0;1;0;
Shabazz Muhammad;;1:21;1;3;1;2;1;2;1;0;1;0;0;0;0;0;4;
Alexey Shved;;1:21;0;0;0;0;0;0;0;0;0;0;0;0;0;0;0;
Robbie Hummel;;0:47;0;0;0;0;0;0;1;0;1;0;0;0;0;0;0;
OKC
Kevin Durant;F;44:10;14;21;3;4;1;2;2;8;10;12;4;4;2;3;32;
Serge Ibaka;F;38:28;7;17;0;1;1;1;2;6;8;1;0;3;3;3;15;
Kendrick Perkins;C;21:44;3;4;0;0;0;1;1;3;4;0;0;1;2;5;6;
Thabo Sefolosha;G;23:13;1;2;0;0;0;0;0;3;3;1;1;1;3;2;2;
Russell Westbrook;G;31:33;7;15;4;7;1;2;1;1;2;5;3;1;1;3;19;
Steven Adams;;8:59;1;1;0;0;0;0;1;3;4;1;0;0;0;1;2;
Jeremy Lamb;;16:51;4;8;1;3;0;0;0;2;2;2;0;0;1;2;9;
Nick Collison;;14:49;2;4;0;1;2;2;1;4;5;0;0;0;1;2;6;
Reggie Jackson;;23:36;8;11;1;3;1;1;0;5;5;4;0;0;2;0;18;
Derek Fisher;;15:03;2;4;0;0;0;0;0;0;0;0;0;0;0;1;4;
Perry Jones;;0:47;0;0;0;0;0;0;0;0;0;0;0;0;0;0;0;
Andre Roberson;;0:47;0;0;0;0;0;0;0;0;0;0;0;0;0;0;0;
