02-26;GSW-CHI;83-103;
24-21;21-35;14-24;24-23;
GSW
Andre Iguodala;F;21:05;1;8;0;2;3;4;1;6;7;4;1;0;1;2;5;
Jermaine O'Neal;F;16:26;4;5;0;0;1;2;2;3;5;0;0;1;0;4;9;
Andrew Bogut;C;23:01;4;5;0;0;0;0;1;5;6;0;0;1;4;4;8;
Klay Thompson;G;23:32;3;8;2;4;0;0;1;1;2;1;1;0;0;2;8;
Stephen Curry;G;28:19;2;10;1;5;0;0;0;3;3;5;0;0;5;0;5;
David Lee;;20:38;4;11;0;0;3;5;2;4;6;0;2;2;2;2;11;
Harrison Barnes;;24:28;3;10;1;4;4;4;1;1;2;2;0;1;1;1;11;
Steve Blake;;26:55;2;5;0;1;0;0;0;0;0;2;0;1;0;4;4;
Jordan Crawford;;24:48;5;10;1;3;5;5;0;2;2;2;0;0;3;2;16;
Draymond Green;;14:45;0;5;0;1;0;0;1;1;2;1;1;0;0;4;0;
Marreese Speights;;9:08;2;6;0;1;2;2;0;4;4;0;0;1;0;2;6;
Hilton Armstrong;;6:56;0;1;0;0;0;0;0;2;2;0;1;0;0;0;0;
CHI
Mike Dunleavy;F;36:15;5;11;3;6;2;2;0;4;4;3;1;2;2;4;15;
Carlos Boozer;F;24:35;6;11;0;0;3;4;4;9;13;0;1;0;2;3;15;
Joakim Noah;C;32:35;3;10;0;0;2;2;6;11;17;7;1;1;4;2;8;
Jimmy Butler;G;36:35;5;10;1;1;5;6;1;1;2;2;2;3;1;3;16;
Kirk Hinrich;G;24:58;3;8;0;2;3;5;1;3;4;3;2;2;1;1;9;
Tony Snell;;18:19;2;5;1;2;1;1;1;3;4;2;0;0;0;2;6;
Taj Gibson;;27:26;7;13;0;0;7;8;2;3;5;3;1;1;3;4;21;
D.J. Augustin;;23:02;2;6;0;3;1;1;0;3;3;4;0;0;1;2;5;
Nazr Mohammed;;9:17;4;7;0;0;0;1;1;2;3;0;0;0;2;2;8;
Erik Murphy;;4:52;0;1;0;0;0;0;0;0;0;0;0;0;0;1;0;
Tornike Shengelia;;2:07;0;1;0;0;0;0;0;1;1;0;0;0;0;0;0;
