12-30;WAS-DET;106-99;
33-32;20-31;25-24;28-12;
WAS
Trevor Ariza;F;35:35;5;11;3;7;2;2;3;8;11;4;6;0;1;3;15;
Trevor Booker;F;22:00;2;6;0;0;2;3;3;2;5;0;0;0;0;3;6;
Marcin Gortat;C;27:58;4;8;0;0;0;0;0;3;3;1;1;2;1;4;8;
Bradley Beal;G;29:20;6;13;1;4;0;0;0;4;4;2;1;0;3;2;13;
John Wall;G;37:47;7;15;1;4;14;15;2;2;4;7;2;0;5;3;29;
Martell Webster;;21:56;4;7;2;4;0;0;0;4;4;1;0;0;0;2;10;
Nene;;28:01;5;9;0;0;1;2;0;6;6;5;0;0;1;3;11;
Jan Vesely;;6:28;0;0;0;0;0;0;0;1;1;0;0;0;0;2;0;
Garrett Temple;;10:23;0;1;0;0;1;2;0;2;2;4;0;0;0;1;1;
Otto Porter;;9:36;3;4;0;0;1;3;0;0;0;0;1;0;2;1;7;
Kevin Seraphin;;10:56;3;4;0;0;0;0;1;1;2;1;0;0;2;3;6;
DET
Josh Smith;F;42:55;6;19;0;2;4;6;4;5;9;6;2;0;4;1;16;
Greg Monroe;F;38:04;7;17;0;0;8;12;4;6;10;2;1;0;1;0;22;
Andre Drummond;C;32:18;7;10;0;0;2;4;7;9;16;0;2;1;2;5;16;
Kentavious Caldwell-Pope;G;35:05;7;11;3;6;0;1;1;2;3;1;0;0;0;4;17;
Brandon Jennings;G;39:04;5;16;2;8;3;4;0;0;0;14;3;0;6;5;15;
Kyle Singler;;25:31;4;5;1;2;2;4;1;2;3;0;1;1;1;3;11;
Chauncey Billups;;11:56;0;2;0;2;0;0;0;1;1;1;0;0;1;2;0;
Josh Harrellson;;2:57;0;1;0;0;0;0;1;0;1;1;0;0;0;0;0;
Will Bynum;;8:56;0;0;0;0;2;2;0;0;0;1;0;0;0;3;2;
Gigi Datome;;3:14;0;1;0;0;0;2;0;0;0;0;0;0;1;1;0;
