02-10;BOS-MIL;102-86;
26-24;23-22;21-22;32-18;
BOS
Jeff Green;F;44:08;11;22;1;6;6;7;0;1;1;3;2;1;3;1;29;
Brandon Bass;F;26:47;5;10;0;0;2;2;2;5;7;0;1;1;1;2;12;
Jared Sullinger;C;33:21;6;13;0;2;1;2;3;7;10;2;1;4;2;3;13;
Phil Pressey;G;24:09;5;10;3;4;0;0;0;2;2;6;1;0;3;5;13;
Gerald Wallace;G;27:47;3;3;1;1;1;2;2;1;3;4;3;0;2;1;8;
Jerryd Bayless;;23:51;2;10;0;3;0;0;1;1;2;6;0;0;0;2;4;
Chris Johnson;;24:05;2;5;1;2;0;0;1;3;4;1;0;0;0;3;5;
Kris Humphries;;14:39;2;4;0;0;0;0;1;2;3;0;0;0;1;3;4;
Kelly Olynyk;;21:13;6;11;1;2;1;1;4;7;11;3;0;0;3;2;14;
MIL
Khris Middleton;F;26:39;2;6;1;3;3;4;0;5;5;1;1;0;2;4;8;
John Henson;F;37:29;8;12;0;0;0;0;0;3;3;2;0;2;5;5;16;
Zaza Pachulia;C;31:52;3;8;0;0;2;2;5;3;8;4;2;0;3;3;8;
Nate Wolters;G;36:29;2;9;1;3;2;4;2;4;6;3;2;1;0;2;7;
Brandon Knight;G;40:42;7;18;2;4;6;8;0;5;5;4;0;0;5;1;22;
Giannis Antetokounmpo;;26:13;1;5;1;2;1;2;0;4;4;0;0;0;1;1;4;
Ekpe Udoh;;14:30;0;0;0;0;0;0;0;1;1;1;0;1;2;2;0;
Gary Neal;;18:55;6;11;1;4;4;5;0;1;1;2;0;0;1;0;17;
Miroslav Raduljica;;7:11;2;3;0;0;0;0;1;2;3;0;0;0;0;1;4;
