03-14;DEN-MIA;111-107;
20-30;38-23;27-18;26-36;
DEN
Wilson Chandler;F;21:52;2;8;1;4;1;1;0;3;3;2;0;0;2;4;6;
Kenneth Faried;F;30:07;9;15;0;0;6;8;3;7;10;1;3;0;2;2;24;
Timofey Mozgov;C;16:02;1;3;0;1;2;2;2;4;6;1;0;1;1;1;4;
Randy Foye;G;24:02;2;7;1;5;2;2;0;0;0;1;0;0;1;2;7;
Ty Lawson;G;38:27;2;7;0;1;9;10;1;4;5;9;4;0;6;1;13;
JJ Hickson;;26:01;5;9;0;0;1;2;2;7;9;3;0;1;0;2;11;
Evan Fournier;;30:24;6;14;2;5;0;0;1;5;6;4;1;0;0;3;14;
Darrell Arthur;;23:47;7;11;1;1;3;3;0;0;0;0;4;0;1;3;18;
Quincy Miller;;14:12;2;3;0;0;1;1;0;2;2;0;1;0;1;1;5;
Aaron Brooks;;15:06;3;5;3;4;0;0;0;0;0;5;0;0;1;2;9;
MIA
LeBron James;F;39:50;8;17;0;4;5;7;0;6;6;6;1;0;4;3;21;
Shane Battier;F;11:20;0;1;0;1;0;0;0;1;1;0;1;1;1;2;0;
Chris Bosh;C;35:42;4;12;0;4;3;4;3;5;8;1;3;0;4;3;11;
Dwyane Wade;G;35:02;8;18;0;0;3;5;1;4;5;6;0;0;2;1;19;
Mario Chalmers;G;36:09;7;11;2;4;0;0;0;4;4;6;2;0;3;3;16;
Ray Allen;;29:14;7;9;5;7;3;3;1;3;4;2;1;0;1;3;22;
Chris Andersen;;21:31;6;7;0;1;2;2;2;4;6;0;0;4;0;0;14;
Michael Beasley;;7:17;2;4;0;1;0;0;0;1;1;1;0;0;0;0;4;
Norris Cole;;18:39;0;2;0;2;0;0;0;0;0;1;0;0;1;3;0;
Greg Oden;;5:17;0;0;0;0;0;0;0;0;0;0;0;0;2;1;0;
