11-08;SAC-POR;91-104;
22-29;27-25;17-23;25-27;
SAC
John Salmons;F;24:09;1;6;0;1;0;0;1;1;2;3;0;0;0;0;2;
Patrick Patterson;F;30:34;4;8;2;4;0;0;2;2;4;1;2;0;1;2;10;
DeMarcus Cousins;C;36:56;13;25;0;2;9;10;1;8;9;1;4;1;3;4;35;
Marcus Thornton;G;40:21;2;11;1;6;0;0;0;6;6;1;2;0;1;3;5;
Greivis Vasquez;G;32:22;5;10;1;4;1;2;1;1;2;6;2;0;1;3;12;
Ben McLemore;;7:01;0;0;0;0;0;0;0;0;0;0;0;0;0;4;0;
Isaiah Thomas;;28:32;5;15;0;3;3;3;1;1;2;7;1;0;4;3;13;
Jason Thompson;;12:49;2;2;0;0;0;0;0;2;2;0;0;0;1;5;4;
Travis Outlaw;;20:12;4;7;2;2;0;0;0;2;2;0;0;0;0;0;10;
Charles Hayes;;7:04;0;2;0;0;0;0;2;0;2;1;0;0;0;0;0;
POR
Nicolas Batum;F;33:48;5;10;3;6;1;2;3;4;7;8;0;0;2;2;14;
LaMarcus Aldridge;F;35:56;10;20;0;0;0;0;1;6;7;1;0;1;2;1;20;
Robin Lopez;C;31:25;4;8;0;0;3;4;3;1;4;1;0;1;1;4;11;
Wesley Matthews;G;33:27;7;11;2;3;2;2;0;7;7;3;2;0;5;3;18;
Damian Lillard;G;37:23;5;13;4;9;8;8;0;8;8;7;1;0;3;0;22;
Mo Williams;;25:02;1;6;0;2;0;0;1;1;2;6;0;1;1;1;2;
Dorell Wright;;14:20;1;3;1;3;0;0;0;4;4;0;0;0;1;1;3;
Joel Freeland;;16:35;2;4;0;0;0;0;2;2;4;2;1;2;0;3;4;
Thomas Robinson;;12:04;4;5;0;0;2;2;1;3;4;0;0;0;2;3;10;
