02-12;SAC-NYK;106-101;
22-33;26-21;24-20;21-19;13-8;
SAC
Rudy Gay;F;44:44;9;22;2;6;0;2;3;4;7;3;2;0;4;4;20;
Jason Thompson;F;30:45;3;5;0;0;0;0;2;8;10;0;0;0;2;1;6;
DeMarcus Cousins;C;32:49;7;13;0;0;5;5;3;11;14;2;0;1;2;3;19;
Isaiah Thomas;G;40:36;6;17;1;4;7;8;1;0;1;7;2;0;1;2;20;
Marcus Thornton;G;18:54;1;4;1;2;0;0;0;0;0;0;1;0;0;0;3;
Derrick Williams;;37:55;5;8;0;2;4;4;1;3;4;0;0;0;2;1;14;
Ben McLemore;;18:09;0;2;0;1;0;0;0;3;3;1;0;0;1;1;0;
Quincy Acy;;5:16;0;0;0;0;0;0;0;0;0;0;0;0;0;2;0;
Carl Landry;;8:32;0;0;0;0;0;0;1;2;3;1;0;0;2;4;0;
Jimmer Fredette;;27:20;9;14;6;8;0;0;0;0;0;2;2;0;1;0;24;
NYK
Carmelo Anthony;F;48:25;12;28;5;11;7;7;1;10;11;3;0;0;3;3;36;
Iman Shumpert;F;21:53;3;7;2;4;0;0;0;2;2;2;3;0;2;2;8;
Tyson Chandler;C;40:31;8;12;0;0;1;2;3;8;11;2;1;1;1;3;17;
Raymond Felton;G;40:53;3;11;0;2;2;4;4;2;6;12;0;0;3;5;8;
Pablo Prigioni;G;23:23;2;3;1;1;0;0;0;0;0;5;2;0;1;2;5;
Amar'e Stoudemire;;36:57;10;15;0;0;0;0;3;5;8;1;0;2;6;3;20;
Tim Hardaway Jr.;;37:56;3;12;1;6;0;1;1;1;2;1;1;0;2;1;7;
Jeremy Tyler;;11:35;0;1;0;0;0;0;1;4;5;0;0;0;0;2;0;
Toure Murry;;3:28;0;1;0;0;0;0;0;0;0;1;0;0;0;0;0;
