03-03;MIN-DEN;132-128;
40-25;26-24;32-34;34-45;
MIN
Corey Brewer;F;36:02;6;10;1;2;3;6;2;0;2;1;2;0;3;3;16;
Kevin Love;F;37:55;10;21;2;6;11;13;3;16;19;4;2;0;4;1;33;
Nikola Pekovic;C;23:57;5;8;0;0;6;9;3;6;9;1;0;0;2;1;16;
Kevin Martin;G;30:44;3;11;0;4;16;17;1;1;2;2;0;0;2;1;22;
Ricky Rubio;G;26:19;1;2;0;0;3;4;1;4;5;5;1;0;4;5;5;
Jose Juan Barea;;26:26;4;10;1;1;7;8;1;1;2;5;1;0;2;3;16;
Dante Cunningham;;25:10;4;5;0;0;1;1;2;2;4;2;1;0;0;4;9;
Chase Budinger;;12:31;1;3;0;2;0;0;0;3;3;0;1;0;0;1;2;
Gorgui Dieng;;3:59;3;5;0;0;0;0;1;0;1;0;1;0;0;0;6;
Shabazz Muhammad;;11:58;1;5;0;1;5;6;0;3;3;0;1;0;0;2;7;
Luc Mbah a Moute;;4:59;0;0;0;0;0;0;0;0;0;1;0;0;0;1;0;
DEN
Wilson Chandler;F;37:34;11;22;2;11;1;3;1;9;10;2;1;0;3;5;25;
Kenneth Faried;F;32:15;9;11;0;0;3;5;3;5;8;0;3;1;1;5;21;
Timofey Mozgov;C;9:57;2;3;0;0;0;1;0;3;3;0;0;1;0;3;4;
Randy Foye;G;42:33;8;16;4;8;2;3;1;3;4;3;0;0;4;6;22;
Ty Lawson;G;40:16;11;16;3;4;6;7;2;2;4;11;4;0;4;6;31;
JJ Hickson;;27:21;2;7;0;1;1;3;1;6;7;2;1;0;2;2;5;
Evan Fournier;;14:24;1;5;1;4;2;2;0;0;0;1;0;0;1;3;5;
Darrell Arthur;;13:37;2;5;0;0;1;1;0;2;2;2;0;2;1;4;5;
Aaron Brooks;;17:37;3;9;2;5;0;0;0;1;1;2;0;0;2;2;8;
Jan Vesely;;4:27;1;1;0;0;0;0;1;1;2;0;0;1;0;1;2;
