01-16;OKC-HOU;104-92;
36-32;23-41;24-10;21-9;
OKC
Kevin Durant;F;42:50;8;21;2;7;18;20;1;4;5;7;0;0;7;2;36;
Serge Ibaka;F;37:24;10;13;1;1;0;0;4;11;15;0;0;5;3;5;21;
Kendrick Perkins;C;26:09;2;4;0;0;0;0;1;7;8;2;2;1;1;5;4;
Thabo Sefolosha;G;24:33;2;6;0;2;1;1;1;5;6;1;2;0;0;1;5;
Reggie Jackson;G;34:30;11;19;1;7;0;0;0;2;2;4;6;0;1;2;23;
Steven Adams;;10:18;1;2;0;0;3;4;2;2;4;1;0;0;2;6;5;
Derek Fisher;;17:50;1;5;1;2;0;0;0;0;0;1;1;0;0;3;3;
Nick Collison;;19:09;1;2;0;0;0;0;0;3;3;2;0;1;0;1;2;
Jeremy Lamb;;22:07;2;9;1;6;0;0;0;1;1;0;0;0;1;1;5;
Perry Jones;;5:10;0;1;0;0;0;0;1;2;3;0;0;1;0;0;0;
HOU
Chandler Parsons;F;42:45;4;13;3;9;3;6;0;4;4;2;1;0;4;5;14;
Terrence Jones;F;40:32;6;12;0;1;4;6;3;10;13;3;2;1;3;1;16;
Dwight Howard;C;29:50;5;13;0;0;1;2;3;5;8;2;0;3;3;5;11;
James Harden;G;39:54;6;16;2;8;2;3;0;7;7;8;0;0;3;2;16;
Jeremy Lin;G;24:08;2;8;0;2;2;2;0;0;0;2;0;1;1;0;6;
Donatas Motiejunas;;23:57;6;9;3;4;0;0;2;5;7;0;0;0;1;2;15;
Aaron Brooks;;23:52;3;8;3;7;2;2;2;0;2;3;1;0;2;3;11;
Francisco Garcia;;8:41;1;3;1;3;0;0;0;0;0;0;0;0;0;2;3;
Omri Casspi;;6:21;0;0;0;0;0;0;0;1;1;0;0;0;0;0;0;
