04-02;GSW-SAS;90-111;
18-31;24-26;25-30;23-24;
GSW
Harrison Barnes;F;35:38;3;12;1;5;4;4;0;2;2;0;1;0;2;2;11;
Draymond Green;F;32:05;4;10;0;2;0;0;0;8;8;4;0;2;1;3;8;
Jermaine O'Neal;C;4:24;0;0;0;0;0;0;0;0;0;0;0;0;1;1;0;
Klay Thompson;G;32:43;5;8;3;3;2;2;0;2;2;2;0;0;0;2;15;
Stephen Curry;G;30:43;5;15;1;4;0;0;0;0;0;10;1;0;4;2;11;
Marreese Speights;;29:53;10;16;0;0;2;2;4;5;9;0;1;0;2;4;22;
Jordan Crawford;;34:26;6;18;3;7;1;1;0;2;2;2;1;0;0;3;16;
Hilton Armstrong;;16:26;3;5;0;0;1;1;3;6;9;0;2;0;2;2;7;
Steve Blake;;23:42;0;1;0;0;0;0;0;1;1;3;1;0;1;0;0;
SAS
Kawhi Leonard;F;29:25;4;9;0;3;3;3;0;4;4;1;4;0;1;0;11;
Tim Duncan;F;20:21;7;11;0;0;1;2;3;5;8;0;0;0;1;2;15;
Boris Diaw;C;33:29;3;9;0;3;2;2;1;2;3;5;0;0;0;0;8;
Danny Green;G;26:50;2;5;1;4;0;0;0;4;4;2;0;1;1;2;5;
Tony Parker;G;28:15;7;13;0;0;4;4;0;3;3;8;0;0;4;1;18;
Manu Ginobili;;19:08;4;8;1;3;4;4;2;4;6;5;1;1;2;2;13;
Tiago Splitter;;10:50;1;2;0;0;2;4;1;6;7;2;1;0;2;2;4;
Patty Mills;;19:45;6;8;1;1;0;0;0;3;3;2;0;0;1;1;13;
Marco Belinelli;;27:45;5;10;0;4;2;2;0;1;1;1;0;0;0;0;12;
Jeff Ayres;;13:41;4;5;0;0;1;1;1;4;5;2;0;0;1;2;9;
Cory Joseph;;10:32;1;3;1;1;0;0;0;1;1;1;0;0;0;0;3;
