04-09;BKN-ORL;111-115;
22-20;21-35;35-28;33-32;
BKN
Joe Johnson;F;36:33;11;19;2;6;7;8;2;2;4;5;0;0;2;1;31;
Mirza Teletovic;F;31:39;5;17;5;12;2;4;3;6;9;0;1;0;1;4;17;
Kevin Garnett;C;16:32;2;2;0;0;1;1;2;6;8;6;0;0;1;1;5;
Alan Anderson;G;33:12;3;4;1;2;2;4;1;6;7;1;0;0;2;1;9;
Deron Williams;G;33:08;3;14;1;6;4;6;1;2;3;5;3;0;3;4;11;
Mason Plumlee;;27:04;7;8;0;0;2;3;2;3;5;1;0;0;2;6;16;
Marcus Thornton;;23:09;3;8;1;3;6;6;1;0;1;0;1;0;1;3;13;
Jorge Gutierrez;;14:52;2;4;0;0;0;0;1;1;2;2;0;0;1;3;4;
Andrei Kirilenko;;23:37;2;3;0;0;1;2;0;2;2;2;2;0;0;0;5;
Jason Collins;;0:14;0;0;0;0;0;0;0;0;0;0;0;0;0;0;0;
ORL
Maurice Harkless;F;31:47;2;7;1;3;3;4;1;0;1;2;2;1;2;3;8;
Kyle O'Quinn;F;27:52;6;9;0;0;1;2;5;3;8;1;1;2;1;4;13;
Dewayne Dedmon;C;19:37;2;3;0;0;0;1;2;7;9;0;1;2;0;2;4;
Arron Afflalo;G;33:15;9;16;2;5;5;8;1;3;4;5;0;0;1;4;25;
Jameer Nelson;G;28:42;4;9;2;6;4;4;1;4;5;7;1;0;4;2;14;
Tobias Harris;;23:39;6;10;1;1;3;5;1;7;8;1;2;0;2;4;16;
Andrew Nicholson;;24:50;4;7;0;0;1;2;0;3;3;0;0;0;1;1;9;
Victor Oladipo;;19:18;4;8;0;2;1;4;0;3;3;6;1;0;3;0;9;
E'Twaun Moore;;18:25;6;6;5;5;0;0;0;0;0;1;1;0;0;2;17;
Doron Lamb;;12:35;0;2;0;2;0;0;0;0;0;3;1;0;0;2;0;
