01-07;GSW-MIL;101-80;
28-30;22-18;29-20;22-12;
GSW
Andre Iguodala;F;29:04;3;3;3;3;2;4;0;7;7;5;0;0;0;2;11;
David Lee;F;35:11;10;12;0;0;2;2;6;12;18;2;0;1;2;5;22;
Andrew Bogut;C;24:22;4;6;0;0;0;0;4;9;13;3;0;1;3;2;8;
Klay Thompson;G;26:20;6;18;1;6;2;4;1;1;2;0;0;0;1;4;15;
Stephen Curry;G;36:14;5;18;2;11;3;4;0;0;0;6;1;0;7;2;15;
Harrison Barnes;;26:19;2;7;2;3;0;0;0;4;4;2;1;0;1;1;6;
Marreese Speights;;14:34;1;5;0;2;3;4;1;2;3;0;0;1;1;3;5;
Draymond Green;;19:45;2;6;0;1;0;0;0;3;3;1;2;0;1;0;4;
Kent Bazemore;;14:07;3;4;0;1;0;0;1;0;1;1;1;1;1;1;6;
Toney Douglas;;11:46;3;6;2;5;0;0;0;2;2;0;0;0;0;2;8;
Ognjen Kuzmic;;2:18;0;0;0;0;1;2;3;0;3;1;0;0;0;0;1;
MIL
Giannis Antetokounmpo;F;24:28;1;3;0;0;0;0;0;5;5;5;2;0;1;3;2;
Ersan Ilyasova;F;30:57;6;15;2;5;6;8;3;3;6;0;2;0;1;2;20;
Larry Sanders;C;29:51;2;10;0;0;1;2;3;3;6;2;0;0;1;3;5;
Luke Ridnour;G;25:38;2;9;0;0;0;0;0;1;1;3;1;1;0;0;4;
Brandon Knight;G;35:54;8;15;0;3;2;2;0;0;0;4;1;0;2;2;18;
O.J. Mayo;;25:02;5;8;3;4;0;0;0;2;2;1;1;0;2;2;13;
Ekpe Udoh;;15:51;0;4;0;0;1;2;2;4;6;0;0;2;2;2;1;
Khris Middleton;;30:40;4;7;0;1;2;2;1;3;4;1;1;0;0;2;10;
Caron Butler;;17:03;1;7;0;2;0;0;1;5;6;2;0;0;1;2;2;
Miroslav Raduljica;;2:18;2;2;0;0;0;0;0;0;0;0;0;0;0;1;4;
Nate Wolters;;2:18;0;0;0;0;1;2;0;0;0;2;0;0;1;0;1;
