01-24;LAL-ORL;105-114;
32-28;23-25;25-38;25-23;
LAL
Wesley Johnson;F;18:38;2;7;1;3;0;0;0;3;3;2;0;0;0;3;5;
Ryan Kelly;F;30:02;5;8;2;3;3;3;0;3;3;2;0;1;0;4;15;
Pau Gasol;C;34:55;8;17;0;0;5;7;1;10;11;6;1;2;3;2;21;
Jodie Meeks;G;36:35;7;12;3;5;0;1;0;3;3;1;2;0;2;1;17;
Kendall Marshall;G;38:15;7;14;5;7;0;0;0;3;3;14;1;0;1;3;19;
Manny Harris;;21:10;3;8;0;1;0;0;1;2;3;2;0;0;1;0;6;
Nick Young;;30:02;6;16;1;3;3;6;1;3;4;1;1;0;2;0;16;
Jordan Hill;;19:39;3;7;0;0;0;0;4;6;10;0;0;1;1;3;6;
Robert Sacre;;10:44;0;1;0;0;0;0;0;0;0;0;1;1;1;4;0;
ORL
Arron Afflalo;F;33:29;7;12;2;3;7;9;0;2;2;6;1;0;2;1;23;
Tobias Harris;F;42:43;9;15;1;1;9;11;1;19;20;4;1;0;5;3;28;
Glen Davis;C;23:46;3;10;0;0;0;0;1;2;3;2;0;0;1;4;6;
Victor Oladipo;G;38:36;5;14;1;3;4;6;3;9;12;5;2;1;3;3;15;
Jameer Nelson;G;31:19;7;11;4;6;4;4;1;3;4;6;1;0;2;3;22;
Kyle O'Quinn;;26:03;3;8;0;0;1;2;1;5;6;1;0;2;2;4;7;
E'Twaun Moore;;7:10;2;3;0;0;0;0;0;1;1;0;0;0;0;1;4;
Andrew Nicholson;;3:28;0;0;0;0;0;0;1;1;2;0;0;0;0;0;0;
Doron Lamb;;14:31;2;6;1;3;0;0;0;1;1;0;1;0;0;0;5;
Maurice Harkless;;18:55;1;2;0;1;2;2;0;0;0;0;4;0;0;1;4;
