01-03;NOP-BOS;95-92;
22-17;27-26;24-29;22-20;
NOP
Al-Farouq Aminu;F;23:04;2;8;0;1;0;0;0;7;7;1;0;0;0;1;4;
Anthony Davis;F;38:01;9;12;0;0;5;8;3;6;9;2;1;3;1;2;23;
Alexis Ajinca;C;12:04;0;2;0;0;0;0;1;0;1;1;0;0;0;4;0;
Eric Gordon;G;33:00;3;7;0;0;6;6;1;4;5;3;0;0;2;2;12;
Jrue Holiday;G;33:16;2;11;0;1;0;0;1;3;4;5;1;0;4;1;4;
Ryan Anderson;;24:54;5;11;1;3;2;3;3;4;7;0;0;0;1;2;13;
Tyreke Evans;;29:13;8;13;0;0;0;0;3;5;8;6;1;0;5;2;16;
Darius Miller;;13:05;0;0;0;0;0;0;0;0;0;0;0;0;0;1;0;
Brian Roberts;;14:45;3;6;1;1;4;4;0;1;1;5;0;0;2;0;11;
Greg Stiemsma;;18:39;6;7;0;0;0;1;0;3;3;0;0;1;0;4;12;
BOS
Jeff Green;F;30:25;5;12;2;7;4;6;0;2;2;2;0;1;2;2;16;
Brandon Bass;F;34:34;8;10;0;0;0;0;6;5;11;0;0;1;0;2;16;
Jared Sullinger;C;29:47;3;17;0;4;7;7;9;2;11;2;1;1;3;4;13;
Avery Bradley;G;33:39;7;15;4;6;4;4;0;4;4;0;1;1;0;0;22;
Jordan Crawford;G;37:20;2;14;0;6;1;1;0;4;4;11;1;0;2;3;5;
Kris Humphries;;23:40;2;6;0;0;3;4;6;6;12;3;0;1;1;3;7;
Kelly Olynyk;;7:53;0;1;0;0;3;4;0;1;1;0;0;0;1;3;3;
Gerald Wallace;;17:41;2;3;0;0;1;2;0;1;1;1;0;0;0;1;5;
Courtney Lee;;14:21;1;8;1;5;0;0;1;1;2;1;1;0;0;2;3;
Phil Pressey;;10:40;1;3;0;1;0;0;0;1;1;2;1;0;0;1;2;
