04-15;DEN-LAC;105-117;
26-38;20-25;34-25;25-29;
DEN
Quincy Miller;F;33:05;4;12;3;8;0;0;0;4;4;2;0;2;2;3;11;
Kenneth Faried;F;28:26;7;12;0;0;7;8;3;3;6;0;1;0;1;5;21;
Timofey Mozgov;C;31:48;6;10;0;0;6;7;6;5;11;2;0;1;1;2;18;
Randy Foye;G;33:09;2;12;0;7;7;7;1;3;4;7;4;0;3;3;11;
Aaron Brooks;G;41:30;6;12;3;6;4;4;1;3;4;5;2;0;9;2;19;
Jan Vesely;;20:13;4;7;0;0;1;2;2;1;3;1;3;1;0;2;9;
Evan Fournier;;25:47;3;10;1;5;2;2;0;5;5;1;0;0;0;5;9;
Wilson Chandler;;26:02;3;7;1;3;0;0;0;6;6;2;0;0;3;4;7;
LAC
Matt Barnes;F;29:33;2;5;1;3;0;0;1;4;5;4;0;1;2;2;5;
Blake Griffin;F;29:33;9;17;0;1;6;6;0;5;5;4;2;1;3;1;24;
DeAndre Jordan;C;36:21;6;8;0;0;1;8;6;10;16;3;2;2;3;2;13;
JJ Redick;G;17:29;5;10;4;6;4;4;0;1;1;1;2;0;0;3;18;
Chris Paul;G;28:29;8;10;3;5;2;4;0;1;1;10;2;0;1;3;21;
Darren Collison;;24:26;5;10;0;3;0;0;0;2;2;3;1;0;1;3;10;
Jamal Crawford;;30:57;3;9;0;3;3;3;0;0;0;2;1;0;4;1;9;
Glen Davis;;11:39;3;8;0;0;3;3;0;6;6;0;1;0;1;1;9;
Jared Dudley;;13:06;1;1;0;0;0;0;0;1;1;1;0;0;0;2;2;
Hedo Turkoglu;;18:27;2;5;1;3;1;2;0;4;4;1;0;0;0;3;6;
