01-15;LAL-PHX;114-121;
27-26;31-28;24-34;32-33;
LAL
Wesley Johnson;F;43:33;7;14;2;5;6;7;1;4;5;1;2;1;1;5;22;
Jordan Hill;F;21:49;4;10;0;0;0;0;3;7;10;1;0;2;1;1;8;
Pau Gasol;C;31:00;10;20;0;0;4;5;3;6;9;5;0;1;5;5;24;
Jodie Meeks;G;43:08;5;9;1;4;3;3;0;2;2;3;1;0;3;2;14;
Kendall Marshall;G;43:04;4;16;2;6;0;0;0;2;2;13;0;0;2;3;10;
Ryan Kelly;;30:40;3;7;1;4;2;2;1;6;7;0;2;3;3;3;9;
Nick Young;;10:46;4;8;0;1;1;1;0;3;3;1;0;0;0;2;9;
Chris Kaman;;16:00;6;7;0;0;6;6;0;5;5;2;0;0;2;1;18;
PHX
PJ Tucker;F;31:52;5;10;0;2;5;5;2;6;8;4;1;1;1;2;15;
Channing Frye;F;33:55;9;20;1;6;1;3;3;5;8;1;2;1;3;5;20;
Miles Plumlee;C;26:37;2;7;0;0;2;2;1;5;6;0;0;1;2;2;6;
Gerald Green;G;32:47;12;18;2;5;2;2;2;5;7;2;2;1;1;3;28;
Goran Dragic;G;39:11;7;15;0;3;4;7;3;7;10;7;2;1;7;3;18;
Markieff Morris;;29:01;9;14;1;2;5;6;3;4;7;4;0;0;0;2;24;
Ish Smith;;16:18;3;6;0;0;0;0;0;1;1;1;2;0;2;2;6;
Archie Goodwin;;7:47;0;2;0;1;0;0;0;0;0;2;0;0;0;0;0;
Marcus Morris;;18:05;1;5;0;0;0;0;1;2;3;2;3;0;1;1;2;
Alex Len;;4:27;1;3;0;0;0;0;1;2;3;0;0;1;0;1;2;
