03-17;PHI-IND;90-99;
24-21;26-37;17-17;23-24;
PHI
Hollis Thompson;F;40:52;6;7;4;4;1;1;2;4;6;3;1;1;1;5;17;
Thaddeus Young;F;41:00;9;19;4;8;1;3;2;3;5;2;1;2;3;3;23;
Henry Sims;C;28:05;3;10;0;0;3;4;3;8;11;3;0;1;1;5;9;
Tony Wroten;G;36:08;7;18;0;3;3;3;2;2;4;4;0;1;3;4;17;
Michael Carter-Williams;G;42:47;7;20;0;4;1;5;1;12;13;5;1;1;6;5;15;
Elliot Williams;;15:29;0;1;0;1;2;2;0;3;3;1;0;0;1;4;2;
James Nunnally;;8:44;0;1;0;1;0;0;0;0;0;1;0;0;0;2;0;
Jarvis Varnado;;8:38;1;2;0;0;0;0;0;0;0;1;0;0;1;2;2;
Brandon Davies;;3:19;0;0;0;0;0;2;0;1;1;0;0;0;0;1;0;
Byron Mullens;;14:59;2;3;1;2;0;0;1;1;2;1;0;0;2;2;5;
IND
Paul George;F;35:57;4;14;1;3;15;16;3;5;8;2;1;0;2;1;24;
David West;F;35:03;3;14;0;0;1;1;2;10;12;3;2;1;0;3;7;
Roy Hibbert;C;27:36;3;8;0;0;2;2;2;3;5;1;1;1;3;4;8;
Lance Stephenson;G;37:56;8;16;1;6;8;9;2;3;5;1;1;0;5;2;25;
George Hill;G;36:02;4;11;3;7;0;0;3;2;5;3;2;1;1;2;11;
Evan Turner;;22:08;2;7;0;1;0;0;1;6;7;1;0;0;2;1;4;
Ian Mahinmi;;19:28;4;5;0;0;2;4;3;2;5;1;0;1;0;2;10;
Donald Sloan;;11:58;2;2;1;1;0;0;0;2;2;0;1;0;1;1;5;
Luis Scola;;13:36;1;4;0;0;3;6;0;3;3;1;1;0;1;1;5;
Chris Copeland;;0:18;0;0;0;0;0;0;0;0;0;0;0;0;0;0;0;
