01-05;IND-CLE;82-78;
22-18;22-17;23-23;15-20;
IND
Paul George;F;35:48;4;10;2;6;6;6;0;5;5;6;1;0;2;4;16;
David West;F;34:04;4;13;0;0;3;4;2;5;7;4;2;2;2;3;11;
Roy Hibbert;C;33:15;5;12;0;0;5;8;3;3;6;1;2;1;1;3;15;
Lance Stephenson;G;34:03;4;8;2;4;0;0;0;4;4;2;1;0;2;2;10;
George Hill;G;25:52;3;5;2;4;0;0;0;4;4;0;1;0;0;0;8;
Danny Granger;;26:16;4;12;2;7;0;0;1;2;3;1;0;0;0;1;10;
Luis Scola;;13:56;3;8;0;0;0;0;2;6;8;0;0;0;2;2;6;
CJ Watson;;22:10;0;6;0;3;4;4;0;2;2;2;1;0;1;1;4;
Ian Mahinmi;;14:37;1;3;0;0;0;0;2;1;3;1;0;1;3;3;2;
CLE
Earl Clark;F;18:15;0;6;0;3;2;2;1;1;2;0;0;0;1;2;2;
Tristan Thompson;F;35:28;4;10;0;0;5;5;2;8;10;1;0;0;1;4;13;
Anderson Varejao;C;27:05;3;9;0;0;1;1;4;9;13;1;2;1;1;4;7;
CJ Miles;G;36:44;8;13;2;5;3;5;3;3;6;3;3;0;3;1;21;
Matthew Dellavedova;G;41:12;3;10;2;5;3;3;0;2;2;2;2;0;3;1;11;
Dion Waiters;;31:42;6;17;2;6;0;0;0;1;1;5;0;0;3;5;14;
Alonzo Gee;;16:08;0;5;0;0;0;0;2;2;4;1;0;0;2;2;0;
Tyler Zeller;;20:55;1;5;0;0;2;2;3;5;8;1;0;1;1;2;4;
Anthony Bennett;;12:31;2;4;0;1;2;2;1;2;3;0;0;0;3;4;6;
