12-18;UTA-ORL;86-82;
27-20;22-19;19-23;18-20;
UTA
Richard Jefferson;F;14:32;1;3;1;2;0;0;0;3;3;1;1;0;0;2;3;
Marvin Williams;F;28:46;2;7;1;4;0;0;1;5;6;0;2;1;3;3;5;
Derrick Favors;C;36:31;5;16;0;0;4;5;4;7;11;0;1;5;1;5;14;
Gordon Hayward;G;37:16;6;15;1;5;2;3;1;5;6;7;0;1;2;2;15;
Trey Burke;G;40:28;12;20;4;8;2;2;1;6;7;8;1;0;2;0;30;
Alec Burks;;33:31;4;9;1;2;4;5;2;4;6;2;0;1;4;3;13;
Enes Kanter;;16:23;1;6;0;0;0;0;1;2;3;0;0;2;3;1;2;
Brandon Rush;;10:44;0;1;0;0;0;0;0;0;0;1;0;0;1;0;0;
Jeremy Evans;;14:17;2;5;0;0;0;0;0;4;4;0;0;0;0;0;4;
Diante Garrett;;7:32;0;0;0;0;0;0;1;0;1;0;0;0;0;1;0;
ORL
Tobias Harris;F;34:14;5;14;1;2;3;4;1;9;10;1;0;0;1;3;14;
Glen Davis;F;29:14;5;9;0;0;2;2;2;2;4;0;0;1;2;2;12;
Nikola Vucevic;C;33:32;5;18;0;0;4;4;5;9;14;1;3;2;0;2;14;
Victor Oladipo;G;36:13;1;12;1;3;0;0;2;3;5;2;1;1;2;2;3;
Jameer Nelson;G;33:12;5;12;3;7;4;4;1;4;5;4;0;0;4;4;17;
E'Twaun Moore;;21:39;4;8;2;2;0;0;1;2;3;2;2;1;0;0;10;
Kyle O'Quinn;;16:02;1;1;0;0;2;2;0;3;3;0;0;0;1;1;4;
Andrew Nicholson;;17:09;2;8;0;0;2;2;1;2;3;2;0;0;0;3;6;
Maurice Harkless;;12:50;0;3;0;1;2;2;0;1;1;0;1;1;0;0;2;
Ronnie Price;;5:55;0;1;0;0;0;0;0;0;0;0;0;0;0;1;0;
