11-29;LAL-DET;106-102;
31-32;25-23;21-32;29-15;
LAL
Wesley Johnson;F;33:23;9;11;6;7;3;4;1;5;6;2;0;3;2;2;27;
Jordan Hill;F;13:50;1;1;0;0;0;0;0;4;4;0;0;1;2;1;2;
Pau Gasol;C;32:54;5;14;0;0;3;5;4;8;12;3;0;2;3;2;13;
Jodie Meeks;G;26:39;3;8;0;2;4;4;1;0;1;0;3;0;0;1;10;
Steve Blake;G;23:57;1;6;0;4;0;0;0;4;4;10;1;0;5;2;2;
Shawne Williams;;30:46;7;13;6;11;0;0;3;6;9;3;2;1;0;5;20;
Nick Young;;27:51;3;12;0;2;6;7;0;1;1;2;2;0;1;2;12;
Jordan Farmar;;24:03;5;11;2;5;1;3;2;3;5;3;1;0;3;1;13;
Xavier Henry;;13:26;1;3;0;0;1;3;0;1;1;1;2;0;0;4;3;
Robert Sacre;;13:11;1;1;0;0;2;4;0;1;1;0;0;1;1;1;4;
DET
Josh Smith;F;44:24;4;16;0;1;0;4;7;12;19;8;5;2;5;3;8;
Greg Monroe;F;34:47;9;15;0;0;1;3;2;6;8;3;1;0;1;2;19;
Andre Drummond;C;16:04;5;10;0;0;3;4;6;5;11;0;1;1;0;4;13;
Kentavious Caldwell-Pope;G;14:33;3;7;0;2;0;0;1;2;3;0;0;0;0;2;6;
Brandon Jennings;G;41:11;8;17;0;1;3;5;1;1;2;9;0;0;4;3;19;
Rodney Stuckey;;33:27;8;17;0;0;6;9;1;1;2;2;1;0;1;2;22;
Kyle Singler;;33:22;3;9;1;3;0;0;0;5;5;1;1;0;0;5;7;
Josh Harrellson;;11:47;2;4;0;0;0;0;3;0;3;2;1;0;0;1;4;
Peyton Siva;;6:49;1;2;0;0;0;0;1;0;1;0;0;0;2;0;2;
Charlie Villanueva;;3:36;1;3;0;1;0;0;0;1;1;0;0;0;0;0;2;
