12-28;CLE-BOS;100-103;
22-24;22-35;22-26;34-18;
CLE
Earl Clark;F;24:21;4;9;3;5;1;2;0;3;3;1;1;1;1;1;12;
Tristan Thompson;F;26:12;3;5;0;0;1;2;2;5;7;0;0;0;4;3;7;
Anderson Varejao;C;29:03;1;2;0;0;4;4;1;7;8;2;0;0;1;2;6;
CJ Miles;G;10:44;0;5;0;1;0;0;0;0;0;0;0;1;0;2;0;
Kyrie Irving;G;41:14;13;22;4;6;2;2;0;2;2;3;1;0;2;1;32;
Dion Waiters;;31:55;6;16;0;2;5;8;0;3;3;2;2;0;3;3;17;
Tyler Zeller;;21:31;2;5;0;0;1;2;4;6;10;3;0;1;3;1;5;
Jarrett Jack;;30:56;5;8;2;2;2;2;0;1;1;4;0;0;0;3;14;
Anthony Bennett;;19:13;2;6;0;2;1;2;3;2;5;2;1;1;1;3;5;
Matthew Dellavedova;;4:51;1;1;0;0;0;0;0;1;1;0;0;0;0;2;2;
BOS
Jeff Green;F;35:57;5;12;2;5;7;7;0;8;8;1;2;1;1;1;19;
Brandon Bass;F;33:43;5;8;1;1;4;4;4;2;6;4;0;2;1;1;15;
Jared Sullinger;C;30:41;4;14;0;3;0;0;2;1;3;2;0;1;1;4;8;
Avery Bradley;G;37:01;8;16;1;4;1;2;3;5;8;3;2;0;2;3;18;
Jordan Crawford;G;33:31;7;11;3;5;2;2;0;5;5;5;1;0;3;1;19;
Kris Humphries;;17:19;4;7;0;0;2;2;1;2;3;1;0;0;1;1;10;
Kelly Olynyk;;14:17;0;2;0;1;1;4;3;4;7;1;1;1;3;3;1;
Courtney Lee;;16:34;4;11;2;5;1;1;0;1;1;2;1;0;2;1;11;
Gerald Wallace;;8:30;1;1;0;0;0;3;0;2;2;2;0;0;1;1;2;
Phil Pressey;;12:27;0;1;0;1;0;0;0;0;0;1;2;0;0;2;0;
