02-22;NYK-ATL;98-107;
23-24;29-15;21-29;25-39;
NYK
J.R. Smith;F;38:54;4;13;1;4;2;4;0;5;5;3;1;0;2;4;11;
Carmelo Anthony;F;37:28;13;25;4;8;5;6;0;4;4;3;0;1;3;4;35;
Tyson Chandler;C;36:12;5;13;0;0;0;0;4;19;23;1;1;2;1;2;10;
Pablo Prigioni;G;25:56;3;6;2;5;0;0;0;2;2;4;2;0;0;3;8;
Raymond Felton;G;35:56;6;15;2;6;2;2;3;2;5;10;1;0;2;5;16;
Tim Hardaway Jr.;;30:19;3;10;1;5;0;0;0;0;0;1;0;0;1;6;7;
Amar'e Stoudemire;;27:59;4;6;0;0;0;0;0;1;1;0;1;1;1;0;8;
Jeremy Tyler;;5:47;1;1;0;0;1;4;1;0;1;0;0;0;0;0;3;
Cole Aldrich;;0:45;0;0;0;0;0;0;0;0;0;0;0;0;0;0;0;
Toure Murry;;0:45;0;0;0;0;0;0;0;0;0;0;0;0;0;0;0;
ATL
Kyle Korver;F;27:38;2;8;2;4;1;1;0;5;5;1;0;1;1;3;7;
DeMarre Carroll;F;33:38;8;14;4;8;4;5;3;3;6;0;2;0;1;4;24;
Elton Brand;C;42:39;0;3;0;0;1;2;1;5;6;1;0;3;3;2;1;
Shelvin Mack;G;27:56;1;9;0;4;1;2;0;3;3;4;0;0;1;2;3;
Jeff Teague;G;36:47;7;12;1;1;13;15;1;2;3;6;0;0;1;2;28;
Lou Williams;;30:24;3;12;3;7;5;6;1;8;9;7;0;0;1;0;14;
Cartier Martin;;4:48;0;2;0;0;0;0;0;0;0;0;0;0;0;2;0;
Mike Scott;;29:41;11;14;6;7;2;2;1;7;8;0;0;0;2;2;30;
Dennis Schroder;;6:29;0;0;0;0;0;0;0;0;0;0;0;0;0;1;0;
