03-04;NOP-LAL;132-125;
35-23;32-28;28-34;37-40;
NOP
Tyreke Evans;F;43:24;8;17;0;4;8;10;2;5;7;11;1;1;4;2;24;
Anthony Davis;F;42:27;10;16;0;0;8;11;3;12;15;3;0;1;1;1;28;
Alexis Ajinca;C;15:49;1;3;0;0;2;2;1;6;7;2;0;0;0;5;4;
Eric Gordon;G;37:45;9;13;4;5;6;6;0;2;2;6;2;0;2;0;28;
Brian Roberts;G;28:57;6;10;1;2;6;7;0;0;0;2;0;0;3;4;19;
Greg Stiemsma;;8:21;0;0;0;0;0;0;2;1;3;1;0;0;1;3;0;
Jeff Withey;;12:45;2;2;0;0;0;0;0;1;1;1;0;0;0;3;4;
Austin Rivers;;19:03;5;8;1;3;1;2;0;1;1;2;4;0;4;2;12;
Anthony Morrow;;16:21;3;5;1;2;2;2;0;1;1;0;0;0;0;1;9;
Al-Farouq Aminu;;15:07;2;3;0;1;0;0;1;1;2;1;2;0;0;2;4;
LAL
Kent Bazemore;F;34:38;8;17;4;9;3;4;0;4;4;3;1;1;1;2;23;
Wesley Johnson;F;29:10;2;5;1;2;2;2;1;2;3;1;1;0;2;5;7;
Pau Gasol;C;32:13;10;15;0;0;9;14;5;7;12;4;0;1;2;0;29;
Jodie Meeks;G;31:26;7;12;2;5;1;1;0;0;0;0;3;0;1;3;17;
Kendall Marshall;G;21:55;0;4;0;0;0;0;0;1;1;10;1;0;2;1;0;
MarShon Brooks;;15:35;2;4;0;0;0;0;1;0;1;1;0;0;2;2;4;
Jordan Farmar;;26:05;7;12;2;5;4;4;0;1;1;8;1;0;1;5;20;
Ryan Kelly;;18:50;2;2;0;0;0;0;0;2;2;0;1;2;0;2;4;
Robert Sacre;;15:46;4;7;0;0;1;2;4;1;5;0;1;1;2;4;9;
Xavier Henry;;14:22;4;7;1;1;3;4;0;1;1;2;0;0;1;2;12;
