01-18;LAC-IND;92-106;
18-28;23-29;27-21;24-28;
LAC
Jared Dudley;F;23:24;2;3;2;2;0;0;0;1;1;1;0;0;0;2;6;
Blake Griffin;F;34:36;6;18;0;1;7;8;3;5;8;4;1;1;1;4;19;
DeAndre Jordan;C;38:58;5;9;0;0;2;4;6;11;17;1;1;2;1;3;12;
JJ Redick;G;28:25;4;17;0;7;0;0;0;1;1;4;0;0;2;1;8;
Darren Collison;G;29:48;4;8;0;0;2;2;0;3;3;4;0;0;4;2;10;
Jamal Crawford;;28:17;7;18;2;7;6;6;0;1;1;1;1;0;2;3;22;
Matt Barnes;;27:40;2;5;0;2;0;0;0;6;6;0;0;0;0;2;4;
Ryan Hollins;;6:56;1;2;0;0;2;2;0;0;0;0;0;1;1;0;4;
Darius Morris;;6:15;0;1;0;0;0;0;0;0;0;1;0;0;1;1;0;
Hedo Turkoglu;;13:24;1;1;0;0;2;2;0;2;2;1;0;0;0;0;4;
Byron Mullens;;2:17;1;1;1;1;0;0;0;0;0;0;0;0;0;0;3;
IND
Paul George;F;35:57;12;17;5;6;7;7;0;6;6;2;3;0;1;2;36;
David West;F;15:29;2;4;0;0;0;0;0;2;2;0;0;0;1;1;4;
Roy Hibbert;C;25:55;2;11;0;0;0;0;5;6;11;2;0;5;2;4;4;
Lance Stephenson;G;41:06;8;17;0;3;6;7;5;7;12;7;1;0;4;4;22;
George Hill;G;28:14;2;5;0;0;2;2;0;3;3;3;0;0;0;1;6;
Luis Scola;;15:21;2;5;0;0;4;4;1;3;4;0;0;0;1;4;8;
Danny Granger;;26:34;4;13;2;5;2;2;1;3;4;2;0;1;0;3;12;
Ian Mahinmi;;19:48;0;0;0;0;0;0;1;1;2;0;0;1;1;2;0;
CJ Watson;;20:42;5;8;1;3;0;0;0;2;2;1;1;0;1;2;11;
Rasual Butler;;3:10;0;1;0;1;0;0;0;0;0;0;0;0;0;0;0;
Orlando Johnson;;3:10;0;1;0;0;0;0;0;2;2;0;0;0;1;1;0;
Chris Copeland;;2:17;1;1;1;1;0;0;0;0;0;0;0;1;0;1;3;
Donald Sloan;;2:17;0;0;0;0;0;0;0;0;0;0;0;0;0;0;0;
