11-13;CLE-MIN;95-124;
24-38;23-32;29-38;19-16;
CLE
Alonzo Gee;F;22:27;2;2;1;1;0;0;1;1;2;1;2;0;3;2;5;
Tristan Thompson;F;23:59;3;7;0;0;4;5;2;4;6;2;0;0;1;3;10;
Anderson Varejao;C;28:33;5;8;0;0;3;4;3;2;5;3;1;0;0;3;13;
Dion Waiters;G;22:27;2;6;1;2;1;2;0;2;2;2;0;0;1;1;6;
Kyrie Irving;G;27:23;8;17;1;5;3;3;0;1;1;2;1;1;3;2;20;
Jarrett Jack;;23:30;3;9;0;1;0;0;0;1;1;5;0;0;1;1;6;
CJ Miles;;6:59;1;4;0;1;1;1;0;0;0;0;0;0;0;0;3;
Anthony Bennett;;20:19;3;11;0;1;0;0;3;2;5;0;0;0;1;1;6;
Earl Clark;;14:01;3;8;1;3;0;0;0;2;2;0;0;0;1;1;7;
Henry Sims;;8:29;0;1;0;0;0;0;0;3;3;0;0;0;0;3;0;
Tyler Zeller;;14:40;3;5;0;0;2;2;1;5;6;0;0;0;0;0;8;
Matthew Dellavedova;;12:55;1;4;0;1;2;2;0;0;0;1;0;0;0;0;4;
Sergey Karasev;;14:18;2;5;1;1;2;2;0;4;4;2;0;0;0;1;7;
MIN
Robbie Hummel;F;28:12;4;6;2;4;0;0;0;4;4;1;0;0;0;3;10;
Kevin Love;F;31:28;10;16;1;4;12;14;2;6;8;6;0;0;0;2;33;
Nikola Pekovic;C;19:23;5;7;0;0;0;0;1;6;7;1;0;0;2;4;10;
Corey Brewer;G;29:58;10;17;5;5;2;3;3;1;4;1;2;0;0;2;27;
Ricky Rubio;G;30:39;5;7;1;1;5;5;1;5;6;16;3;0;3;1;16;
Dante Cunningham;;21:33;3;5;0;0;0;0;0;3;3;0;0;1;0;3;6;
Jose Juan Barea;;13:32;3;3;0;0;0;0;0;2;2;7;0;0;0;0;6;
Derrick Williams;;21:45;3;7;1;2;2;2;0;3;3;0;0;2;2;2;9;
A.J. Price;;12:12;0;4;0;2;0;0;0;2;2;1;0;0;0;1;0;
Alexey Shved;;12:00;1;4;1;3;2;2;0;0;0;0;0;1;0;0;5;
Gorgui Dieng;;9:39;1;2;0;0;0;0;0;6;6;1;0;1;2;1;2;
Shabazz Muhammad;;9:39;0;4;0;1;0;0;1;3;4;0;0;0;0;1;0;
