11-03;MIN-NYK;109-100;
40-19;24-30;29-29;16-22;
MIN
Corey Brewer;F;24:03;3;8;0;2;4;6;1;1;2;1;1;0;0;4;10;
Kevin Love;F;40:31;10;19;2;8;12;15;2;13;15;5;0;0;4;4;34;
Nikola Pekovic;C;40:48;4;10;0;0;3;4;4;8;12;0;0;1;2;1;11;
Kevin Martin;G;35:48;9;12;5;5;7;9;0;3;3;2;2;0;0;1;30;
Ricky Rubio;G;40:30;3;11;0;3;2;2;1;5;6;10;3;0;4;3;8;
Jose Juan Barea;;17:50;3;8;1;5;0;0;0;2;2;5;2;0;0;0;7;
Dante Cunningham;;14:41;0;4;0;0;0;0;2;0;2;0;0;0;1;3;0;
Alexey Shved;;5:10;1;2;1;2;0;0;0;0;0;0;1;0;1;0;3;
Derrick Williams;;20:39;2;5;1;2;1;2;0;1;1;0;0;0;0;0;6;
NYK
Carmelo Anthony;F;44:04;8;21;2;6;4;5;5;12;17;3;0;0;5;4;22;
Andrea Bargnani;F;18:46;6;10;2;4;0;0;1;2;3;0;1;0;3;0;14;
Tyson Chandler;C;32:04;3;4;0;0;4;4;3;6;9;1;0;0;0;4;10;
Raymond Felton;G;38:06;3;12;0;3;2;2;0;2;2;12;3;1;3;4;8;
Iman Shumpert;G;25:38;5;8;2;4;0;0;1;5;6;1;1;0;3;4;12;
Tim Hardaway Jr.;;24:56;3;12;0;7;0;0;1;0;1;1;0;0;1;3;6;
Kenyon Martin;;16:10;3;4;0;0;0;0;3;3;6;1;1;1;0;2;6;
Pablo Prigioni;;19:43;2;5;1;3;0;0;0;1;1;2;0;0;1;2;5;
Metta World Peace;;20:33;7;13;2;5;1;2;0;4;4;0;1;1;0;3;17;
