12-29;PHI-LAL;111-104;
20-22;32-30;34-25;25-27;
PHI
Hollis Thompson;F;16:10;1;4;0;2;1;2;1;2;3;0;1;0;1;1;3;
Thaddeus Young;F;41:50;10;21;0;3;5;6;4;5;9;3;3;1;1;1;25;
Spencer Hawes;C;32:19;7;12;2;4;3;4;2;6;8;5;1;2;1;4;19;
Evan Turner;G;41:30;9;19;0;1;4;6;3;4;7;6;0;1;2;2;22;
Michael Carter-Williams;G;30:19;4;7;0;1;5;5;0;5;5;5;4;0;2;4;13;
James Anderson;;26:26;4;11;3;7;0;0;3;5;8;2;0;1;0;0;11;
Tony Wroten;;19:26;2;12;0;5;4;4;1;0;1;1;1;0;2;2;8;
Lavoy Allen;;15:28;1;8;0;0;2;2;2;3;5;1;1;1;0;3;4;
Elliot Williams;;10:22;1;1;1;1;2;2;0;1;1;1;0;0;1;5;5;
Brandon Davies;;6:10;0;0;0;0;1;2;1;1;2;0;2;0;0;2;1;
LAL
Wesley Johnson;F;18:46;0;3;0;1;2;2;2;2;4;0;0;1;2;2;2;
Shawne Williams;F;35:31;3;8;3;7;2;2;2;8;10;2;0;1;1;2;11;
Jordan Hill;C;26:47;6;14;0;1;6;9;6;7;13;1;1;1;1;3;18;
Jodie Meeks;G;32:55;5;12;4;8;1;1;1;3;4;2;1;0;1;3;15;
Jordan Farmar;G;30:22;3;11;1;5;1;2;1;2;3;8;1;0;3;3;8;
Chris Kaman;;9:45;1;2;0;0;2;2;1;2;3;0;0;2;1;1;4;
Ryan Kelly;;17:34;2;2;0;0;3;3;2;4;6;0;0;2;2;3;7;
Nick Young;;35:54;6;21;2;11;12;12;2;4;6;2;1;0;6;2;26;
Xavier Henry;;4:26;0;2;0;1;0;0;0;1;1;0;0;0;1;0;0;
Robert Sacre;;11:28;2;4;0;0;1;1;1;2;3;2;0;1;0;1;5;
Kendall Marshall;;16:32;3;5;2;3;0;0;0;2;2;3;0;0;2;0;8;
