02-09;CHI-LAL;92-86;
34-23;18-23;25-16;15-24;
CHI
Mike Dunleavy;F;30:20;4;7;1;3;0;0;0;5;5;1;2;0;0;1;9;
Taj Gibson;F;45:18;7;18;0;1;4;4;2;4;6;3;2;2;2;3;18;
Joakim Noah;C;41:22;6;10;0;0;8;8;4;9;13;3;2;3;3;5;20;
Jimmy Butler;G;40:28;4;13;1;5;0;0;0;9;9;2;2;0;4;0;9;
Kirk Hinrich;G;28:37;7;13;3;7;0;0;1;3;4;5;3;0;2;3;17;
D.J. Augustin;;30:00;4;13;2;3;5;5;1;0;1;6;2;0;3;1;15;
Tony Snell;;17:17;2;6;0;3;0;0;0;2;2;1;0;1;0;1;4;
Nazr Mohammed;;6:38;0;0;0;0;0;0;0;3;3;0;0;0;0;2;0;
LAL
Wesley Johnson;F;29:42;3;8;0;2;0;0;1;3;4;3;1;1;1;2;6;
Ryan Kelly;F;15:52;0;5;0;2;0;0;0;2;2;1;0;1;0;1;0;
Robert Sacre;C;20:20;1;6;0;0;0;0;1;3;4;0;0;0;0;3;2;
Steve Blake;G;40:18;3;12;2;6;0;0;1;3;4;4;3;0;5;4;8;
Steve Nash;G;21:14;3;4;0;0;2;2;0;2;2;2;0;0;3;1;8;
Shawne Williams;;21:31;2;6;1;5;2;2;1;5;6;0;1;0;0;2;7;
Chris Kaman;;27:40;13;23;0;1;1;4;0;10;10;3;0;2;3;1;27;
Kendall Marshall;;36:59;5;6;3;3;0;0;0;2;2;11;0;1;5;0;13;
Jordan Hill;;26:24;6;12;0;0;3;3;3;6;9;2;2;0;1;1;15;
