11-01;NOP-ORL;90-110;
20-22;15-31;25-32;30-25;
NOP
Al-Farouq Aminu;F;17:22;2;4;0;0;0;0;1;2;3;3;0;0;2;1;4;
Anthony Davis;F;38:20;9;23;0;0;8;8;8;9;17;1;1;3;0;4;26;
Jason Smith;C;26:13;3;12;0;0;0;0;3;3;6;0;1;1;0;3;6;
Eric Gordon;G;28:19;4;11;1;2;3;6;1;1;2;2;1;0;0;2;12;
Jrue Holiday;G;34:11;7;19;1;2;2;2;0;0;0;5;3;0;4;4;17;
Tyreke Evans;;17:23;0;7;0;2;0;0;0;1;1;3;0;0;2;3;0;
Greg Stiemsma;;16:48;0;2;0;0;1;2;1;5;6;0;0;0;1;2;1;
Anthony Morrow;;18:16;4;5;4;4;2;2;1;3;4;0;1;1;0;1;14;
Brian Roberts;;15:51;2;4;0;1;0;0;0;1;1;1;0;0;2;0;4;
Arinze Onuaku;;9:52;0;1;0;0;1;2;1;1;2;0;0;0;0;0;1;
Austin Rivers;;12:38;1;4;0;1;1;2;1;1;2;1;0;0;0;1;3;
Jeff Withey;;4:47;0;0;0;0;2;2;0;0;0;0;0;0;1;0;2;
ORL
Maurice Harkless;F;27:26;6;10;2;4;6;8;3;5;8;0;4;0;6;1;20;
Jason Maxiell;F;16:24;1;2;0;0;0;0;1;1;2;0;1;1;1;1;2;
Nikola Vucevic;C;27:26;4;6;0;0;2;4;0;7;7;3;0;0;0;2;10;
Arron Afflalo;G;35:21;10;14;4;5;6;7;0;4;4;4;0;0;3;0;30;
Jameer Nelson;G;23:45;3;8;2;5;2;2;0;4;4;5;0;0;1;4;10;
Andrew Nicholson;;29:57;4;10;1;4;0;0;0;5;5;0;0;0;3;3;9;
Victor Oladipo;;31:20;4;10;1;2;1;2;0;6;6;6;4;2;4;4;10;
E'Twaun Moore;;22:16;1;2;1;2;2;2;0;0;0;3;1;0;0;2;5;
Kyle O'Quinn;;22:13;6;8;0;0;2;2;0;6;6;1;0;4;0;2;14;
Ronnie Price;;3:52;0;0;0;0;0;0;1;1;2;0;1;0;0;0;0;
