03-24;HOU-CHA;100-89;
25-24;29-26;24-18;22-21;
HOU
Chandler Parsons;F;38:03;3;11;2;4;3;4;1;3;4;4;0;1;2;2;11;
Terrence Jones;F;31:35;9;15;0;2;0;1;3;4;7;2;0;0;1;2;18;
Dwight Howard;C;32:34;4;9;0;0;2;4;3;7;10;4;2;1;2;5;10;
James Harden;G;39:07;11;19;4;7;5;7;0;3;3;5;1;1;3;4;31;
Patrick Beverley;G;34:06;3;10;2;7;0;0;3;1;4;0;0;1;1;3;8;
Jeremy Lin;;19:50;4;6;2;2;0;2;0;4;4;3;1;0;2;1;10;
Donatas Motiejunas;;16:25;2;5;0;1;0;0;0;4;4;2;0;0;0;2;4;
Omer Asik;;15:26;1;2;0;0;0;0;1;3;4;1;0;3;1;3;2;
Jordan Hamilton;;12:54;2;5;2;4;0;0;0;2;2;1;1;0;0;2;6;
CHA
Michael Kidd-Gilchrist;F;24:21;1;4;0;0;4;5;3;4;7;0;2;0;0;2;6;
Josh McRoberts;F;34:04;5;10;1;3;0;1;1;2;3;4;0;0;1;3;11;
Al Jefferson;C;42:04;8;17;0;1;4;6;2;9;11;2;1;1;2;4;20;
Gerald Henderson;G;31:26;5;13;1;5;2;2;0;1;1;1;0;1;1;1;13;
Kemba Walker;G;38:37;7;19;2;6;6;6;1;3;4;3;0;1;3;1;22;
Cody Zeller;;13:56;4;5;0;0;2;2;3;1;4;0;1;0;1;1;10;
Gary Neal;;14:32;0;8;0;3;0;0;0;1;1;0;0;0;1;0;0;
Chris Douglas-Roberts;;25:41;2;6;0;2;3;3;0;2;2;2;2;0;0;3;7;
Luke Ridnour;;9:23;0;3;0;1;0;0;0;0;0;0;1;1;0;2;0;
Bismack Biyombo;;5:56;0;1;0;0;0;0;3;2;5;0;0;0;0;1;0;
