04-04;CLE-ATL;98-117;
23-39;26-22;24-29;25-27;
CLE
Luol Deng;F;35:02;4;13;0;3;5;6;1;1;2;0;0;0;0;0;13;
Tristan Thompson;F;24:02;2;3;0;0;4;4;1;2;3;0;0;0;1;5;8;
Spencer Hawes;C;37:58;6;14;1;3;3;4;5;5;10;4;6;2;1;1;16;
Dion Waiters;G;36:16;8;19;3;5;4;4;0;2;2;3;0;0;2;4;23;
Kyrie Irving;G;37:42;6;15;0;3;1;2;0;7;7;4;6;0;2;1;13;
Anderson Varejao;;24:24;3;8;0;0;3;4;1;4;5;2;0;0;0;1;9;
Matthew Dellavedova;;14:18;1;3;0;1;0;0;0;0;0;1;1;0;0;4;2;
Jarrett Jack;;22:28;4;13;1;6;0;0;0;3;3;2;0;1;0;1;9;
Alonzo Gee;;7:50;2;3;0;0;1;1;2;0;2;0;0;0;0;1;5;
ATL
DeMarre Carroll;F;36:24;5;10;3;7;0;0;0;4;4;2;1;1;1;2;13;
Paul Millsap;F;27:44;7;10;1;1;1;2;0;11;11;6;0;0;2;3;16;
Pero Antic;C;17:51;2;5;0;2;2;2;2;3;5;1;0;1;0;2;6;
Kyle Korver;G;39:05;3;9;2;6;0;0;0;4;4;6;0;1;2;2;8;
Jeff Teague;G;35:48;7;12;3;5;3;4;0;2;2;12;0;0;3;2;20;
Elton Brand;;27:26;4;7;0;0;0;0;0;5;5;2;0;0;1;4;8;
Lou Williams;;21:07;6;9;3;5;1;1;0;3;3;6;0;0;3;0;16;
Mike Scott;;20:16;12;13;1;1;1;1;0;2;2;0;0;0;1;1;26;
Dennis Schroder;;11:36;1;5;0;2;0;0;0;1;1;0;0;0;2;1;2;
Mike Muscala;;2:43;1;2;0;0;0;0;0;1;1;0;0;0;1;0;2;
