11-19;MIN-WAS;100-104;
34-27;29-24;18-30;19-23;
MIN
Corey Brewer;F;34:40;7;17;1;5;1;1;3;1;4;0;4;0;1;3;16;
Kevin Love;F;36:56;8;17;4;10;5;9;6;5;11;4;0;0;3;5;25;
Nikola Pekovic;C;36:06;5;10;0;0;3;5;2;4;6;1;1;0;2;2;13;
Kevin Martin;G;32:46;4;17;1;5;2;2;0;5;5;4;1;0;1;0;11;
Ricky Rubio;G;19:19;3;5;1;1;3;4;1;3;4;2;0;0;3;3;10;
Jose Juan Barea;;28:48;5;10;1;3;1;2;0;2;2;7;0;0;2;1;12;
Dante Cunningham;;22:51;3;5;0;1;0;0;0;2;2;2;0;2;1;2;6;
Robbie Hummel;;22:24;2;3;2;2;1;1;0;6;6;1;0;0;0;1;7;
Alexey Shved;;6:10;0;1;0;1;0;0;0;2;2;1;0;2;0;0;0;
WAS
Martell Webster;F;42:56;6;13;5;10;0;0;0;9;9;2;0;1;0;1;17;
Nene;F;34:35;7;12;0;0;6;6;1;4;5;4;1;1;2;4;20;
Marcin Gortat;C;30:52;7;10;0;0;0;0;0;7;7;2;0;1;2;5;14;
Bradley Beal;G;38:22;9;21;2;3;5;5;1;4;5;2;3;0;2;2;25;
John Wall;G;39:24;5;17;0;1;4;4;0;5;5;16;2;1;1;2;14;
Garrett Temple;;15:18;1;4;0;1;0;0;0;1;1;2;1;0;2;3;2;
Trevor Booker;;10:55;1;2;0;0;0;0;2;1;3;0;1;0;0;2;2;
Jan Vesely;;19:19;4;4;0;0;0;0;3;3;6;0;2;1;2;4;8;
Eric Maynor;;4:17;1;2;0;0;0;0;0;0;0;2;0;0;0;0;2;
Glen Rice Jr.;;4:04;0;0;0;0;0;0;0;0;0;1;0;0;0;1;0;
