01-26;SAS-MIA;101-113;
28-34;22-24;21-33;30-22;
SAS
Marco Belinelli;F;31:02;4;9;0;3;4;5;1;2;3;3;1;0;1;1;12;
Tim Duncan;F;24:25;9;13;0;1;5;5;1;2;3;0;2;1;1;3;23;
Boris Diaw;C;27:11;6;10;3;3;0;0;0;1;1;3;0;0;3;2;15;
Cory Joseph;G;26:46;2;6;0;2;2;2;1;1;2;2;2;1;0;2;6;
Tony Parker;G;24:05;4;9;1;2;2;2;0;1;1;7;1;0;2;2;11;
Manu Ginobili;;24:39;1;7;0;2;1;1;0;1;1;1;0;1;2;2;3;
Jeff Ayres;;15:09;3;3;0;0;1;2;1;3;4;2;0;0;1;1;7;
Patty Mills;;17:18;1;6;1;5;0;0;1;1;2;0;1;0;1;1;3;
Othyus Jeffers;;9:47;2;3;0;0;1;2;0;2;2;1;0;0;0;1;5;
Matt Bonner;;9:38;1;3;1;3;0;0;0;1;1;0;0;0;1;1;3;
Aron Baynes;;15:10;3;3;0;0;0;0;1;5;6;2;1;1;0;1;6;
Nando De Colo;;14:50;2;4;0;1;3;4;0;2;2;3;0;0;0;0;7;
MIA
LeBron James;F;27:43;8;15;1;3;1;1;0;7;7;6;1;0;4;4;18;
Shane Battier;F;19:19;0;1;0;1;0;0;0;2;2;0;0;2;0;2;0;
Chris Bosh;C;25:36;9;10;1;2;5;5;1;4;5;3;1;0;1;1;24;
Ray Allen;G;25:24;3;5;2;3;2;2;0;3;3;3;1;0;0;2;10;
Mario Chalmers;G;32:39;6;8;2;3;2;2;1;0;1;7;0;0;2;2;16;
Dwyane Wade;;23:42;3;8;0;0;2;2;0;3;3;5;1;0;2;3;8;
Norris Cole;;27:25;4;9;1;3;2;2;2;3;5;2;0;0;3;2;11;
Chris Andersen;;16:35;3;4;0;1;2;2;2;3;5;0;0;2;1;2;8;
Michael Beasley;;19:36;5;8;0;0;2;2;0;4;4;2;1;0;1;3;12;
Greg Oden;;12:53;1;3;0;0;1;2;1;1;2;0;1;1;0;1;3;
Roger Mason Jr.;;4:34;1;2;1;2;0;0;0;0;0;0;0;0;0;0;3;
Rashard Lewis;;4:34;0;1;0;1;0;0;0;0;0;0;0;0;0;0;0;
