11-11;ORL-BOS;105-120;
25-31;25-28;24-28;31-33;
ORL
Maurice Harkless;F;26:38;4;10;2;3;2;4;5;0;5;1;1;0;3;2;12;
Jason Maxiell;F;30:49;4;9;0;0;2;2;1;0;1;2;0;1;2;3;10;
Nikola Vucevic;C;28:54;6;11;0;0;3;3;4;6;10;4;3;1;2;2;15;
Arron Afflalo;G;38:39;6;12;2;5;4;5;0;4;4;7;0;0;4;1;18;
Jameer Nelson;G;24:11;3;10;2;5;2;2;2;3;5;5;0;0;1;1;10;
E'Twaun Moore;;24:52;4;6;0;1;3;3;0;3;3;2;1;0;2;3;11;
Kyle O'Quinn;;23:08;0;2;0;0;2;2;2;4;6;3;0;1;1;0;2;
Andrew Nicholson;;13:09;4;7;0;1;0;0;0;1;1;0;0;1;2;4;8;
Victor Oladipo;;26:49;7;17;1;3;2;2;0;1;1;2;2;0;1;2;17;
Ronnie Price;;2:51;1;1;0;0;0;0;0;1;1;1;0;0;0;0;2;
BOS
Jeff Green;F;28:52;5;9;1;2;5;5;1;3;4;1;0;0;3;3;16;
Brandon Bass;F;30:07;5;12;0;0;0;0;2;2;4;2;0;1;1;3;10;
Kelly Olynyk;C;26:01;7;9;2;3;0;0;1;6;7;5;1;1;2;4;16;
Avery Bradley;G;29:03;10;15;0;1;4;4;0;0;0;0;3;0;3;3;24;
Jordan Crawford;G;32:36;7;12;0;1;2;2;1;4;5;10;1;0;0;3;16;
Gerald Wallace;;19:25;0;1;0;0;1;2;0;2;2;5;3;0;1;0;1;
Jared Sullinger;;25:28;7;9;0;1;0;1;1;4;5;3;1;2;1;1;14;
Vitor Faverani;;14:24;2;4;0;2;0;0;1;4;5;0;1;2;0;0;4;
Courtney Lee;;18:57;5;8;1;1;1;1;1;1;2;0;1;1;0;1;12;
Phil Pressey;;15:07;3;6;1;1;0;0;0;2;2;2;0;0;2;1;7;
