03-10;ATL-UTA;112-110;
28-22;31-22;19-36;34-30;
ATL
DeMarre Carroll;F;31:55;4;7;3;5;0;0;1;5;6;4;1;1;1;3;11;
Paul Millsap;F;31:32;7;14;2;4;7;8;2;6;8;3;1;1;4;2;23;
Pero Antic;C;23:23;4;8;2;6;2;2;2;1;3;3;0;1;0;3;12;
Kyle Korver;G;32:30;8;12;4;4;6;6;0;2;2;1;2;0;1;3;26;
Jeff Teague;G;33:34;3;10;1;3;7;9;0;3;3;6;0;0;1;1;14;
Elton Brand;;19:14;4;5;0;0;0;1;1;3;4;4;1;3;1;1;8;
Shelvin Mack;;17:07;0;4;0;2;0;0;0;1;1;6;0;0;3;2;0;
Dennis Schroder;;13:44;2;5;0;0;0;0;0;1;1;3;0;0;0;0;4;
Mike Scott;;15:35;3;5;0;2;1;1;0;3;3;0;0;0;0;2;7;
Cartier Martin;;15:51;1;4;1;3;0;0;0;1;1;0;0;0;0;0;3;
Mike Muscala;;5:35;2;4;0;0;0;0;1;1;2;0;0;0;1;1;4;
UTA
Richard Jefferson;F;31:25;6;9;3;4;0;0;0;2;2;2;0;0;1;2;15;
Marvin Williams;F;30:55;6;12;1;4;5;6;0;6;6;1;3;0;0;4;18;
Derrick Favors;C;25:18;4;10;0;0;6;6;4;5;9;1;2;1;3;5;14;
Gordon Hayward;G;38:12;4;10;1;1;4;4;2;6;8;7;2;0;5;4;13;
Trey Burke;G;38:15;9;15;5;8;0;0;1;1;2;4;0;0;1;1;23;
Enes Kanter;;28:45;5;10;0;0;1;1;1;8;9;0;0;1;0;3;11;
Alec Burks;;26:23;5;11;0;3;2;3;3;4;7;4;1;0;3;3;12;
Jeremy Evans;;11:02;1;2;0;0;1;2;0;0;0;0;0;0;0;3;3;
Diante Garrett;;9:45;0;3;0;1;1;2;0;2;2;0;1;0;2;1;1;
