03-15;SAC-CHI;87-94;
23-23;20-25;20-16;24-30;
SAC
Rudy Gay;F;30:47;5;12;0;1;3;4;2;3;5;3;1;2;1;4;13;
Reggie Evans;F;24:17;2;4;0;0;1;2;4;4;8;1;0;0;0;2;5;
DeMarcus Cousins;C;37:54;10;21;0;0;5;7;4;10;14;2;4;1;5;5;25;
Ben McLemore;G;35:36;3;12;0;7;0;0;1;5;6;1;1;0;2;2;6;
Isaiah Thomas;G;42:16;7;18;2;5;10;13;1;2;3;5;0;0;4;3;26;
Jason Thompson;;23:22;2;8;0;0;1;4;4;4;8;0;0;2;1;3;5;
Derrick Williams;;18:19;1;3;0;0;1;3;1;4;5;0;0;0;1;1;3;
Travis Outlaw;;6:36;0;3;0;1;0;0;1;1;2;0;0;0;0;0;0;
Ray McCallum;;10:47;0;2;0;0;1;2;0;0;0;0;0;1;1;0;1;
Quincy Acy;;10:06;1;2;0;0;1;2;1;3;4;0;0;0;1;2;3;
CHI
Mike Dunleavy;F;40:59;4;11;3;6;5;5;0;6;6;2;0;0;3;3;16;
Carlos Boozer;F;24:00;4;10;0;0;1;2;1;4;5;4;1;0;1;1;9;
Joakim Noah;C;40:50;9;15;0;0;5;6;1;10;11;8;3;5;2;3;23;
Jimmy Butler;G;38:10;1;11;0;4;3;4;0;5;5;2;1;0;1;4;5;
Kirk Hinrich;G;31:25;4;11;1;4;1;2;0;2;2;3;0;0;0;4;10;
D.J. Augustin;;27:58;3;10;2;5;4;5;0;0;0;2;0;0;1;5;12;
Taj Gibson;;26:50;6;9;0;0;7;9;5;4;9;0;1;3;2;3;19;
Tony Snell;;5:28;0;1;0;1;0;0;0;0;0;0;0;0;1;2;0;
Nazr Mohammed;;4:20;0;0;0;0;0;0;0;2;2;0;0;0;0;1;0;
