04-16;UTA-MIN;136-130;
31-17;20-31;29-22;27-37;12-12;17-11;
UTA
Gordon Hayward;F;41:35;6;21;0;5;7;8;3;7;10;8;1;1;3;1;19;
Derrick Favors;F;38:02;8;12;0;0;5;6;3;6;9;3;2;2;1;5;21;
Jeremy Evans;C;37:13;8;13;0;0;2;2;6;5;11;0;3;3;4;5;18;
Alec Burks;G;37:41;5;13;1;4;0;0;1;3;4;4;0;0;2;6;11;
Trey Burke;G;43:21;9;19;1;3;4;4;3;3;6;8;1;0;3;3;23;
Malcolm Thomas;;16:39;3;5;1;2;0;0;1;3;4;0;0;0;1;2;7;
Richard Jefferson;;21:39;4;11;1;7;0;2;1;1;2;2;1;0;0;2;9;
Diante Garrett;;9:39;1;2;1;2;0;0;0;1;1;1;1;0;0;1;3;
Rudy Gobert;;14:06;4;5;0;0;0;1;3;6;9;1;0;2;0;3;8;
Ian Clark;;5:05;0;1;0;0;0;0;0;0;0;0;1;0;0;2;0;
MIN
Corey Brewer;F;30:29;4;8;0;2;3;5;1;1;2;1;4;0;1;2;11;
Kevin Love;F;41:38;3;13;1;8;9;10;0;10;10;9;0;0;5;1;16;
Gorgui Dieng;C;27:33;1;8;0;0;2;4;3;4;7;1;0;2;1;2;4;
Kevin Martin;G;35:07;11;21;3;5;6;6;1;1;2;1;1;0;0;3;31;
Ricky Rubio;G;40:29;4;13;1;4;5;5;0;2;2;6;1;0;2;4;14;
Ronny Turiaf;;15:53;3;5;0;0;6;8;3;5;8;0;1;3;2;1;12;
Luc Mbah a Moute;;8:30;0;1;0;0;0;0;0;1;1;1;0;0;0;1;0;
Alexey Shved;;17:30;3;6;1;3;4;6;0;1;1;3;0;0;1;1;11;
Robbie Hummel;;26:55;3;5;2;2;2;2;2;7;9;1;1;0;0;2;10;
Dante Cunningham;;20:56;5;10;0;0;0;0;3;0;3;0;1;0;2;2;10;
