03-26;MEM-UTA;91-87;
17-25;23-25;22-21;29-16;
MEM
Tayshaun Prince;F;19:38;2;6;0;2;0;0;0;2;2;1;1;0;0;0;4;
Zach Randolph;F;36:11;8;18;0;0;6;6;6;7;13;3;0;0;3;2;22;
Marc Gasol;C;34:33;7;12;0;0;4;5;0;7;7;4;2;0;1;3;18;
Courtney Lee;G;19:29;0;2;0;0;0;0;0;3;3;0;0;0;0;2;0;
Mike Conley;G;33:23;7;14;1;2;4;4;1;0;1;6;1;0;2;2;19;
Kosta Koufos;;17:37;3;4;0;0;0;0;1;1;2;0;0;1;0;3;6;
Nick Calathes;;14:58;4;6;1;1;0;0;1;1;2;3;2;0;1;1;9;
Mike Miller;;27:50;3;6;2;3;1;1;0;4;4;4;0;0;0;0;9;
Tony Allen;;10:28;0;5;0;0;0;0;0;4;4;0;0;1;1;2;0;
Jon Leuer;;7:32;1;2;0;0;0;0;0;1;1;0;0;0;0;1;2;
James Johnson;;18:22;1;4;0;1;0;0;1;1;2;1;0;0;2;4;2;
UTA
Richard Jefferson;F;30:11;4;6;3;5;4;6;1;3;4;4;0;0;0;1;15;
Derrick Favors;F;36:26;10;16;0;0;2;3;3;7;10;1;2;2;2;5;22;
Enes Kanter;C;39:37;4;11;0;0;3;4;2;13;15;2;1;0;0;3;11;
Gordon Hayward;G;44:48;5;12;1;3;7;9;0;1;1;1;4;0;4;1;18;
Trey Burke;G;34:34;5;14;0;5;1;2;0;1;1;10;0;0;3;2;11;
Marvin Williams;;26:19;2;4;0;0;1;2;0;4;4;2;2;1;1;1;5;
Diante Garrett;;19:55;1;3;1;3;0;0;0;0;0;2;0;1;1;1;3;
Jeremy Evans;;8:10;1;3;0;0;0;0;0;0;0;0;0;0;1;0;2;
