04-16;WAS-BOS;118-102;
38-24;30-32;23-19;27-27;
WAS
Trevor Ariza;F;29:49;6;12;0;5;1;1;0;6;6;2;0;0;1;3;13;
Trevor Booker;F;26:10;9;13;0;0;2;3;1;2;3;2;0;0;0;3;20;
Marcin Gortat;C;31:54;6;11;0;0;3;5;1;9;10;3;1;2;1;3;15;
Bradley Beal;G;35:54;10;14;3;5;4;4;0;7;7;3;2;0;1;3;27;
John Wall;G;28:26;7;15;1;3;0;0;0;0;0;9;2;0;2;0;15;
Martell Webster;;22:39;2;6;1;3;0;0;1;3;4;0;0;0;0;2;5;
Nene;;22:21;5;6;0;0;2;4;1;2;3;3;0;0;2;2;12;
Al Harrington;;11:46;2;5;1;2;0;0;1;0;1;0;0;0;1;2;5;
Andre Miller;;19:34;2;2;0;0;0;0;0;1;1;4;0;0;2;0;4;
Otto Porter;;3:49;0;1;0;0;0;0;1;0;1;0;0;0;2;1;0;
Garrett Temple;;3:49;0;1;0;0;0;0;0;0;0;0;0;0;0;0;0;
Kevin Seraphin;;3:49;1;2;0;0;0;0;0;0;0;0;1;0;0;1;2;
BOS
Jeff Green;F;35:58;6;15;2;7;6;7;1;3;4;1;0;0;2;1;20;
Brandon Bass;F;25:39;7;9;0;1;2;3;1;6;7;1;0;0;0;2;16;
Kelly Olynyk;C;29:53;10;16;0;2;4;5;2;5;7;5;1;0;1;5;24;
Avery Bradley;G;36:52;7;18;3;7;1;1;2;3;5;3;0;0;5;4;18;
Phil Pressey;G;42:28;3;12;0;4;3;4;1;4;5;10;2;0;4;1;9;
Chris Babb;;11:26;0;4;0;4;0;0;0;1;1;0;0;0;1;0;0;
Chris Johnson;;29:13;4;7;2;5;0;1;2;2;4;3;4;0;0;0;10;
Joel Anthony;;28:31;2;3;0;0;1;2;2;2;4;1;1;1;0;3;5;
