12-21;PHI-MIL;106-116;
23-29;26-30;23-26;34-31;
PHI
Evan Turner;F;33:28;2;15;0;3;6;6;3;3;6;3;2;0;3;6;10;
Thaddeus Young;F;39:18;11;19;4;4;4;4;3;7;10;3;0;1;3;2;30;
Spencer Hawes;C;35:08;10;15;2;3;3;3;7;4;11;2;0;0;1;1;25;
Hollis Thompson;G;20:15;1;5;1;2;0;0;1;2;3;0;0;0;0;0;3;
Michael Carter-Williams;G;32:55;7;16;1;3;4;5;0;3;3;12;1;0;2;5;19;
Lavoy Allen;;12:52;2;4;0;0;0;0;3;1;4;2;0;0;1;3;4;
James Anderson;;24:13;0;7;0;3;2;2;0;0;0;2;1;0;1;2;2;
Tony Wroten;;19:32;3;7;1;3;1;2;0;5;5;1;1;0;3;1;8;
Brandon Davies;;8:42;1;3;0;0;0;0;0;0;0;0;1;0;1;1;2;
Elliot Williams;;13:37;1;2;1;2;0;0;0;2;2;0;0;0;2;1;3;
MIL
Khris Middleton;F;36:05;11;15;1;5;4;4;1;4;5;4;2;1;0;4;27;
Caron Butler;F;39:42;8;21;2;10;4;6;0;11;11;4;0;1;4;3;22;
Ekpe Udoh;C;25:37;0;1;0;0;0;0;4;3;7;2;0;5;0;5;0;
Giannis Antetokounmpo;G;34:44;3;7;0;0;6;6;2;5;7;3;0;2;2;0;12;
Brandon Knight;G;33:11;7;13;2;4;5;5;0;4;4;6;0;0;0;3;21;
Miroslav Raduljica;;21:40;5;7;0;0;4;4;2;2;4;1;2;0;4;3;14;
O.J. Mayo;;20:12;3;7;1;4;0;0;0;3;3;1;1;0;2;1;7;
Nate Wolters;;15:24;3;6;0;1;0;0;0;2;2;0;3;0;0;1;6;
Luke Ridnour;;13:25;3;5;1;1;0;0;0;0;0;2;1;0;1;0;7;
