03-01;ORL-MIA;98-112;
30-32;23-29;20-28;25-23;
ORL
Maurice Harkless;F;33:31;5;11;1;3;3;5;0;4;4;1;3;0;3;0;14;
Tobias Harris;F;28:04;6;11;1;2;7;7;1;2;3;0;0;0;1;1;20;
Nikola Vucevic;C;22:45;9;14;0;0;0;0;6;4;10;0;2;0;0;3;18;
Victor Oladipo;G;26:15;2;6;0;2;6;10;0;0;0;1;0;0;2;3;10;
Jameer Nelson;G;30:54;1;8;1;6;0;0;0;1;1;11;1;0;2;1;3;
Kyle O'Quinn;;22:19;6;10;0;0;2;2;6;9;15;2;2;1;2;4;14;
E'Twaun Moore;;33:55;4;7;1;2;1;2;0;0;0;1;1;0;2;2;10;
Doron Lamb;;14:29;0;6;0;2;0;0;1;1;2;0;0;0;0;1;0;
Andrew Nicholson;;19:56;1;6;0;0;2;2;1;1;2;2;0;0;0;4;4;
Adonis Thomas;;4:56;1;2;0;1;0;0;0;0;0;0;0;0;0;0;2;
Dewayne Dedmon;;2:56;1;2;0;0;1;1;0;2;2;0;0;0;0;0;3;
MIA
LeBron James;F;31:13;8;12;0;2;4;5;1;8;9;7;4;0;2;1;20;
Shane Battier;F;18:40;2;4;1;2;0;0;0;2;2;2;1;0;0;3;5;
Chris Bosh;C;18:03;5;8;2;3;5;5;0;3;3;0;0;1;1;4;17;
Dwyane Wade;G;30:02;10;14;0;0;4;5;2;1;3;4;1;1;3;0;24;
Mario Chalmers;G;25:40;2;3;1;1;2;2;1;1;2;3;2;0;3;2;7;
Ray Allen;;24:03;3;7;1;4;0;0;0;1;1;1;0;0;1;0;7;
Michael Beasley;;21:49;4;8;0;1;0;0;2;2;4;1;0;3;3;2;8;
Chris Andersen;;19:20;2;3;0;0;1;2;2;3;5;0;0;1;0;3;5;
Norris Cole;;27:17;3;9;1;3;2;2;0;2;2;1;0;0;2;1;9;
Greg Oden;;13:07;3;3;0;0;2;3;0;4;4;1;0;0;1;3;8;
Udonis Haslem;;4:56;1;1;0;0;0;0;1;1;2;0;0;0;0;0;2;
Toney Douglas;;2:56;0;2;0;0;0;0;0;1;1;0;0;0;1;1;0;
Rashard Lewis;;2:56;0;0;0;0;0;0;0;1;1;0;0;0;0;0;0;
