11-06;DAL-OKC;93-107;
31-33;20-24;24-28;18-22;
DAL
Shawn Marion;F;32:30;7;13;2;4;1;1;0;4;4;3;2;2;2;1;17;
Dirk Nowitzki;F;34:24;5;12;2;4;4;4;0;6;6;3;3;0;4;2;16;
Samuel Dalembert;C;24:17;3;10;0;0;0;0;5;4;9;0;0;0;3;2;6;
Monta Ellis;G;38:50;8;17;1;3;3;4;0;5;5;3;0;0;7;5;20;
Jose Calderon;G;31:49;3;6;1;2;2;2;1;1;2;3;3;0;3;1;9;
Vince Carter;;13:46;0;4;0;2;0;0;0;1;1;2;0;0;0;1;0;
DeJuan Blair;;19:05;4;8;0;0;0;0;2;1;3;1;1;0;1;3;8;
Jae Crowder;;24:49;6;8;3;5;2;3;2;1;3;0;2;0;1;1;17;
Gal Mekel;;10:49;0;4;0;1;0;0;1;1;2;2;1;0;0;0;0;
Wayne Ellington;;8:10;0;1;0;1;0;0;0;1;1;0;0;0;0;0;0;
Ricky Ledo;;1:32;0;2;0;1;0;0;0;0;0;0;0;0;0;0;0;
OKC
Kevin Durant;F;36:53;7;16;1;2;8;9;1;2;3;10;2;0;5;2;23;
Serge Ibaka;F;36:17;8;10;1;1;0;0;3;10;13;1;1;3;2;2;17;
Kendrick Perkins;C;14:09;2;4;0;0;0;0;2;4;6;0;0;0;3;1;4;
Thabo Sefolosha;G;23:31;2;5;0;3;1;2;0;2;2;4;2;0;1;0;5;
Russell Westbrook;G;32:45;10;20;0;1;2;5;0;1;1;4;2;0;5;2;22;
Nick Collison;;17:27;2;3;0;0;0;2;0;1;1;0;1;0;1;5;4;
Reggie Jackson;;11:47;1;4;0;0;0;0;0;1;1;5;0;0;1;0;2;
Jeremy Lamb;;20:15;4;7;3;5;2;2;0;3;3;3;0;1;2;2;13;
Perry Jones;;9:41;2;2;0;0;0;0;1;1;2;0;0;0;1;0;4;
Steven Adams;;20:10;2;3;0;0;2;2;2;7;9;0;2;1;0;1;6;
Derek Fisher;;15:33;2;4;0;1;1;1;0;1;1;1;0;0;0;2;5;
Andre Roberson;;1:32;1;1;0;0;0;0;1;1;2;0;0;0;2;0;2;
