03-03;NOP-SAC;89-96;
18-23;20-17;21-28;30-28;
NOP
Tyreke Evans;F;40:41;8;14;2;3;9;10;2;8;10;8;1;0;3;3;27;
Anthony Davis;F;37:37;4;14;1;1;4;8;0;4;4;2;0;0;1;3;13;
Alexis Ajinca;C;20:16;2;4;0;0;0;0;3;2;5;1;1;0;0;5;4;
Eric Gordon;G;24:40;4;9;2;4;0;0;0;1;1;2;2;0;1;6;10;
Brian Roberts;G;35:27;6;13;1;5;2;2;0;2;2;2;1;0;1;2;15;
Austin Rivers;;17:46;2;9;0;4;2;6;0;0;0;1;0;0;1;2;6;
Greg Stiemsma;;19:41;1;1;0;0;0;0;1;2;3;0;2;2;1;6;2;
Jeff Withey;;18:26;1;2;0;0;0;0;0;2;2;0;0;3;0;1;2;
Al-Farouq Aminu;;11:02;0;0;0;0;2;2;0;2;2;0;1;0;1;3;2;
Anthony Morrow;;14:24;4;9;0;3;0;0;1;0;1;0;0;0;0;4;8;
SAC
Rudy Gay;F;30:09;5;10;0;0;4;4;0;2;2;2;0;0;4;5;14;
Jason Thompson;F;24:57;2;4;0;0;2;6;1;4;5;1;1;1;1;3;6;
DeMarcus Cousins;C;27:30;5;13;0;0;13;16;5;7;12;1;0;0;6;4;23;
Ben McLemore;G;28:54;3;4;0;1;4;4;0;4;4;0;0;0;0;4;10;
Isaiah Thomas;G;42:35;8;16;0;3;6;6;1;2;3;5;2;0;5;3;22;
Derrick Williams;;14:05;0;3;0;0;0;0;1;0;1;0;0;1;1;1;0;
Quincy Acy;;13:04;0;1;0;0;0;0;1;1;2;0;0;0;0;0;0;
Orlando Johnson;;6:03;1;3;0;1;1;2;1;1;2;0;0;0;0;1;3;
Ray McCallum;;22:14;3;7;1;2;1;1;1;2;3;2;1;0;0;1;8;
Reggie Evans;;30:29;5;7;0;0;0;2;5;8;13;0;0;1;1;3;10;
