12-13;PHI-TOR;100-108;
21-36;27-20;28-27;24-25;
PHI
Evan Turner;F;39:05;7;18;3;4;4;4;3;7;10;4;2;0;2;2;21;
Thaddeus Young;F;35:18;8;13;0;1;2;2;2;3;5;2;1;0;1;5;18;
Spencer Hawes;C;33:55;5;10;0;2;5;6;1;2;3;4;1;4;1;3;15;
Hollis Thompson;G;25:35;2;8;0;2;0;0;1;6;7;1;0;0;1;3;4;
Tony Wroten;G;37:19;8;17;5;8;2;4;1;2;3;5;1;0;5;0;23;
James Anderson;;30:14;4;10;1;4;4;5;0;2;2;1;0;1;2;2;13;
Lavoy Allen;;17:10;2;3;0;0;0;0;1;7;8;0;2;0;0;0;4;
Brandon Davies;;8:45;1;2;0;0;0;0;2;1;3;0;0;0;1;2;2;
Lorenzo Brown;;10:41;0;2;0;1;0;0;0;0;0;2;0;0;3;0;0;
Elliot Williams;;1:06;0;1;0;1;0;0;0;0;0;0;0;0;1;1;0;
Daniel Orton;;0:52;0;0;0;0;0;0;1;0;1;0;0;0;0;0;0;
TOR
Terrence Ross;F;33:37;10;16;4;7;0;0;0;5;5;0;1;1;2;1;24;
Amir Johnson;F;36:31;8;11;1;1;0;0;1;9;10;1;1;2;0;4;17;
Jonas Valanciunas;C;31:49;3;10;0;0;6;6;4;9;13;1;1;1;4;3;12;
DeMar DeRozan;G;39:33;9;19;2;7;7;9;1;4;5;6;1;0;2;2;27;
Kyle Lowry;G;34:00;2;9;0;5;2;2;1;2;3;11;1;0;1;3;6;
Patrick Patterson;;18:36;1;5;0;1;3;3;2;3;5;1;0;1;0;1;5;
John Salmons;;19:43;1;3;1;1;0;0;0;2;2;2;0;0;1;2;3;
Greivis Vasquez;;17:07;5;7;2;3;0;0;0;3;3;2;1;0;4;1;12;
Tyler Hansbrough;;9:04;0;2;0;0;2;4;1;0;1;0;2;0;1;2;2;
