04-04;OKC-HOU;107-111;
23-27;22-23;39-32;23-29;
OKC
Kevin Durant;F;43:40;7;19;3;7;11;12;1;11;12;6;0;0;6;1;28;
Serge Ibaka;F;35:43;11;17;2;4;3;4;4;5;9;4;2;6;0;5;27;
Steven Adams;C;12:37;1;3;0;0;0;0;1;1;2;1;0;0;1;0;2;
Andre Roberson;G;13:34;0;3;0;2;0;0;1;3;4;1;1;1;1;2;0;
Reggie Jackson;G;35:40;7;14;1;5;2;2;1;6;7;7;1;0;2;2;17;
Nick Collison;;15:02;2;5;1;1;0;0;2;2;4;0;0;0;2;2;5;
Caron Butler;;35:22;4;10;3;5;2;2;0;4;4;2;0;0;0;4;13;
Derek Fisher;;24:35;1;6;1;3;0;0;0;2;2;2;1;0;0;4;3;
Jeremy Lamb;;21:58;5;8;2;4;0;0;0;1;1;1;0;0;1;3;12;
Hasheem Thabeet;;1:49;0;0;0;0;0;0;0;0;0;0;0;1;1;1;0;
HOU
Chandler Parsons;F;41:07;5;17;3;9;10;11;1;5;6;3;2;0;1;4;23;
Terrence Jones;F;33:10;7;12;0;2;2;2;2;9;11;2;2;2;1;1;16;
Omer Asik;C;32:54;3;5;0;0;3;4;4;8;12;2;0;0;1;3;9;
James Harden;G;43:02;9;22;4;8;17;20;0;9;9;7;2;0;5;2;39;
Jeremy Lin;G;38:08;3;11;2;6;0;0;2;1;3;3;0;0;1;4;8;
Isaiah Canaan;;18:00;2;5;2;3;0;0;0;2;2;1;0;0;2;2;6;
Donatas Motiejunas;;5:34;2;2;0;0;0;0;0;1;1;0;0;0;0;0;4;
Francisco Garcia;;28:05;2;4;2;3;0;0;0;1;1;3;2;0;0;5;6;
