03-04;MIA-HOU;103-106;
32-39;20-14;21-30;30-23;
MIA
Shane Battier;F;20:00;1;6;0;5;0;0;1;1;2;0;0;2;1;0;2;
LeBron James;F;36:38;9;18;0;3;4;6;1;0;1;6;3;0;1;1;22;
Chris Bosh;C;26:56;1;5;0;2;3;4;0;5;5;0;2;0;1;3;5;
Dwyane Wade;G;37:04;8;15;0;1;8;12;3;1;4;6;2;0;3;1;24;
Mario Chalmers;G;22:15;1;5;0;1;1;3;1;3;4;2;2;0;0;1;3;
Ray Allen;;25:54;5;8;2;5;1;1;1;3;4;1;1;0;0;1;13;
Chris Andersen;;19:57;2;3;0;0;1;1;2;5;7;0;0;5;0;5;5;
Norris Cole;;22:09;2;7;1;3;0;0;0;1;1;2;1;0;2;2;5;
Michael Beasley;;28:00;9;13;4;7;2;2;0;4;4;2;0;0;0;4;24;
Udonis Haslem;;1:07;0;0;0;0;0;0;1;0;1;0;0;0;0;1;0;
HOU
Chandler Parsons;F;38:20;5;10;0;3;0;0;1;3;4;8;0;0;3;2;10;
Terrence Jones;F;34:50;8;13;1;1;2;3;4;8;12;2;0;1;0;1;19;
Dwight Howard;C;36:29;8;13;0;0;6;8;3;13;16;1;0;0;2;2;22;
James Harden;G;39:40;9;15;1;5;2;5;0;4;4;11;1;0;6;3;21;
Patrick Beverley;G;32:52;6;12;5;8;2;3;2;0;2;2;3;1;2;4;19;
Jeremy Lin;;15:08;2;5;1;4;2;2;0;0;0;0;0;1;2;2;7;
Jordan Hamilton;;18:25;1;3;0;0;2;2;0;3;3;0;0;0;0;3;4;
Donatas Motiejunas;;13:10;0;5;0;2;1;2;0;1;1;0;0;0;1;3;1;
Omer Asik;;11:06;1;2;0;0;1;2;2;2;4;0;0;0;2;2;3;
