12-20;CHA-DET;116-106;
22-31;22-28;31-30;41-17;
CHA
Jeff Taylor;F;0:37;0;0;0;0;0;0;0;0;0;0;0;0;1;0;0;
Josh McRoberts;F;28:00;1;3;0;1;0;0;0;1;1;7;1;1;0;1;2;
Al Jefferson;C;33:25;11;24;0;0;2;3;4;10;14;2;2;1;1;3;24;
Gerald Henderson;G;34:30;8;13;0;0;6;7;1;7;8;3;1;0;1;1;22;
Kemba Walker;G;35:19;12;17;1;2;9;9;1;6;7;3;3;1;4;3;34;
Anthony Tolliver;;26:58;1;4;1;3;0;0;1;2;3;1;0;1;1;5;3;
Cody Zeller;;19:60;3;7;0;0;0;0;2;2;4;1;1;2;2;2;6;
Ramon Sessions;;16:36;3;7;0;2;4;4;0;1;1;2;3;0;2;0;10;
Bismack Biyombo;;14:35;1;1;0;0;1;2;1;3;4;0;0;4;0;1;3;
Ben Gordon;;13:54;3;7;1;2;3;3;0;1;1;0;1;0;0;1;10;
Chris Douglas-Roberts;;16:06;1;1;0;0;0;0;0;0;0;0;0;0;0;0;2;
DET
Josh Smith;F;40:54;8;20;1;3;1;2;0;6;6;3;3;2;2;1;18;
Greg Monroe;F;35:07;5;9;0;0;3;4;2;7;9;3;2;0;4;2;13;
Andre Drummond;C;34:26;7;13;0;0;0;2;10;5;15;0;0;5;3;3;14;
Kentavious Caldwell-Pope;G;22:18;1;2;1;2;2;2;0;1;1;0;1;0;2;2;5;
Brandon Jennings;G;37:21;10;20;3;7;3;5;0;1;1;5;1;1;0;2;26;
Kyle Singler;;25:46;3;7;3;4;1;2;3;3;6;1;0;0;1;2;10;
Chauncey Billups;;13:01;1;4;1;3;0;0;0;1;1;3;0;0;3;1;3;
Josh Harrellson;;17:48;5;9;2;3;0;0;3;1;4;1;0;2;1;3;12;
Will Bynum;;13:19;2;6;1;1;0;0;0;1;1;2;0;0;1;1;5;
