12-27;DET-ORL;92-109;
21-26;27-29;18-30;26-24;
DET
Josh Smith;F;22:28;2;13;0;2;1;2;1;6;7;1;0;2;1;0;5;
Greg Monroe;F;20:59;3;9;0;0;0;2;3;3;6;0;1;0;1;2;6;
Andre Drummond;C;23:07;5;12;0;0;0;4;8;3;11;1;0;1;2;5;10;
Kentavious Caldwell-Pope;G;23:50;0;2;0;2;0;0;0;0;0;0;1;1;0;4;0;
Brandon Jennings;G;31:14;7;16;1;4;6;7;2;2;4;8;1;0;2;2;21;
Rodney Stuckey;;13:34;3;6;0;0;0;0;0;0;0;0;1;0;1;2;6;
Kyle Singler;;26:05;3;5;1;2;0;0;0;3;3;1;0;0;1;1;7;
Josh Harrellson;;24:21;4;8;1;3;0;0;3;3;6;1;0;1;0;2;9;
Will Bynum;;19:55;8;13;1;3;1;1;0;2;2;2;1;0;3;3;18;
Gigi Datome;;21:13;1;6;0;1;0;0;0;4;4;1;0;0;2;1;2;
Jonas Jerebko;;13:14;3;5;1;1;1;2;2;3;5;1;1;0;2;0;8;
ORL
Tobias Harris;F;34:22;6;10;0;2;4;6;1;9;10;2;2;0;0;1;16;
Glen Davis;F;30:41;7;15;0;0;0;1;3;5;8;1;0;0;0;2;14;
Nikola Vucevic;C;34:09;9;16;0;0;2;2;5;6;11;0;1;1;2;3;20;
Arron Afflalo;G;33:21;9;11;2;2;3;4;1;2;3;2;1;0;4;3;23;
Jameer Nelson;G;24:00;3;7;0;4;0;0;0;6;6;5;1;0;2;2;6;
Victor Oladipo;;36:46;5;12;1;4;5;8;1;4;5;11;1;0;1;5;16;
Maurice Harkless;;20:34;1;6;0;1;0;0;0;3;3;4;1;0;1;1;2;
Ronnie Price;;4:31;3;4;1;1;0;0;0;0;0;0;2;0;0;0;7;
Doron Lamb;;7:25;0;0;0;0;0;0;0;1;1;0;1;0;2;0;0;
Jason Maxiell;;8:23;2;3;0;0;0;0;0;0;0;0;0;1;1;2;4;
Kyle O'Quinn;;2:54;0;0;0;0;1;2;1;1;2;1;0;0;0;0;1;
Solomon Jones;;2:54;0;1;0;0;0;0;0;0;0;0;0;0;0;0;0;
