12-13;BKN-DET;99-103;
24-23;20-38;24-25;31-17;
BKN
Alan Anderson;F;27:25;2;4;1;1;0;0;0;1;1;1;1;0;0;2;5;
Kevin Garnett;F;18:36;2;8;0;0;0;0;1;7;8;2;0;0;1;3;4;
Reggie Evans;C;10:40;1;2;0;0;1;2;1;1;2;1;0;0;3;1;3;
Joe Johnson;G;37:19;5;16;2;7;0;0;0;4;4;5;0;1;1;2;12;
Deron Williams;G;41:29;7;13;2;4;6;7;0;2;2;9;0;0;4;1;22;
Andray Blatche;;31:32;7;15;0;1;6;9;4;8;12;0;1;1;1;5;20;
Mason Plumlee;;11:23;1;1;0;0;2;2;0;1;1;1;1;1;1;1;4;
Paul Pierce;;28:53;5;9;2;4;0;0;1;3;4;4;1;0;1;4;12;
Shaun Livingston;;8:54;0;1;0;0;0;0;0;0;0;0;0;0;0;1;0;
Mirza Teletovic;;23:49;6;10;5;6;0;0;0;4;4;1;0;1;0;5;17;
DET
Josh Smith;F;35:09;3;13;0;1;4;6;2;4;6;6;0;1;3;4;10;
Greg Monroe;F;34:28;10;18;0;0;2;4;4;7;11;2;0;0;3;3;22;
Andre Drummond;C;39:07;8;11;0;0;6;8;3;10;13;0;1;2;3;3;22;
Kentavious Caldwell-Pope;G;18:41;2;4;2;3;0;0;0;3;3;2;0;0;0;1;6;
Brandon Jennings;G;35:04;3;14;0;3;2;3;0;3;3;4;0;0;1;4;8;
Kyle Singler;;23:23;5;8;1;2;5;5;0;2;2;0;0;1;0;2;16;
Rodney Stuckey;;29:19;7;13;0;0;3;5;0;2;2;3;1;0;1;2;17;
Josh Harrellson;;11:29;1;1;0;0;0;0;0;2;2;1;0;0;1;2;2;
Chauncey Billups;;13:20;0;1;0;1;0;0;0;1;1;5;0;0;1;0;0;
