03-18;ORL-GSW;89-103;
27-30;20-27;19-30;23-16;
ORL
Maurice Harkless;F;28:48;3;5;2;3;4;4;0;4;4;2;0;0;1;4;12;
Kyle O'Quinn;F;21:03;4;7;0;0;2;4;0;5;5;3;0;2;3;2;10;
Nikola Vucevic;C;22:43;7;14;0;0;1;2;2;3;5;1;0;0;1;0;15;
Arron Afflalo;G;22:21;2;7;0;0;0;0;0;1;1;1;0;0;2;1;4;
Jameer Nelson;G;23:17;2;7;0;2;0;0;1;3;4;7;1;0;3;2;4;
Tobias Harris;;27:37;5;11;1;1;3;3;0;6;6;1;0;0;1;2;14;
E'Twaun Moore;;29:00;3;8;0;4;0;1;0;1;1;1;0;0;1;1;6;
Victor Oladipo;;27:05;3;8;1;2;3;4;0;5;5;5;1;0;4;3;10;
Doron Lamb;;13:29;1;2;0;1;0;0;1;4;5;0;0;0;0;0;2;
Andrew Nicholson;;12:37;3;6;0;0;2;2;0;1;1;1;0;0;0;0;8;
Dewayne Dedmon;;12:00;2;2;0;0;0;0;1;2;3;0;0;0;0;2;4;
GSW
Harrison Barnes;F;30:57;1;6;0;3;2;2;0;5;5;3;0;0;0;0;4;
Draymond Green;F;35:40;2;11;0;2;2;2;1;8;9;3;2;0;2;4;6;
David Lee;C;31:57;8;12;0;0;4;4;2;8;10;1;1;0;1;2;20;
Klay Thompson;G;32:42;7;14;4;5;2;2;0;3;3;2;0;0;1;4;20;
Stephen Curry;G;31:46;9;13;3;6;2;2;1;2;3;5;0;0;3;1;23;
Steve Blake;;28:37;3;5;3;5;3;3;0;4;4;4;3;1;1;1;12;
Marreese Speights;;23:24;5;10;0;1;3;4;3;5;8;1;1;1;2;5;13;
Jordan Crawford;;18:03;2;8;0;3;1;2;0;0;0;1;0;0;1;2;5;
Nemanja Nedovic;;3:27;0;3;0;2;0;0;0;0;0;0;0;0;0;0;0;
Ognjen Kuzmic;;3:27;0;0;0;0;0;0;2;0;2;1;0;0;0;0;0;
