12-05;NYK-BKN;113-83;
29-23;21-20;34-16;29-24;
NYK
Carmelo Anthony;F;31:04;8;12;1;1;2;2;3;7;10;6;0;1;2;3;19;
Kenyon Martin;F;24:36;1;2;0;0;0;0;0;1;1;4;2;1;2;3;2;
Andrea Bargnani;C;27:50;7;13;1;2;1;1;1;1;2;3;1;3;1;3;16;
Iman Shumpert;G;23:05;5;8;5;7;2;2;1;5;6;0;2;0;0;3;17;
Raymond Felton;G;28:30;5;9;3;5;0;0;0;1;1;4;0;0;3;2;13;
J.R. Smith;;24:31;3;6;2;4;0;0;0;3;3;1;0;0;0;4;8;
Amar'e Stoudemire;;19:22;5;6;0;0;1;2;1;3;4;0;0;1;1;3;11;
Pablo Prigioni;;12:45;2;2;1;1;0;0;0;0;0;3;2;0;0;2;5;
Tim Hardaway Jr.;;19:12;5;11;2;6;0;0;0;0;0;1;0;0;0;2;12;
Metta World Peace;;8:50;1;1;1;1;0;0;0;1;1;0;1;0;0;1;3;
Beno Udrih;;6:45;1;2;0;0;0;0;0;0;0;1;0;0;1;1;2;
Toure Murry;;6:45;1;4;0;0;1;2;0;0;0;1;2;0;1;1;3;
Cole Aldrich;;6:45;0;1;0;0;2;2;1;1;2;0;1;1;1;1;2;
BKN
Alan Anderson;F;31:08;3;9;2;6;0;0;0;2;2;1;1;0;2;4;8;
Kevin Garnett;F;19:56;3;5;0;0;0;0;2;4;6;0;0;0;0;3;6;
Brook Lopez;C;34:31;9;18;0;0;6;7;8;1;9;1;1;1;1;1;24;
Joe Johnson;G;35:47;4;15;0;3;5;8;1;2;3;2;1;1;2;1;13;
Tyshawn Taylor;G;24:45;2;9;0;0;0;0;0;2;2;2;0;0;2;5;4;
Andray Blatche;;13:04;1;3;0;1;0;2;1;1;2;3;0;0;3;4;2;
Shaun Livingston;;23:19;2;4;0;0;5;6;0;1;1;1;0;1;2;1;9;
Mason Plumlee;;16:01;2;2;0;0;4;6;0;0;0;1;0;0;1;1;8;
Mirza Teletovic;;28:42;2;5;2;5;0;0;2;6;8;0;0;0;1;4;6;
Tornike Shengelia;;12:47;1;3;0;1;1;2;1;1;2;0;0;0;2;1;3;
