11-16;BKN-LAC;103-110;
26-29;29-25;20-22;28-34;
BKN
Alan Anderson;F;32:09;4;9;4;7;3;3;2;2;4;0;0;0;1;1;15;
Reggie Evans;F;21:45;1;2;0;0;0;0;2;9;11;0;0;0;1;4;2;
Andray Blatche;C;33:41;8;11;1;1;2;2;3;5;8;2;1;0;1;3;19;
Joe Johnson;G;34:17;5;17;2;6;1;2;1;2;3;6;0;0;2;2;13;
Shaun Livingston;G;32:43;4;14;0;0;3;4;3;2;5;5;2;0;3;4;11;
Mason Plumlee;;26:36;7;10;0;0;5;12;4;2;6;0;1;1;0;3;19;
Jason Terry;;25:13;3;7;1;4;2;2;0;0;0;5;0;0;0;2;9;
Mirza Teletovic;;10:05;1;7;0;3;0;0;1;1;2;1;0;0;0;0;2;
Tyshawn Taylor;;15:17;3;6;1;1;6;8;0;0;0;4;3;0;3;4;13;
Tornike Shengelia;;8:14;0;2;0;1;0;0;0;0;0;1;0;0;0;3;0;
LAC
Jared Dudley;F;24:34;0;6;0;4;0;0;1;0;1;1;0;0;1;2;0;
Blake Griffin;F;39:59;12;19;0;0;6;11;3;9;12;2;0;1;3;5;30;
DeAndre Jordan;C;35:11;2;3;0;0;5;8;6;10;16;0;0;5;2;3;9;
JJ Redick;G;29:37;9;14;5;7;3;4;0;1;1;1;1;0;1;1;26;
Chris Paul;G;34:28;3;12;2;4;4;4;0;7;7;13;3;0;1;2;12;
Jamal Crawford;;20:46;5;8;1;3;2;3;0;2;2;4;1;0;4;1;13;
Ryan Hollins;;5:12;2;2;0;0;0;0;1;1;2;0;0;0;0;0;4;
Matt Barnes;;23:42;1;3;0;0;0;0;1;4;5;0;0;0;0;4;2;
Darren Collison;;13:46;2;5;0;2;0;0;0;2;2;1;1;0;1;1;4;
Byron Mullens;;9:31;4;4;2;2;0;0;1;1;2;1;0;0;3;2;10;
Reggie Bullock;;3:15;0;1;0;1;0;0;0;1;1;0;0;1;1;0;0;
