12-14;SAS-UTA;100-84;
23-17;32-23;25-26;20-18;
SAS
Kawhi Leonard;F;30:45;6;8;1;3;0;0;1;2;3;2;2;0;2;1;13;
Tim Duncan;F;28:40;9;17;0;0;4;6;2;10;12;3;0;0;2;2;22;
Jeff Ayres;C;11:54;0;4;0;0;0;0;3;1;4;1;0;0;1;2;0;
Danny Green;G;17:12;1;4;1;3;0;0;0;4;4;0;0;1;0;2;3;
Tony Parker;G;29:51;6;15;0;1;3;3;0;5;5;7;0;0;2;2;15;
Boris Diaw;;23:20;2;3;0;1;0;0;0;4;4;3;1;0;0;1;4;
Marco Belinelli;;24:16;4;8;3;3;0;0;0;3;3;1;0;0;1;1;11;
Manu Ginobili;;21:29;2;6;0;3;2;2;0;6;6;3;1;0;2;1;6;
Patty Mills;;17:07;5;7;1;2;0;0;2;1;3;2;1;0;0;2;11;
Aron Baynes;;16:46;4;8;0;0;1;1;2;6;8;2;0;0;0;1;9;
Matt Bonner;;15:12;2;5;2;4;0;0;0;2;2;0;0;0;0;0;6;
Nando De Colo;;2:26;0;1;0;0;0;0;0;0;0;0;0;0;0;0;0;
Cory Joseph;;1:02;0;2;0;0;0;0;1;0;1;0;1;0;0;0;0;
UTA
Richard Jefferson;F;24:10;3;5;1;1;1;1;0;4;4;1;0;1;0;0;8;
Marvin Williams;F;27:10;4;7;2;4;0;0;0;7;7;2;1;3;0;3;10;
Derrick Favors;C;31:00;3;8;0;0;0;0;1;6;7;0;0;2;2;4;6;
Gordon Hayward;G;40:01;7;16;0;4;4;5;0;5;5;5;2;1;1;1;18;
Trey Burke;G;32:08;9;18;1;4;1;2;0;2;2;5;0;0;2;2;20;
Alec Burks;;26:29;4;16;0;4;1;1;1;1;2;0;0;0;0;2;9;
Jeremy Evans;;20:50;2;7;0;0;0;0;4;7;11;2;1;2;1;0;4;
Diante Garrett;;6:14;0;1;0;0;0;0;0;0;0;1;1;0;1;0;0;
Enes Kanter;;15:58;1;6;0;0;1;2;1;0;1;0;0;2;2;3;3;
Brandon Rush;;4:18;1;3;1;2;0;0;0;0;0;0;0;0;0;1;3;
John Lucas III;;10:40;1;2;1;1;0;0;0;1;1;1;0;0;0;1;3;
Michael Harris;;1:02;0;0;0;0;0;0;1;1;2;0;0;0;0;0;0;
