03-10;TOR-BKN;97-101;
30-19;21-31;22-28;24-23;
TOR
Terrence Ross;F;32:30;5;12;2;8;0;0;1;3;4;1;0;0;1;3;12;
Amir Johnson;F;36:05;8;14;0;1;0;0;0;5;5;2;2;4;1;3;16;
Jonas Valanciunas;C;22:05;2;3;0;0;2;3;3;3;6;0;0;2;1;3;6;
DeMar DeRozan;G;35:20;3;9;0;2;8;8;0;3;3;1;0;0;2;3;14;
Kyle Lowry;G;37:46;8;16;4;8;1;1;2;6;8;7;2;0;4;5;21;
Tyler Hansbrough;;22:36;4;6;0;0;8;10;1;3;4;0;2;0;0;0;16;
Greivis Vasquez;;18:05;2;6;0;3;0;0;0;3;3;5;0;0;1;1;4;
John Salmons;;21:10;1;3;0;1;2;2;0;2;2;3;0;0;1;1;4;
Steve Novak;;7:15;1;1;0;0;0;0;0;1;1;0;1;0;0;3;2;
Charles Hayes;;7:08;1;1;0;0;0;0;0;1;1;0;0;0;1;0;2;
BKN
Joe Johnson;F;33:02;6;13;2;4;0;0;1;3;4;4;0;0;1;1;14;
Paul Pierce;F;29:38;3;8;3;4;6;8;0;4;4;0;4;0;6;4;15;
Mason Plumlee;C;26:10;3;7;0;0;0;0;3;5;8;0;1;1;0;3;6;
Shaun Livingston;G;32:49;7;10;0;0;4;4;1;2;3;3;1;0;2;3;18;
Deron Williams;G;35:44;6;13;4;7;2;4;0;2;2;5;1;0;1;5;18;
Andray Blatche;;28:49;4;7;0;0;1;2;1;3;4;2;2;1;1;4;9;
Marcus Thornton;;18:07;2;6;1;3;0;1;0;0;0;0;0;0;1;2;5;
Mirza Teletovic;;7:22;1;3;0;1;3;4;2;0;2;0;0;0;1;0;5;
Alan Anderson;;24:18;2;3;1;1;6;8;0;3;3;1;0;0;0;2;11;
Jason Collins;;4:01;0;0;0;0;0;0;0;0;0;0;0;0;1;3;0;
