11-04;GSW-PHI;110-90;
36-22;30-20;32-23;12-25;
GSW
Andre Iguodala;F;32:39;11;18;7;11;3;4;1;2;3;3;3;1;1;2;32;
David Lee;F;26:12;8;15;0;0;2;2;3;4;7;2;0;0;5;0;18;
Andrew Bogut;C;22:57;1;1;0;0;2;4;0;7;7;3;2;1;1;4;4;
Klay Thompson;G;29:38;5;12;4;8;1;2;1;2;3;2;2;0;1;3;15;
Stephen Curry;G;29:13;7;16;2;9;2;2;3;7;10;12;5;1;2;0;18;
Marreese Speights;;14:00;4;8;0;1;1;2;0;2;2;0;0;1;1;3;9;
Draymond Green;;20:50;1;4;0;1;0;0;0;9;9;2;2;2;1;2;2;
Jermaine O'Neal;;12:06;0;3;0;0;0;0;1;3;4;1;1;0;1;3;0;
Toney Douglas;;18:47;1;5;1;4;0;0;2;1;3;2;1;0;3;3;3;
Kent Bazemore;;13:02;2;6;1;2;2;4;1;2;3;1;2;1;2;2;7;
Nemanja Nedovic;;11:40;1;3;0;2;0;0;0;1;1;0;0;0;2;0;2;
Ognjen Kuzmic;;8:56;0;1;0;0;0;0;1;1;2;0;0;0;2;2;0;
PHI
Evan Turner;F;25:05;7;12;0;1;4;5;2;5;7;1;3;0;5;0;18;
Thaddeus Young;F;22:34;3;10;0;2;0;0;0;2;2;1;0;0;2;1;6;
Spencer Hawes;C;26:22;1;6;1;2;2;4;3;5;8;3;0;1;3;4;5;
James Anderson;G;25:30;3;7;1;3;0;0;2;3;5;1;0;1;0;1;7;
Michael Carter-Williams;G;34:56;4;17;1;7;9;12;1;5;6;4;0;0;6;3;18;
Lavoy Allen;;18:28;1;3;0;0;0;0;0;8;8;1;0;0;2;2;2;
Tony Wroten;;22:19;6;14;1;5;1;5;1;2;3;1;0;0;0;1;14;
Daniel Orton;;17:04;0;2;0;0;1;3;2;4;6;1;0;0;2;2;1;
Darius Morris;;19:27;2;6;0;3;4;5;1;1;2;5;4;0;2;3;8;
Hollis Thompson;;16:43;3;7;1;2;0;0;1;3;4;0;0;1;2;1;7;
Brandon Davies;;11:32;1;4;0;0;2;3;1;0;1;1;2;0;0;0;4;
