11-22;BKN-MIN;81-111;
14-30;23-27;21-33;23-21;
BKN
Paul Pierce;F;21:31;2;11;0;4;2;2;0;3;3;1;0;0;2;1;6;
Kevin Garnett;F;20:41;4;6;0;0;0;0;2;6;8;2;0;1;0;3;8;
Reggie Evans;C;15:22;0;1;0;0;0;0;1;7;8;0;0;0;4;1;0;
Joe Johnson;G;26:18;6;10;2;3;1;1;0;2;2;4;1;0;1;2;15;
Shaun Livingston;G;24:01;0;7;0;0;1;2;2;1;3;0;1;0;1;0;1;
Andray Blatche;;21:43;7;14;0;0;2;2;2;2;4;0;0;0;4;3;16;
Alan Anderson;;26:28;5;11;1;3;0;0;1;2;3;0;2;0;1;2;11;
Mason Plumlee;;23:13;0;2;0;0;2;4;1;3;4;0;1;1;1;2;2;
Tyshawn Taylor;;23:59;3;9;1;2;6;8;0;2;2;0;0;0;3;3;13;
Tornike Shengelia;;21:43;1;2;0;1;0;1;1;2;3;0;0;0;2;1;2;
Mirza Teletovic;;15:01;3;5;1;3;0;0;0;7;7;0;0;0;1;0;7;
MIN
Corey Brewer;F;27:54;6;13;3;6;0;0;1;0;1;1;1;1;1;2;15;
Kevin Love;F;27:54;5;11;0;3;7;7;6;10;16;4;2;0;1;1;17;
Nikola Pekovic;C;26:00;5;12;0;0;5;7;4;3;7;1;0;1;1;1;15;
Kevin Martin;G;31:21;6;16;2;6;3;3;0;1;1;3;1;0;0;2;17;
Ricky Rubio;G;24:43;4;8;2;3;2;2;0;2;2;8;3;0;2;3;12;
Jose Juan Barea;;15:07;2;5;2;4;2;2;0;0;0;2;0;0;0;1;8;
Dante Cunningham;;19:03;2;5;0;0;0;0;1;6;7;3;1;1;1;2;4;
Robbie Hummel;;23:29;2;9;1;8;0;0;0;4;4;1;1;0;0;2;5;
Derrick Williams;;15:01;3;7;0;1;0;0;2;3;5;0;1;0;0;1;6;
Alexey Shved;;13:16;2;6;1;4;0;0;1;0;1;2;0;0;1;1;5;
A.J. Price;;8:06;1;2;0;1;0;0;0;0;0;2;0;0;0;1;2;
Gorgui Dieng;;8:06;2;3;0;0;1;2;2;1;3;1;0;3;1;2;5;
