12-16;SAS-LAC;92-115;
28-21;21-34;21-23;22-37;
SAS
Kawhi Leonard;F;31:33;6;11;0;2;0;0;4;4;8;1;1;0;1;4;12;
Tim Duncan;F;32:17;5;12;0;0;7;8;2;9;11;5;1;1;2;4;17;
Tiago Splitter;C;19:11;1;2;0;0;0;4;1;2;3;1;1;0;1;3;2;
Danny Green;G;18:59;3;6;1;2;0;0;1;1;2;1;2;0;3;2;7;
Tony Parker;G;25:46;3;8;1;1;1;2;0;1;1;6;1;0;1;1;8;
Manu Ginobili;;24:47;8;11;0;1;0;0;0;4;4;2;0;0;4;1;16;
Boris Diaw;;21:02;4;7;0;1;1;2;0;2;2;2;1;1;2;1;9;
Marco Belinelli;;23:12;2;9;2;7;1;1;0;2;2;1;0;0;2;5;7;
Matt Bonner;;8:09;0;0;0;0;0;0;0;0;0;0;0;0;1;0;0;
Jeff Ayres;;9:10;1;2;0;0;0;0;0;2;2;0;1;0;1;1;2;
Patty Mills;;14:20;3;7;2;4;0;0;0;0;0;0;0;1;2;2;8;
Cory Joseph;;11:35;1;1;0;0;2;4;1;0;1;1;0;0;2;3;4;
LAC
Jared Dudley;F;35:07;5;10;4;6;0;0;2;5;7;2;2;0;1;2;14;
Blake Griffin;F;33:57;8;14;0;0;11;15;2;7;9;2;0;0;3;3;27;
DeAndre Jordan;C;30:33;2;3;0;0;3;6;3;8;11;1;1;3;5;4;7;
Jamal Crawford;G;39:03;5;16;3;8;4;4;1;3;4;3;2;0;3;2;17;
Chris Paul;G;35:48;8;13;1;3;6;7;1;7;8;7;4;0;2;1;23;
Willie Green;;25:41;4;5;3;4;0;0;0;3;3;2;1;0;2;2;11;
Antawn Jamison;;7:21;0;1;0;0;0;0;0;1;1;0;0;0;0;2;0;
Darren Collison;;13:31;4;9;0;1;2;3;0;0;0;2;2;1;0;0;10;
Stephen Jackson;;16:54;3;5;0;1;0;0;0;0;0;0;0;0;1;2;6;
Ryan Hollins;;2:06;0;0;0;0;0;0;0;0;0;0;0;0;1;2;0;
