12-25;MIA-LAL;101-95;
21-27;30-19;25-28;25-21;
MIA
LeBron James;F;35:48;7;14;0;4;5;9;0;8;8;4;0;0;2;2;19;
Shane Battier;F;16:52;1;5;1;5;0;0;0;2;2;1;0;0;0;2;3;
Chris Bosh;C;31:07;9;18;0;2;5;6;4;7;11;2;1;0;0;3;23;
Dwyane Wade;G;38:46;11;17;1;1;0;2;1;5;6;7;3;0;3;1;23;
Mario Chalmers;G;30:58;3;7;1;3;0;0;1;5;6;7;2;0;2;1;7;
Ray Allen;;21:26;4;5;4;5;0;0;0;2;2;2;1;1;0;1;12;
Rashard Lewis;;19:20;1;5;1;5;0;0;1;0;1;2;1;0;1;3;3;
Chris Andersen;;8:20;1;1;0;0;0;0;0;1;1;0;0;1;1;2;2;
Norris Cole;;28:50;3;6;1;2;0;0;0;4;4;3;1;0;2;2;7;
Udonis Haslem;;8:33;1;2;0;0;0;0;0;2;2;1;0;0;1;3;2;
LAL
Wesley Johnson;F;26:39;4;10;4;9;0;0;0;2;2;2;0;0;2;4;12;
Shawne Williams;F;15:58;1;4;1;4;0;0;0;5;5;0;0;0;0;2;3;
Pau Gasol;C;28:40;6;12;0;0;1;2;3;10;13;3;1;1;1;1;13;
Jodie Meeks;G;37:33;6;12;4;10;1;2;1;3;4;3;2;0;3;3;17;
Jordan Farmar;G;32:30;1;7;0;4;1;2;1;4;5;2;0;0;4;1;3;
Xavier Henry;;25:57;5;8;0;1;4;7;2;3;5;2;2;0;4;3;14;
Jordan Hill;;24:16;2;6;0;0;5;9;4;6;10;1;3;3;1;1;9;
Nick Young;;31:37;7;18;4;7;2;2;1;1;2;1;0;0;2;2;20;
Ryan Kelly;;16:50;1;2;1;1;1;2;0;1;1;1;0;0;0;2;4;
