04-16;IND-ORL;101-86;
25-20;21-20;29-22;26-24;
IND
Rasual Butler;F;37:43;8;13;2;4;1;4;0;2;2;5;0;0;0;4;19;
Luis Scola;F;24:11;4;10;0;0;2;2;4;4;8;4;0;0;2;1;10;
Roy Hibbert;C;17:29;1;7;0;0;2;2;1;6;7;0;0;1;0;1;4;
Evan Turner;G;34:28;5;6;1;1;3;3;0;8;8;6;1;0;3;2;14;
George Hill;G;14:25;2;5;1;2;0;0;2;2;4;2;2;0;0;1;5;
Solomon Hill;;26:23;2;6;1;2;0;0;0;5;5;1;0;0;1;0;5;
Chris Copeland;;26:23;7;16;5;11;0;0;1;2;3;2;1;0;2;5;19;
Donald Sloan;;31:01;6;13;1;3;0;0;2;2;4;3;0;0;3;2;13;
Lavoy Allen;;27:57;6;12;0;0;0;0;5;6;11;3;1;1;1;1;12;
ORL
Maurice Harkless;F;37:38;5;9;0;2;4;7;3;2;5;2;2;1;1;2;14;
Kyle O'Quinn;F;20:56;1;6;0;0;4;6;1;4;5;0;0;1;3;1;6;
Dewayne Dedmon;C;26:53;4;10;0;0;0;0;4;9;13;0;2;2;1;3;8;
Arron Afflalo;G;6:15;2;2;1;1;2;2;0;1;1;1;1;0;1;0;7;
Victor Oladipo;G;17:24;2;8;0;1;0;0;0;2;2;1;1;0;2;2;4;
Doron Lamb;;39:59;4;12;3;7;0;0;0;0;0;2;0;0;0;3;11;
Andrew Nicholson;;33:07;4;8;0;0;2;2;0;4;4;1;0;0;1;1;10;
Jason Maxiell;;4:59;0;2;0;0;2;4;0;1;1;0;0;1;0;0;2;
E'Twaun Moore;;30:36;5;12;0;2;3;3;1;5;6;3;0;0;0;1;13;
Ronnie Price;;12:08;2;4;1;2;0;0;0;2;2;4;3;0;1;3;5;
Tobias Harris;;10:05;3;6;0;0;0;0;0;1;1;0;0;0;0;0;6;
