03-28;LAL-MIN;107-143;
24-41;19-33;34-37;30-32;
LAL
Kent Bazemore;F;35:36;9;18;1;4;2;3;1;3;4;4;3;1;1;5;21;
Jordan Hill;F;24:19;5;12;0;0;0;0;3;4;7;0;1;0;2;3;10;
Chris Kaman;C;5:37;1;2;0;0;0;0;0;1;1;0;1;0;0;1;2;
Jodie Meeks;G;31:51;6;13;1;4;6;6;1;1;2;0;1;0;0;1;19;
Kendall Marshall;G;15:20;0;6;0;4;0;0;0;0;0;3;1;0;2;2;0;
Wesley Johnson;;24:13;6;10;1;2;0;0;0;0;0;1;2;0;1;5;13;
Nick Young;;27:38;3;12;3;6;2;2;1;0;1;2;4;0;0;3;11;
Steve Nash;;14:55;2;5;0;2;0;0;0;0;0;6;1;0;2;2;4;
Robert Sacre;;30:34;6;11;0;0;2;4;6;1;7;1;0;0;0;4;14;
Ryan Kelly;;23:47;4;11;1;3;0;0;2;2;4;4;0;1;0;4;9;
MarShon Brooks;;6:10;2;2;0;0;0;0;0;0;0;1;1;0;0;0;4;
MIN
Corey Brewer;F;26:36;3;6;0;1;5;5;1;2;3;3;2;0;0;1;11;
Kevin Love;F;28:44;6;10;3;5;7;9;0;10;10;10;1;0;4;1;22;
Nikola Pekovic;C;21:37;9;10;0;0;8;8;1;2;3;0;0;0;3;3;26;
Kevin Martin;G;24:09;7;12;1;3;2;2;1;2;3;4;0;0;1;0;17;
Ricky Rubio;G;26:18;4;5;0;0;2;3;0;6;6;6;1;0;2;0;10;
Gorgui Dieng;;22:32;5;5;0;0;4;7;3;6;9;0;0;1;2;5;14;
Chase Budinger;;23:51;3;7;1;3;4;4;2;3;5;3;2;0;0;1;11;
Jose Juan Barea;;15:32;3;6;2;3;0;0;0;4;4;4;0;0;3;0;8;
Dante Cunningham;;13:43;4;6;0;0;0;1;1;2;3;0;0;1;2;0;8;
Luc Mbah a Moute;;14:30;1;2;0;1;0;0;0;1;1;0;0;0;0;2;2;
Robbie Hummel;;9:24;0;0;0;0;0;0;0;1;1;0;0;0;0;0;0;
Shabazz Muhammad;;6:54;4;4;1;1;0;0;0;0;0;0;0;0;1;0;9;
Alexey Shved;;6:10;2;3;0;1;1;1;0;1;1;3;0;0;3;1;5;
