04-11;NOP-OKC;94-116;
23-30;24-30;15-27;32-29;
NOP
Darius Miller;F;30:44;7;13;2;5;2;2;0;0;0;3;1;0;1;2;18;
Jeff Withey;F;25:05;4;12;0;0;0;2;4;1;5;1;0;0;0;2;8;
Greg Stiemsma;C;25:13;0;1;0;1;1;2;0;4;4;1;1;2;1;2;1;
Austin Rivers;G;40:22;7;13;2;2;2;3;0;8;8;5;1;0;2;4;18;
Tyreke Evans;G;20:56;5;11;1;2;2;2;0;1;1;6;0;0;2;0;13;
Alexis Ajinca;;22:16;4;11;0;0;4;4;2;4;6;0;0;1;2;5;12;
Anthony Morrow;;24:24;1;9;1;1;2;2;0;2;2;2;1;0;2;2;5;
Al-Farouq Aminu;;14:49;1;2;0;1;0;0;0;0;0;1;0;0;2;1;2;
Brian Roberts;;7:38;0;4;0;1;2;2;1;0;1;0;0;0;0;1;2;
Luke Babbitt;;19:02;2;3;1;2;0;0;1;4;5;5;0;0;0;1;5;
James Southerland;;9:31;4;7;2;3;0;0;0;3;3;0;0;1;0;0;10;
OKC
Kevin Durant;F;30:18;10;18;0;2;7;9;1;5;6;5;1;2;1;1;27;
Serge Ibaka;F;29:33;6;8;0;0;4;4;2;8;10;0;0;8;2;3;16;
Kendrick Perkins;C;17:34;1;3;0;0;0;0;0;5;5;1;1;0;0;2;2;
Thabo Sefolosha;G;20:33;1;2;0;1;0;0;0;4;4;2;0;0;2;4;2;
Russell Westbrook;G;28:15;10;17;0;2;4;4;2;3;5;7;0;1;1;2;24;
Nick Collison;;15:56;2;4;0;0;2;3;2;2;4;0;1;0;3;0;6;
Caron Butler;;19:53;2;5;1;2;0;0;0;4;4;2;2;0;0;1;5;
Reggie Jackson;;23:50;3;8;1;2;4;4;0;4;4;8;1;1;1;3;11;
Derek Fisher;;16:38;2;2;1;1;0;0;0;2;2;2;2;0;0;1;5;
Perry Jones;;14:32;2;6;1;2;0;0;1;1;2;0;0;0;0;0;5;
Steven Adams;;10:08;2;2;0;0;0;1;0;1;1;0;0;0;0;1;4;
Jeremy Lamb;;8:40;3;6;1;1;2;2;0;0;0;1;0;0;0;2;9;
Hasheem Thabeet;;4:10;0;1;0;0;0;0;0;0;0;0;0;0;1;1;0;
