12-22;TOR-OKC;104-98;
25-21;37-35;13-28;29-14;
TOR
Terrence Ross;F;22:48;2;10;2;4;0;0;0;2;2;2;0;0;0;4;6;
Amir Johnson;F;32:04;7;11;1;1;2;2;5;8;13;1;1;0;1;4;17;
Jonas Valanciunas;C;35:27;6;10;0;0;1;2;2;4;6;0;0;2;1;2;13;
DeMar DeRozan;G;38:10;7;20;0;0;3;5;0;2;2;4;0;0;2;4;17;
Kyle Lowry;G;37:18;6;16;3;6;7;7;2;5;7;9;4;0;2;3;22;
John Salmons;;30:38;5;12;1;5;3;3;0;3;3;2;2;0;3;5;14;
Tyler Hansbrough;;12:03;0;3;0;0;3;4;2;1;3;0;0;0;0;2;3;
Patrick Patterson;;16:11;2;3;1;1;0;0;1;1;2;0;0;0;0;1;5;
Steve Novak;;0:16;0;0;0;0;0;0;0;0;0;0;0;0;0;0;0;
Greivis Vasquez;;15:06;1;6;0;3;5;6;0;4;4;4;0;0;4;4;7;
OKC
Kevin Durant;F;37:06;5;16;2;7;12;12;1;7;8;3;0;0;6;2;24;
Serge Ibaka;F;31:51;4;9;1;1;0;0;2;4;6;1;1;2;1;4;9;
Kendrick Perkins;C;18:47;0;1;0;0;0;0;0;3;3;0;0;0;2;4;0;
Thabo Sefolosha;G;17:39;1;2;1;1;2;2;1;1;2;1;1;0;1;5;5;
Russell Westbrook;G;35:13;8;17;1;2;10;11;1;8;9;5;2;0;5;2;27;
Jeremy Lamb;;22:11;3;8;1;4;0;0;0;1;1;0;1;1;0;2;7;
Steven Adams;;10:37;0;3;0;0;0;0;3;2;5;0;0;2;1;5;0;
Reggie Jackson;;21:17;1;11;0;5;4;4;0;4;4;5;1;0;3;0;6;
Nick Collison;;16:09;2;3;0;0;2;2;2;3;5;1;1;1;0;1;6;
Perry Jones;;11:37;3;4;0;1;2;2;2;1;3;0;0;1;0;1;8;
Derek Fisher;;17:33;1;2;1;2;3;3;1;0;1;1;0;0;0;2;6;
