11-11;DEN-UTA;100-81;
20-26;26-19;24-23;30-13;
DEN
Jordan Hamilton;F;17:27;2;6;1;5;0;0;1;3;4;0;0;0;1;2;5;
Kenneth Faried;F;28:09;6;11;0;0;3;3;4;9;13;0;1;0;1;2;15;
JJ Hickson;C;28:53;5;9;0;0;4;6;3;6;9;0;0;1;1;3;14;
Randy Foye;G;30:33;3;10;1;5;0;0;0;2;2;1;0;0;0;2;7;
Ty Lawson;G;32:02;6;13;0;1;5;6;1;5;6;10;1;0;1;1;17;
Timofey Mozgov;;19:07;3;6;0;0;4;4;2;3;5;0;0;0;2;5;10;
Evan Fournier;;13:29;1;3;1;2;2;2;0;0;0;0;0;0;2;3;5;
Darrell Arthur;;19:18;3;7;0;0;0;0;1;4;5;1;0;0;2;3;6;
Anthony Randolph;;12:18;2;4;1;2;1;2;0;6;6;1;1;0;3;4;6;
Andre Miller;;26:37;5;8;1;1;4;4;1;0;1;1;0;0;1;3;15;
Nate Robinson;;12:06;0;3;0;1;0;0;0;1;1;4;2;0;0;0;0;
UTA
Richard Jefferson;F;25:00;2;10;0;4;2;4;0;3;3;1;1;0;1;3;6;
Derrick Favors;F;34:45;8;15;0;0;5;8;2;11;13;1;0;3;1;5;21;
Enes Kanter;C;33:29;6;12;0;0;0;0;2;2;4;0;0;0;3;5;12;
Gordon Hayward;G;40:21;8;16;1;5;5;6;0;3;3;2;1;2;7;1;22;
John Lucas III;G;33:59;2;8;0;2;0;0;1;2;3;2;0;0;0;2;4;
Marvin Williams;;18:00;2;3;2;3;0;0;0;1;1;0;2;1;1;2;6;
Alec Burks;;30:58;2;9;0;2;3;3;2;3;5;1;0;0;0;3;7;
Jamaal Tinsley;;11:44;0;1;0;1;0;0;0;1;1;3;0;0;1;0;0;
Rudy Gobert;;11:44;1;3;0;0;1;2;2;0;2;1;0;0;0;1;3;
