03-09;PHX-GSW;107-113;
29-22;32-34;17-38;29-19;
PHX
PJ Tucker;F;26:26;3;5;1;2;4;4;2;7;9;0;1;0;1;4;11;
Channing Frye;F;30:06;6;11;2;4;2;2;1;3;4;1;1;0;3;4;16;
Alex Len;C;15:02;0;0;0;0;3;4;0;3;3;1;0;1;1;2;3;
Gerald Green;G;42:27;9;18;3;5;4;4;2;4;6;1;1;0;3;0;25;
Goran Dragic;G;37:39;8;14;3;3;5;6;0;1;1;6;1;0;3;5;24;
Miles Plumlee;;10:19;1;3;0;0;0;0;1;3;4;1;0;0;1;1;2;
Markieff Morris;;22:53;3;10;0;2;4;4;1;2;3;2;1;0;4;3;10;
Ish Smith;;23:31;2;5;0;0;0;0;1;5;6;5;1;0;1;2;4;
Marcus Morris;;28:37;4;9;1;5;2;2;1;3;4;4;0;0;2;3;11;
Shavlik Randolph;;3:00;0;0;0;0;1;2;0;1;1;0;0;0;0;0;1;
GSW
Andre Iguodala;F;35:33;2;6;1;2;2;4;2;3;5;6;4;0;2;0;7;
David Lee;F;37:24;11;18;0;0;4;5;2;7;9;3;0;0;5;5;26;
Andrew Bogut;C;14:26;2;2;0;0;0;0;0;1;1;0;1;0;0;2;4;
Klay Thompson;G;35:07;9;15;4;6;0;2;0;4;4;2;0;1;1;4;22;
Stephen Curry;G;30:16;7;16;1;5;3;3;0;2;2;9;0;0;1;1;18;
Steve Blake;;20:06;3;4;1;2;0;2;0;3;3;2;0;0;1;1;7;
Harrison Barnes;;31:21;3;8;1;2;0;0;3;3;6;3;2;0;0;1;7;
Jermaine O'Neal;;7:42;0;2;0;0;2;3;1;1;2;2;0;0;0;2;2;
Draymond Green;;22:28;5;8;1;3;2;2;1;0;1;0;0;2;2;6;13;
Jordan Crawford;;5:37;3;6;1;2;0;0;0;2;2;0;0;0;0;0;7;
