03-07;POR-DAL;98-103;
10-33;28-24;36-18;24-28;
POR
Nicolas Batum;F;38:59;3;8;1;5;2;2;2;3;5;5;0;2;3;3;9;
LaMarcus Aldridge;F;37:08;13;28;0;1;4;6;5;12;17;3;3;0;3;4;30;
Robin Lopez;C;30:23;0;2;0;0;2;2;2;3;5;2;0;2;2;2;2;
Wesley Matthews;G;34:26;11;19;4;8;0;1;1;5;6;0;1;0;2;3;26;
Damian Lillard;G;35:04;3;10;1;6;3;3;0;3;3;4;0;0;5;3;10;
Meyers Leonard;;5:59;1;2;0;0;0;0;0;1;1;0;0;0;0;2;2;
Mo Williams;;25:03;3;9;1;6;0;0;0;3;3;2;0;0;1;2;7;
Dorell Wright;;4:41;0;0;0;0;0;0;0;0;0;0;0;0;0;1;0;
CJ McCollum;;8:34;0;0;0;0;1;2;0;0;0;1;0;0;1;3;1;
Thomas Robinson;;19:45;4;5;0;0;3;5;4;5;9;0;1;2;2;6;11;
DAL
Shawn Marion;F;29:03;2;6;0;1;0;0;2;2;4;0;0;0;0;1;4;
Dirk Nowitzki;F;33:59;8;19;0;2;6;7;0;5;5;6;2;0;1;2;22;
Samuel Dalembert;C;28:14;1;5;0;0;2;2;3;5;8;0;1;3;1;5;4;
Monta Ellis;G;41:48;6;13;0;2;5;9;2;6;8;7;3;0;4;3;17;
Jose Calderon;G;29:44;8;16;3;6;0;0;0;0;0;2;1;0;0;2;19;
Vince Carter;;23:04;3;6;0;0;3;4;2;2;4;0;1;0;2;3;9;
Brandan Wright;;15:50;3;4;0;0;0;0;0;2;2;1;0;1;0;0;6;
Jae Crowder;;11:31;1;3;0;1;6;7;0;2;2;0;1;0;0;0;8;
Devin Harris;;22:52;4;6;1;1;3;5;0;3;3;1;1;0;1;4;12;
DeJuan Blair;;3:54;1;1;0;0;0;0;0;2;2;0;0;0;0;2;2;
