04-01;POR-LAL;124-112;
29-27;34-34;28-22;33-29;
POR
Nicolas Batum;F;35:34;6;13;4;5;0;0;2;3;5;7;2;0;1;2;16;
LaMarcus Aldridge;F;32:32;12;20;0;0;7;8;1;14;15;6;1;2;2;2;31;
Robin Lopez;C;34:03;4;5;0;0;2;2;3;7;10;1;0;2;0;2;10;
Wesley Matthews;G;32:32;4;12;2;7;0;0;0;4;4;6;0;1;1;1;10;
Damian Lillard;G;35:31;10;22;5;10;9;9;0;2;2;8;3;0;2;3;34;
Thomas Robinson;;17:57;3;7;0;0;1;2;3;3;6;0;3;0;1;2;7;
Mo Williams;;24:50;3;11;2;6;0;0;0;1;1;3;1;0;0;4;8;
Will Barton;;11:16;4;7;0;0;0;0;2;3;5;1;0;0;2;1;8;
Dorell Wright;;9:19;0;0;0;0;0;0;0;1;1;0;0;0;0;0;0;
Earl Watson;;2:09;0;0;0;0;0;0;0;1;1;0;0;0;1;0;0;
CJ McCollum;;2:09;0;2;0;1;0;0;0;0;0;0;0;0;0;0;0;
Meyers Leonard;;1:32;0;0;0;0;0;0;0;0;0;0;0;0;0;1;0;
Victor Claver;;0:37;0;0;0;0;0;0;0;0;0;0;0;0;0;0;0;
LAL
Kent Bazemore;F;30:21;6;10;2;4;3;4;0;4;4;1;2;0;1;2;17;
Pau Gasol;F;28:20;4;9;0;0;1;1;1;3;4;7;1;2;3;4;9;
Chris Kaman;C;29:04;6;16;0;0;0;0;1;5;6;2;1;3;2;2;12;
Jodie Meeks;G;26:37;2;7;0;2;0;0;0;2;2;2;0;0;1;0;4;
Kendall Marshall;G;19:15;2;4;2;3;2;2;0;6;6;5;1;0;1;3;8;
Steve Nash;;21:48;2;5;0;0;6;6;0;4;4;10;0;1;1;1;10;
Xavier Henry;;13:08;0;4;0;0;0;0;0;0;0;0;0;0;0;1;0;
Robert Sacre;;18:28;1;3;0;0;1;2;1;5;6;1;0;2;0;0;3;
Ryan Kelly;;20:08;3;8;1;3;2;2;4;5;9;2;0;2;1;3;9;
Nick Young;;32:51;15;26;6;13;4;5;2;2;4;1;2;0;1;0;40;
