01-26;ORL-NOP;92-100;
21-27;23-27;25-21;23-25;
ORL
Arron Afflalo;F;39:53;9;14;1;4;6;8;0;2;2;2;2;0;6;4;25;
Tobias Harris;F;37:51;7;14;0;2;3;3;1;8;9;1;0;0;2;4;17;
Glen Davis;C;32:05;4;10;0;0;1;1;1;6;7;1;0;1;1;3;9;
Victor Oladipo;G;39:30;6;12;0;2;6;6;0;3;3;2;5;0;1;2;18;
Jameer Nelson;G;36:47;6;14;2;6;1;1;0;3;3;8;0;0;2;2;15;
E'Twaun Moore;;14:17;3;7;0;1;0;0;1;2;3;0;0;0;0;3;6;
Kyle O'Quinn;;17:36;0;4;0;0;0;0;0;4;4;1;0;1;1;4;0;
Maurice Harkless;;10:27;1;2;0;0;0;0;1;0;1;0;0;0;0;0;2;
Doron Lamb;;4:42;0;0;0;0;0;0;0;0;0;0;0;0;2;2;0;
Andrew Nicholson;;6:52;0;0;0;0;0;0;0;0;0;0;0;0;1;0;0;
NOP
Al-Farouq Aminu;F;29:33;2;4;0;0;3;4;4;5;9;1;1;0;1;2;7;
Anthony Davis;F;41:55;9;21;0;0;4;6;7;12;19;3;2;7;3;4;22;
Alexis Ajinca;C;7:52;0;1;0;0;0;0;1;0;1;0;0;0;2;4;0;
Eric Gordon;G;36:36;6;17;1;5;1;2;0;3;3;5;3;0;2;1;14;
Brian Roberts;G;30:45;6;9;1;3;2;2;0;2;2;2;0;0;4;1;15;
Tyreke Evans;;27:42;7;13;0;0;9;11;1;6;7;7;2;1;1;3;23;
Darius Miller;;9:44;3;4;3;3;0;0;0;1;1;1;0;1;0;4;9;
Austin Rivers;;17:15;2;4;0;1;2;2;0;0;0;2;2;1;0;2;6;
Anthony Morrow;;15:40;1;2;0;0;0;0;0;0;0;0;0;0;0;1;2;
Jeff Withey;;22:58;1;6;0;0;0;0;3;3;6;0;0;0;1;4;2;
