12-03;OKC-SAC;97-95;
19-31;31-16;28-18;19-30;
OKC
Kevin Durant;F;38:58;8;21;1;4;10;10;0;11;11;3;2;1;1;3;27;
Serge Ibaka;F;34:18;6;14;1;1;0;0;3;6;9;1;0;2;1;1;13;
Kendrick Perkins;C;15:49;0;0;0;0;1;2;0;1;1;3;0;1;1;1;1;
Thabo Sefolosha;G;17:35;1;3;1;1;0;0;0;3;3;0;0;0;1;3;3;
Russell Westbrook;G;32:25;7;19;1;5;0;0;3;5;8;7;1;0;7;1;15;
Jeremy Lamb;;23:48;5;8;2;3;2;2;0;2;2;1;0;0;0;2;14;
Nick Collison;;17:13;3;3;0;0;0;0;1;2;3;1;0;1;1;1;6;
Steven Adams;;13:42;0;1;0;0;3;4;3;2;5;0;1;0;1;3;3;
Reggie Jackson;;30:55;5;10;1;3;2;2;0;4;4;4;0;0;2;3;13;
Derek Fisher;;15:17;1;4;0;3;0;0;0;1;1;1;1;0;0;2;2;
SAC
Derrick Williams;F;26:36;5;10;0;2;3;4;0;0;0;0;1;0;1;1;13;
Jason Thompson;F;33:43;4;10;0;0;2;3;5;5;10;2;0;2;2;4;10;
Charles Hayes;C;17:30;3;3;0;0;0;0;3;6;9;0;2;0;0;0;6;
Ben McLemore;G;28:30;4;12;2;6;4;5;0;3;3;3;1;0;1;3;14;
Greivis Vasquez;G;26:37;4;10;2;2;2;2;0;1;1;7;0;0;1;0;12;
Patrick Patterson;;32:35;1;9;0;2;1;2;4;6;10;3;0;1;1;3;3;
Isaiah Thomas;;21:23;9;18;3;8;3;3;0;0;0;3;4;0;0;1;24;
Marcus Thornton;;19:30;2;8;1;5;0;0;1;4;5;3;1;1;1;0;5;
Hamady Ndiaye;;7:10;0;1;0;0;0;0;0;3;3;0;0;0;0;4;0;
John Salmons;;26:26;3;8;2;4;0;0;0;0;0;3;0;1;1;2;8;
