02-10;DEN-IND;80-119;
20-31;20-30;16-24;24-34;
DEN
Wilson Chandler;F;29:39;6;19;2;8;3;4;4;1;5;2;0;1;0;2;17;
Kenneth Faried;F;26:00;3;8;0;0;2;4;3;4;7;0;1;0;2;3;8;
JJ Hickson;C;27:39;5;11;0;1;2;2;3;5;8;0;0;0;2;3;12;
Quincy Miller;G;27:08;0;5;0;1;0;2;1;4;5;1;1;0;3;2;0;
Randy Foye;G;34:08;2;13;1;5;4;4;0;0;0;10;0;0;3;3;9;
Timofey Mozgov;;24:16;4;8;0;0;1;2;2;2;4;1;0;0;0;4;9;
Darrell Arthur;;11:59;1;2;0;0;0;0;1;1;2;1;0;0;0;3;2;
Evan Fournier;;18:55;2;5;1;3;3;3;1;1;2;0;0;0;0;2;8;
Anthony Randolph;;14:59;1;6;1;4;1;2;0;1;1;1;1;0;1;0;4;
Jordan Hamilton;;25:17;4;12;1;4;2;3;1;2;3;1;0;0;0;1;11;
IND
Paul George;F;26:50;4;10;2;3;2;2;0;5;5;4;1;0;3;1;12;
David West;F;26:45;11;13;0;0;3;3;1;2;3;2;0;2;1;4;25;
Roy Hibbert;C;26:26;6;12;0;0;2;2;7;5;12;2;1;4;2;3;14;
Lance Stephenson;G;28:17;5;8;0;2;2;2;0;6;6;3;0;0;3;2;12;
George Hill;G;24:59;3;6;0;3;4;5;0;7;7;5;2;0;3;0;10;
Danny Granger;;21:41;3;6;1;3;2;2;0;2;2;0;0;1;0;1;9;
Ian Mahinmi;;21:34;2;3;0;0;3;4;3;6;9;1;0;1;1;2;7;
CJ Watson;;15:45;1;3;0;1;0;0;1;0;1;2;0;0;1;2;2;
Luis Scola;;13:55;4;8;0;0;3;4;1;7;8;0;0;0;0;1;11;
Rasual Butler;;12:00;3;4;1;1;0;0;0;1;1;1;1;0;0;0;7;
Chris Copeland;;7:16;1;4;0;3;2;2;0;0;0;0;0;0;0;1;4;
Solomon Hill;;7:16;2;2;0;0;0;0;0;1;1;1;1;0;0;0;4;
Donald Sloan;;7:16;1;1;0;0;0;0;0;1;1;0;0;0;0;1;2;
