11-03;BKN-ORL;86-107;
22-22;16-19;21-33;27-33;
BKN
Paul Pierce;F;27:38;6;11;0;3;4;4;1;6;7;1;0;0;2;0;16;
Kevin Garnett;F;22:25;3;11;0;1;2;2;0;5;5;1;0;1;1;2;8;
Brook Lopez;C;32:54;8;15;0;0;5;5;2;4;6;0;1;5;1;1;21;
Joe Johnson;G;23:19;1;5;0;2;0;0;1;0;1;2;1;1;1;3;2;
Deron Williams;G;26:58;4;12;1;3;0;0;0;1;1;7;1;0;3;2;9;
Andray Blatche;;14:48;1;7;0;1;0;0;1;4;5;0;0;0;2;2;2;
Shaun Livingston;;21:02;3;5;0;0;0;0;0;2;2;7;0;1;0;2;6;
Alan Anderson;;19:14;2;5;1;3;2;2;1;2;3;1;1;0;0;1;7;
Jason Terry;;21:51;3;5;2;2;0;0;1;1;2;1;0;0;1;1;8;
Andrei Kirilenko;;11:11;1;5;0;0;1;2;2;2;4;1;1;0;1;4;3;
Reggie Evans;;8:52;0;1;0;0;0;0;1;4;5;0;0;0;0;2;0;
Mirza Teletovic;;6:58;1;6;0;2;0;0;1;0;1;2;0;0;0;3;2;
Mason Plumlee;;2:50;1;1;0;0;0;0;0;0;0;0;0;0;0;0;2;
ORL
Maurice Harkless;F;36:31;3;8;2;2;2;4;2;3;5;1;2;1;0;2;10;
Jason Maxiell;F;21:46;3;6;0;0;0;0;1;5;6;0;0;1;0;3;6;
Nikola Vucevic;C;35:22;9;14;0;0;1;2;6;6;12;1;0;1;2;1;19;
Arron Afflalo;G;37:23;5;14;3;5;3;5;0;6;6;8;2;0;2;2;16;
Jameer Nelson;G;32:22;5;15;1;5;0;0;0;3;3;5;1;0;2;2;11;
Victor Oladipo;;21:24;8;13;0;1;3;4;0;6;6;4;2;0;7;2;19;
Andrew Nicholson;;26:14;6;13;0;3;5;5;3;8;11;0;0;1;0;1;17;
E'Twaun Moore;;13:44;2;3;1;1;0;0;0;1;1;0;0;0;1;1;5;
Kyle O'Quinn;;12:38;1;2;0;0;2;2;1;3;4;0;0;0;1;5;4;
Ronnie Price;;2:36;0;1;0;0;0;0;0;0;0;0;0;0;0;0;0;
