12-15;NOP-DEN;93-102;
27-24;25-28;16-23;25-27;
NOP
Al-Farouq Aminu;F;26:00;4;5;0;0;1;4;1;4;5;1;2;2;1;3;9;
Ryan Anderson;F;41:09;10;21;2;7;4;4;2;4;6;1;2;0;1;1;26;
Jason Smith;C;29:10;4;10;0;0;0;0;0;3;3;1;2;4;4;5;8;
Eric Gordon;G;29:25;4;11;1;4;1;1;0;2;2;6;0;0;0;2;10;
Jrue Holiday;G;31:00;6;13;0;3;0;0;1;3;4;7;1;1;4;5;12;
Darius Miller;;6:33;0;0;0;0;0;0;0;0;0;0;0;0;0;0;0;
Lou Amundson;;18:52;1;3;0;0;0;2;5;3;8;2;2;1;2;5;2;
Austin Rivers;;21:57;5;9;2;4;5;7;0;1;1;2;1;0;1;1;17;
Anthony Morrow;;15:27;0;4;0;3;1;1;0;0;0;0;0;0;0;1;1;
Brian Roberts;;18:42;3;9;2;3;0;0;0;2;2;3;0;0;0;0;8;
Jeff Withey;;1:46;0;0;0;0;0;0;0;1;1;0;0;0;0;0;0;
DEN
Wilson Chandler;F;32:22;7;14;2;4;3;4;1;4;5;3;0;1;2;4;19;
Kenneth Faried;F;28:03;5;9;0;0;2;2;3;6;9;0;1;1;3;2;12;
JJ Hickson;C;29:02;8;12;0;0;3;6;4;7;11;2;2;1;1;2;19;
Randy Foye;G;21:25;2;9;1;6;2;2;0;3;3;2;0;0;2;2;7;
Ty Lawson;G;32:30;4;9;1;3;3;4;1;2;3;8;2;1;1;0;12;
Jordan Hamilton;;26:37;1;8;0;4;0;0;2;6;8;3;1;0;2;1;2;
Darrell Arthur;;10:55;1;3;0;0;0;0;1;1;2;0;0;1;0;2;2;
Timofey Mozgov;;17:01;0;2;0;0;6;8;2;3;5;0;1;0;3;4;6;
Nate Robinson;;26:35;5;10;2;5;2;2;0;2;2;4;0;2;1;5;14;
Andre Miller;;15:30;4;9;1;2;0;0;1;2;3;1;0;0;1;2;9;
