02-01;MIL-MEM;90-99;
24-17;25-26;20-24;21-32;
MIL
Khris Middleton;F;31:52;3;8;2;4;4;4;1;1;2;1;2;0;3;2;12;
Ersan Ilyasova;F;38:12;5;13;2;3;2;3;2;11;13;2;2;0;1;4;14;
Larry Sanders;C;29:33;4;7;0;0;2;2;2;6;8;0;0;2;1;3;10;
Nate Wolters;G;23:54;4;9;0;0;1;2;1;2;3;2;0;0;1;2;9;
Brandon Knight;G;40:40;8;19;2;5;5;6;3;3;6;7;1;0;3;2;23;
Giannis Antetokounmpo;;20:25;1;3;1;2;0;0;0;0;0;1;1;0;2;1;3;
Caron Butler;;21:29;2;6;1;3;5;6;0;2;2;0;1;1;1;2;10;
Zaza Pachulia;;12:26;2;2;0;0;0;0;1;0;1;1;1;0;1;1;4;
Miroslav Raduljica;;8:14;0;1;0;0;2;2;1;1;2;1;0;0;0;3;2;
Gary Neal;;13:16;1;8;1;6;0;0;0;1;1;0;0;0;0;1;3;
MEM
Tayshaun Prince;F;22:58;0;5;0;0;0;0;0;3;3;3;1;0;0;2;0;
Zach Randolph;F;33:40;8;19;0;0;7;8;6;4;10;3;0;0;1;1;23;
Marc Gasol;C;31:21;9;15;0;0;1;4;1;5;6;2;0;2;1;4;19;
Courtney Lee;G;39:39;3;8;1;2;1;1;0;5;5;7;0;0;3;3;8;
Nick Calathes;G;40:07;8;12;4;5;2;3;0;5;5;3;1;0;0;2;22;
Jamaal Franklin;;4:28;0;0;0;0;0;0;0;0;0;1;0;1;1;1;0;
Kosta Koufos;;6:07;0;0;0;0;0;0;1;1;2;0;0;0;1;0;0;
James Johnson;;22:52;7;13;0;0;0;0;4;0;4;2;0;2;2;2;14;
Mike Miller;;14:11;1;3;1;3;2;2;0;3;3;0;1;0;2;1;5;
Ed Davis;;6:36;0;1;0;0;0;0;1;4;5;0;0;0;0;2;0;
Jon Leuer;;18:01;2;3;0;0;4;4;0;5;5;1;1;1;1;2;8;
