03-17;PHX-BKN;95-108;
20-30;29-32;23-28;23-18;
PHX
PJ Tucker;F;29:28;3;6;1;3;1;2;0;5;5;0;1;0;2;2;8;
Channing Frye;F;19:23;3;9;1;3;0;0;4;2;6;0;0;0;1;3;7;
Miles Plumlee;C;18:21;1;4;0;0;1;2;2;4;6;2;0;0;2;1;3;
Goran Dragic;G;25:01;6;12;0;3;1;1;0;1;1;2;3;0;2;5;13;
Eric Bledsoe;G;23:13;4;10;1;3;1;2;1;4;5;5;1;0;2;4;10;
Gerald Green;;30:43;6;11;3;6;2;3;0;0;0;0;2;0;1;2;17;
Ish Smith;;22:17;2;4;0;0;0;0;1;1;2;6;1;0;2;0;4;
Markieff Morris;;26:12;8;14;0;2;2;5;0;3;3;1;1;1;1;3;18;
Marcus Morris;;19:32;2;4;0;1;2;4;2;2;4;2;0;0;1;1;6;
Alex Len;;7:46;0;0;0;0;0;0;0;2;2;0;0;0;1;1;0;
Archie Goodwin;;11:53;2;3;0;0;2;3;0;1;1;0;0;1;1;1;6;
Dionte Christmas;;3:13;0;3;0;1;2;4;2;1;3;0;0;0;0;0;2;
Shavlik Randolph;;2:58;0;0;0;0;1;2;0;2;2;0;0;0;0;1;1;
BKN
Joe Johnson;F;29:29;7;11;3;5;2;2;1;4;5;5;2;1;0;1;19;
Paul Pierce;F;27:44;4;7;2;4;0;1;1;4;5;2;0;0;0;3;10;
Mason Plumlee;C;27:17;5;6;0;0;4;7;1;10;11;1;2;0;3;1;14;
Shaun Livingston;G;31:50;6;11;0;0;0;0;0;1;1;5;1;1;4;2;12;
Deron Williams;G;33:11;11;13;3;5;3;5;0;3;3;4;3;0;3;4;28;
Andray Blatche;;20:43;3;5;0;0;1;2;1;4;5;2;0;0;1;2;7;
Jorge Gutierrez;;7:45;0;1;0;0;0;0;0;1;1;1;1;0;0;1;0;
Andrei Kirilenko;;17:18;1;2;0;0;0;2;1;1;2;2;1;1;1;4;2;
Alan Anderson;;18:31;2;6;1;4;2;2;0;0;0;0;1;0;1;2;7;
Marcus Thornton;;20:16;2;8;0;3;4;4;1;2;3;1;1;0;2;2;8;
Marquis Teague;;2:58;0;0;0;0;1;2;0;0;0;0;0;0;1;0;1;
Jason Collins;;2:58;0;0;0;0;0;0;0;0;0;0;0;0;0;2;0;
