03-15;BKN-WAS;94-101;
26-19;31-29;22-24;15-29;
BKN
Joe Johnson;F;31:52;7;12;2;3;0;0;1;6;7;0;1;0;1;2;16;
Paul Pierce;F;30:15;4;9;2;4;5;6;0;6;6;2;0;0;2;0;15;
Mason Plumlee;C;23:21;4;5;0;0;0;0;1;2;3;2;0;1;2;5;8;
Shaun Livingston;G;30:37;2;5;0;0;2;4;0;1;1;4;4;0;1;4;6;
Deron Williams;G;35:20;4;14;2;7;4;4;0;7;7;7;2;0;2;4;14;
Andray Blatche;;24:39;3;7;0;0;3;4;2;2;4;2;0;1;2;4;9;
Marcus Thornton;;23:37;7;11;5;6;0;0;1;2;3;1;0;0;1;2;19;
Mirza Teletovic;;13:46;0;2;0;1;0;0;0;2;2;1;0;0;1;1;0;
Andrei Kirilenko;;11:59;2;4;0;0;1;4;1;1;2;0;0;0;1;1;5;
Alan Anderson;;14:34;1;2;0;0;0;0;0;0;0;1;0;0;0;2;2;
WAS
Trevor Ariza;F;36:13;3;8;0;5;3;3;2;6;8;1;0;0;2;0;9;
Trevor Booker;F;22:38;3;7;0;0;0;1;3;0;3;0;0;2;2;0;6;
Marcin Gortat;C;21:55;1;8;0;0;0;0;2;6;8;2;0;3;4;1;2;
Bradley Beal;G;36:53;6;14;2;6;1;3;1;1;2;5;0;0;1;1;15;
John Wall;G;35:29;10;15;4;6;9;10;0;4;4;6;2;1;3;1;33;
Martell Webster;;27:44;2;6;1;5;2;2;0;0;0;1;0;0;1;2;7;
Al Harrington;;20:32;3;7;0;2;0;0;2;2;4;2;1;0;0;3;6;
Drew Gooden;;26:05;8;11;1;2;4;4;1;8;9;1;0;1;0;5;21;
Andre Miller;;12:31;0;1;0;0;2;2;0;1;1;3;1;0;0;1;2;
