01-20;BKN-NYK;103-80;
27-16;25-22;19-17;32-25;
BKN
Joe Johnson;F;29:51;8;15;4;8;5;6;1;5;6;5;1;0;0;3;25;
Paul Pierce;F;26:23;1;4;1;3;0;0;0;4;4;5;1;1;2;1;3;
Kevin Garnett;C;17:47;3;4;0;0;0;0;1;5;6;1;1;0;1;1;6;
Alan Anderson;G;23:16;4;11;3;8;4;4;0;3;3;3;1;1;2;4;15;
Shaun Livingston;G;20:39;2;5;0;0;0;0;1;1;2;2;1;1;2;2;4;
Andray Blatche;;27:11;9;12;1;3;0;0;1;11;12;0;2;1;1;4;19;
Deron Williams;;27:21;4;10;2;8;3;5;1;2;3;3;1;0;3;3;13;
Andrei Kirilenko;;23:19;1;4;0;0;1;2;2;2;4;2;1;0;1;5;3;
Mirza Teletovic;;20:04;3;6;2;5;0;0;1;1;2;3;0;0;1;1;8;
Jason Terry;;21:07;1;3;1;3;0;0;0;3;3;1;1;0;1;3;3;
Mason Plumlee;;3:02;1;1;0;0;2;3;0;0;0;0;1;0;0;0;4;
NYK
Carmelo Anthony;F;38:46;8;19;2;4;8;13;3;9;12;2;2;0;2;0;26;
Iman Shumpert;F;20:08;2;8;1;6;0;0;1;1;2;0;0;1;1;3;5;
Tyson Chandler;C;35:13;2;2;0;0;0;2;5;5;10;1;0;1;0;2;4;
Raymond Felton;G;35:00;2;11;1;4;4;8;0;2;2;6;1;0;3;3;9;
Pablo Prigioni;G;19:05;0;3;0;3;2;2;2;3;5;2;0;0;3;1;2;
J.R. Smith;;34:24;4;12;3;6;4;4;0;3;3;0;1;0;2;3;15;
Andrea Bargnani;;19:13;2;6;0;0;1;1;0;2;2;1;0;1;3;1;5;
Tim Hardaway Jr.;;25:30;3;5;1;2;4;5;0;2;2;0;0;0;0;2;11;
Beno Udrih;;3:35;0;1;0;0;0;0;0;1;1;1;0;0;1;0;0;
Cole Aldrich;;3:02;0;1;0;0;1;2;1;2;3;0;0;0;0;1;1;
Jeremy Tyler;;3:02;1;3;0;0;0;0;2;0;2;0;0;0;1;1;2;
Toure Murry;;3:02;0;0;0;0;0;0;0;1;1;0;0;0;0;0;0;
