01-18;POR-DAL;127-111;
35-23;36-29;33-18;23-41;
POR
Nicolas Batum;F;33:14;8;11;3;6;2;3;0;7;7;1;0;0;1;0;21;
LaMarcus Aldridge;F;31:30;11;18;0;0;8;9;3;9;12;2;3;1;4;2;30;
Robin Lopez;C;26:01;7;13;0;0;2;2;4;8;12;2;0;3;0;2;16;
Wesley Matthews;G;27:37;3;10;2;7;2;2;0;2;2;3;1;0;2;2;10;
Damian Lillard;G;30:56;3;8;2;6;6;6;0;5;5;10;0;0;1;3;14;
Mo Williams;;19:11;3;6;0;1;2;2;0;4;4;3;2;0;0;2;8;
Joel Freeland;;12:57;3;3;0;0;0;0;2;3;5;1;0;0;0;2;6;
CJ McCollum;;16:49;3;7;1;2;2;2;0;1;1;1;0;0;0;2;9;
Thomas Robinson;;16:30;4;5;0;0;0;0;2;1;3;1;0;0;4;2;8;
Meyers Leonard;;8:25;0;3;0;0;0;0;1;1;2;2;0;0;0;3;0;
Will Barton;;8:25;1;3;1;2;2;2;1;0;1;0;0;0;1;0;5;
Dorell Wright;;8:25;0;3;0;2;0;0;1;0;1;0;0;0;2;0;0;
DAL
Shawn Marion;F;24:01;1;6;1;2;0;0;0;3;3;1;0;0;1;2;3;
Dirk Nowitzki;F;21:39;6;17;1;5;5;5;0;3;3;0;0;1;0;3;18;
Samuel Dalembert;C;13:21;1;2;0;0;0;0;1;5;6;0;0;0;1;3;2;
Monta Ellis;G;23:15;6;12;0;0;3;5;0;2;2;2;1;0;1;1;15;
Jose Calderon;G;20:08;2;6;0;2;1;1;0;2;2;3;0;0;1;1;5;
Vince Carter;;18:21;4;8;1;1;2;2;0;2;2;0;0;0;1;1;11;
DeJuan Blair;;26:34;5;8;0;0;3;3;2;0;2;1;1;1;1;5;13;
Devin Harris;;17:24;2;4;0;0;2;4;0;0;0;2;0;0;0;1;6;
Shane Larkin;;23:17;3;6;0;1;3;4;0;2;2;4;1;0;1;3;9;
Brandan Wright;;19:58;4;8;0;0;0;0;1;2;3;2;1;1;0;0;8;
Jae Crowder;;17:32;5;8;3;6;0;0;0;1;1;0;1;0;1;1;13;
Wayne Ellington;;14:30;3;5;1;1;1;1;0;4;4;0;0;0;0;2;8;
