01-17;LAC-NYK;109-95;
23-27;27-23;26-17;33-28;
LAC
Jared Dudley;F;18:55;1;4;1;3;0;0;1;1;2;0;0;0;3;5;3;
Blake Griffin;F;39:41;12;20;1;3;7;9;0;7;7;2;3;1;4;5;32;
DeAndre Jordan;C;42:40;4;8;0;0;3;4;4;12;16;2;3;3;3;4;11;
Darren Collison;G;35:58;2;9;0;4;8;9;1;4;5;7;0;0;0;0;12;
JJ Redick;G;33:17;3;11;1;6;5;5;0;3;3;1;2;0;0;2;12;
Matt Barnes;;22:11;2;9;0;4;1;2;1;3;4;1;1;0;0;5;5;
Jamal Crawford;;28:54;7;14;5;9;10;11;1;2;3;4;0;0;1;2;29;
Ryan Hollins;;5:05;0;0;0;0;1;2;0;1;1;0;0;0;0;1;1;
Darius Morris;;4:21;1;2;0;1;0;0;0;1;1;0;0;0;0;2;2;
Hedo Turkoglu;;6:43;1;1;0;0;0;0;0;1;1;0;0;0;0;0;2;
Reggie Bullock;;2:16;0;0;0;0;0;0;0;1;1;0;0;0;0;1;0;
NYK
Carmelo Anthony;F;40:20;4;23;2;7;16;16;7;13;20;3;2;0;4;5;26;
Andrea Bargnani;F;36:06;5;12;0;2;3;4;3;3;6;1;0;1;3;3;13;
Tyson Chandler;C;36:38;3;8;0;0;6;8;6;8;14;3;0;0;2;6;12;
Raymond Felton;G;31:57;2;8;0;3;1;2;2;2;4;9;0;0;4;5;5;
Iman Shumpert;G;24:50;0;4;0;1;0;0;1;2;3;1;0;0;3;2;0;
J.R. Smith;;34:34;9;18;3;7;3;4;1;3;4;2;0;0;0;4;24;
Jeremy Tyler;;14:16;3;3;0;0;0;0;0;2;2;0;0;0;0;3;6;
Toure Murry;;9:56;1;3;0;0;1;2;0;1;1;1;0;0;2;3;3;
Tim Hardaway Jr.;;11:23;2;4;2;3;0;0;0;1;1;0;0;0;0;1;6;
