02-23;ORL-TOR;90-105;
14-19;27-25;24-36;25-25;
ORL
Maurice Harkless;F;28:05;1;3;0;1;0;0;0;2;2;0;1;0;0;5;2;
Tobias Harris;F;33:33;10;15;1;2;7;8;3;3;6;2;2;0;0;3;28;
Nikola Vucevic;C;30:03;4;12;0;0;3;4;1;3;4;1;3;1;3;5;11;
Victor Oladipo;G;35:05;4;13;2;3;1;1;0;4;4;2;5;0;4;3;11;
Jameer Nelson;G;32:20;4;9;0;3;1;2;0;1;1;8;0;0;2;2;9;
Andrew Nicholson;;13:15;0;5;0;1;0;0;1;4;5;0;0;0;0;1;0;
E'Twaun Moore;;27:51;7;15;1;3;1;2;2;2;4;3;2;1;0;1;16;
Doron Lamb;;16:00;1;4;1;1;0;0;0;1;1;0;0;0;0;2;3;
Kyle O'Quinn;;23:48;5;11;0;0;0;0;2;3;5;4;1;0;0;3;10;
TOR
Terrence Ross;F;29:12;6;11;3;6;1;1;1;4;5;2;0;0;0;0;16;
Amir Johnson;F;23:28;5;7;0;0;2;2;3;5;8;3;1;0;1;2;12;
Jonas Valanciunas;C;27:57;1;2;0;0;5;7;3;6;9;1;0;0;6;5;7;
DeMar DeRozan;G;31:44;9;17;0;1;6;6;0;3;3;4;0;1;5;4;24;
Kyle Lowry;G;36:48;7;13;4;5;10;11;0;4;4;6;0;0;7;3;28;
John Salmons;;15:35;0;1;0;0;1;2;0;4;4;0;1;0;2;1;1;
Patrick Patterson;;20:51;1;5;0;2;0;0;0;6;6;2;2;2;0;3;2;
Tyler Hansbrough;;17:49;1;2;0;0;3;7;1;3;4;0;0;1;1;3;5;
Greivis Vasquez;;25:48;4;7;2;3;0;0;0;3;3;4;0;0;1;1;10;
Nando De Colo;;4:53;0;0;0;0;0;0;1;2;3;1;0;0;0;0;0;
Charles Hayes;;5:55;0;0;0;0;0;0;0;1;1;0;0;0;0;0;0;
