03-20;MIL-GSW;110-115;
21-29;30-24;24-29;35-33;
MIL
Khris Middleton;F;37:52;4;14;1;3;2;2;2;2;4;4;2;0;1;4;11;
Ersan Ilyasova;F;18:50;4;9;0;2;3;3;0;3;3;0;0;0;0;3;11;
Zaza Pachulia;C;25:35;3;4;0;0;0;0;0;2;2;4;1;0;3;2;6;
Nate Wolters;G;10:27;1;3;0;1;0;0;1;0;1;1;0;0;0;0;2;
Brandon Knight;G;37:46;9;16;1;2;8;12;0;2;2;6;1;0;2;3;27;
Giannis Antetokounmpo;;30:30;3;6;0;2;5;6;0;8;8;4;1;0;1;1;11;
Jeff Adrien;;23:07;5;6;0;0;1;2;1;5;6;1;0;0;0;0;11;
John Henson;;22:11;5;10;0;0;3;6;3;3;6;1;1;1;2;3;13;
Ramon Sessions;;33:42;5;12;1;2;7;8;0;4;4;2;1;0;1;5;18;
GSW
Harrison Barnes;F;27:11;0;7;0;5;0;0;0;2;2;2;0;0;2;3;0;
David Lee;F;36:57;9;11;0;0;4;7;1;11;12;3;1;1;3;2;22;
Andrew Bogut;C;26:60;4;5;0;0;0;0;1;11;12;2;0;0;0;4;8;
Klay Thompson;G;39:56;11;23;3;11;4;4;0;2;2;1;0;1;1;5;29;
Stephen Curry;G;38:04;9;14;3;5;10;10;1;2;3;10;1;0;4;2;31;
Steve Blake;;20:09;1;2;0;1;0;0;0;2;2;4;2;0;2;3;2;
Draymond Green;;29:11;2;6;0;2;1;2;3;2;5;3;1;1;1;5;5;
Jordan Crawford;;12:07;5;8;2;3;0;0;1;0;1;1;0;0;1;1;12;
Marreese Speights;;9:22;2;4;0;0;2;2;1;2;3;0;1;0;1;3;6;
Ognjen Kuzmic;;0:03;0;0;0;0;0;0;0;0;0;0;0;0;0;0;0;
