12-01;GSW-SAC;115-113;
24-26;32-27;34-27;25-33;
GSW
Harrison Barnes;F;38:21;3;8;0;2;5;6;0;0;0;1;3;0;2;5;11;
David Lee;F;34:53;4;11;0;0;3;4;3;1;4;3;0;1;1;4;11;
Andrew Bogut;C;23:59;3;3;0;0;0;2;2;10;12;1;2;3;0;4;6;
Klay Thompson;G;40:52;10;19;8;11;0;0;0;2;2;1;3;0;4;4;28;
Stephen Curry;G;40:10;14;24;5;8;3;3;0;2;2;10;3;1;7;1;36;
Jermaine O'Neal;;20:58;3;4;0;0;2;3;2;1;3;0;1;0;2;2;8;
Marreese Speights;;11:27;1;4;0;0;2;2;1;2;3;1;0;0;0;2;4;
Draymond Green;;21:26;3;4;2;2;1;2;2;3;5;4;1;0;0;2;9;
Nemanja Nedovic;;7:54;1;5;0;2;0;0;0;1;1;1;0;0;2;1;2;
SAC
Derrick Williams;F;21:19;1;3;0;1;2;2;0;7;7;0;1;0;2;2;4;
Jason Thompson;F;27:33;4;8;0;0;2;2;2;5;7;0;0;0;2;2;10;
DeMarcus Cousins;C;20:47;10;13;0;0;4;5;1;5;6;2;2;0;3;5;24;
Ben McLemore;G;18:23;1;5;0;2;2;2;0;0;0;0;2;0;1;0;4;
Greivis Vasquez;G;13:53;2;8;0;0;2;2;1;0;1;3;1;0;2;3;6;
Isaiah Thomas;;34:07;5;16;1;4;8;10;3;2;5;8;2;0;7;3;19;
John Salmons;;26:41;1;2;1;2;0;0;0;1;1;3;1;0;2;4;3;
Marcus Thornton;;29:37;6;11;5;8;4;5;0;0;0;3;1;0;1;1;21;
Charles Hayes;;20:59;2;2;0;0;0;0;1;4;5;0;0;0;1;3;4;
Patrick Patterson;;26:41;8;8;2;2;0;0;3;4;7;3;1;1;3;2;18;
