11-24;SAC-LAL;86-100;
24-29;24-26;13-18;25-27;
SAC
Luc Mbah a Moute;F;31:42;2;5;0;0;0;2;1;5;6;1;2;0;1;0;4;
Jason Thompson;F;22:11;2;4;0;0;0;0;0;5;5;1;1;2;0;2;4;
DeMarcus Cousins;C;30:32;6;14;0;0;5;7;2;6;8;7;1;0;3;5;17;
Ben McLemore;G;26:16;5;14;3;6;2;3;1;0;1;0;0;0;2;2;15;
Greivis Vasquez;G;32:51;9;18;2;6;0;0;0;3;3;7;0;0;2;4;20;
Travis Outlaw;;16:13;3;6;0;2;0;0;0;2;2;0;1;0;0;0;6;
Isaiah Thomas;;29:35;4;11;1;3;0;1;1;2;3;4;0;0;2;2;9;
Patrick Patterson;;17:21;0;3;0;2;1;2;2;4;6;1;0;1;1;1;1;
John Salmons;;16:08;2;4;1;2;0;0;0;4;4;2;0;0;1;1;5;
Jimmer Fredette;;14:22;2;5;1;3;0;0;0;3;3;1;1;0;1;0;5;
Hamady Ndiaye;;2:49;0;0;0;0;0;0;0;1;1;0;0;0;0;0;0;
LAL
Wesley Johnson;F;21:07;3;4;1;2;0;0;0;2;2;0;2;2;3;2;7;
Jordan Hill;F;31:37;5;12;0;0;0;0;5;8;13;0;0;1;1;3;10;
Pau Gasol;C;34:41;8;16;0;0;4;6;2;8;10;1;0;1;0;3;20;
Jodie Meeks;G;27:02;6;10;1;4;1;1;0;2;2;0;2;0;0;0;14;
Steve Blake;G;30:58;4;9;1;4;0;0;0;5;5;12;0;1;2;1;9;
Nick Young;;28:37;3;11;1;4;0;0;1;1;2;2;1;1;0;2;7;
Shawne Williams;;27:58;1;6;1;4;0;0;1;5;6;2;1;3;1;4;3;
Xavier Henry;;20:58;7;11;2;4;5;6;0;2;2;0;0;0;3;1;21;
Jordan Farmar;;17:02;3;8;1;4;2;2;0;2;2;3;2;0;0;1;9;
