03-19;CHA-BKN;99-104;
21-26;25-28;24-21;29-29;
CHA
Michael Kidd-Gilchrist;F;18:51;3;6;0;0;1;2;3;3;6;1;1;0;1;3;7;
Josh McRoberts;F;30:57;3;5;1;2;1;1;2;3;5;6;0;1;1;4;8;
Al Jefferson;C;37:02;8;19;0;0;2;3;2;10;12;3;0;0;5;2;18;
Gerald Henderson;G;28:14;6;13;1;5;0;0;1;5;6;3;1;0;1;2;13;
Kemba Walker;G;33:52;2;8;1;6;2;2;1;3;4;7;0;0;4;3;7;
Gary Neal;;26:39;5;9;3;6;4;4;0;1;1;1;0;0;0;3;17;
Chris Douglas-Roberts;;22:16;5;9;3;6;0;0;0;3;3;3;0;1;1;3;13;
Cody Zeller;;17:03;5;9;0;0;0;0;4;2;6;1;0;2;2;1;10;
Luke Ridnour;;14:08;2;5;0;2;0;0;0;2;2;2;0;0;0;2;4;
Bismack Biyombo;;10:58;1;2;0;0;0;0;2;4;6;0;0;1;0;3;2;
BKN
Joe Johnson;F;33:27;8;18;3;7;1;2;1;7;8;3;1;0;1;0;20;
Paul Pierce;F;27:54;2;4;1;2;2;4;0;5;5;0;1;1;1;3;7;
Mason Plumlee;C;18:53;4;6;0;0;3;5;2;5;7;2;1;1;2;3;11;
Shaun Livingston;G;31:44;5;9;0;0;7;9;1;2;3;2;1;0;1;2;17;
Deron Williams;G;36:40;8;15;3;5;6;6;1;2;3;8;1;0;1;3;25;
Mirza Teletovic;;14:36;0;5;0;1;0;0;1;0;1;2;0;0;0;0;0;
Marcus Thornton;;20:31;4;7;2;4;1;2;0;3;3;0;0;0;0;3;11;
Andray Blatche;;25:37;6;10;0;0;1;3;1;4;5;1;1;0;1;1;13;
Alan Anderson;;15:17;0;1;0;1;0;0;1;1;2;1;0;0;0;2;0;
Andrei Kirilenko;;11:51;0;0;0;0;0;4;0;1;1;0;1;0;0;0;0;
Jason Collins;;3:30;0;0;0;0;0;0;0;1;1;0;0;0;0;0;0;
