01-02;NYK-SAS;105-101;
26-25;26-22;29-28;24-26;
NYK
Carmelo Anthony;F;38:40;10;20;2;4;5;5;1;11;12;4;1;1;3;5;27;
Andrea Bargnani;F;22:19;3;8;0;1;4;4;2;1;3;1;0;1;2;2;10;
Tyson Chandler;C;21:54;2;5;0;0;0;0;1;5;6;0;0;1;0;3;4;
Iman Shumpert;G;31:09;10;13;6;8;1;1;2;4;6;1;3;0;2;2;27;
Beno Udrih;G;32:17;4;9;0;2;2;2;1;1;2;7;1;0;2;0;10;
Amar'e Stoudemire;;23:36;4;6;0;0;3;4;2;1;3;0;0;2;2;2;11;
J.R. Smith;;28:45;2;5;0;1;0;0;0;5;5;3;0;0;2;4;4;
Kenyon Martin;;13:54;2;6;0;0;0;0;0;0;0;0;0;0;0;4;4;
Tim Hardaway Jr.;;12:16;0;1;0;0;3;4;0;1;1;1;0;0;0;0;3;
Toure Murry;;15:10;2;3;1;1;0;0;0;2;2;2;2;0;0;1;5;
SAS
Kawhi Leonard;F;28:07;1;5;1;3;5;8;1;3;4;4;1;1;1;4;8;
Tim Duncan;F;31:43;3;8;0;0;3;4;1;6;7;2;0;2;1;0;9;
Tiago Splitter;C;19:12;3;6;0;0;0;0;3;2;5;1;1;0;2;2;6;
Marco Belinelli;G;32:40;12;16;6;9;2;2;1;4;5;2;0;0;2;1;32;
Tony Parker;G;34:20;5;13;1;2;1;2;0;3;3;7;0;0;1;3;12;
Boris Diaw;;10:48;0;0;0;0;0;0;1;0;1;0;0;0;2;0;0;
Manu Ginobili;;28:24;4;11;1;6;2;3;0;2;2;12;2;1;3;2;11;
Jeff Ayres;;9:45;1;2;0;0;0;0;1;3;4;0;0;0;0;2;2;
Matt Bonner;;12:50;3;5;3;5;0;0;0;2;2;0;0;0;0;0;9;
Patty Mills;;13:40;3;4;2;2;0;0;1;0;1;0;0;0;0;1;8;
Danny Green;;18:31;2;7;0;5;0;0;0;0;0;1;1;0;0;1;4;
