12-09;ORL-MEM;85-94;
16-23;14-28;30-22;25-21;
ORL
Arron Afflalo;F;45:16;5;16;1;4;6;6;0;5;5;3;1;0;4;1;17;
Andrew Nicholson;F;37:26;8;12;2;3;1;1;1;10;11;0;0;4;1;4;19;
Glen Davis;C;39:53;5;14;0;0;6;6;1;8;9;0;1;3;0;2;16;
Victor Oladipo;G;39:55;4;11;1;6;1;2;1;5;6;3;3;0;4;2;10;
Jameer Nelson;G;43:50;6;14;2;8;5;5;0;4;4;5;1;0;2;4;19;
Jason Maxiell;;10:07;2;3;0;0;0;0;0;0;0;0;0;0;0;0;4;
E'Twaun Moore;;8:17;0;2;0;0;0;0;0;0;0;0;0;0;0;0;0;
Ronnie Price;;8:34;0;1;0;1;0;0;0;0;0;1;0;0;0;2;0;
Maurice Harkless;;6:42;0;2;0;0;0;0;0;0;0;0;1;1;1;0;0;
MEM
Tayshaun Prince;F;33:58;3;8;0;0;0;0;1;3;4;2;0;0;0;1;6;
Zach Randolph;F;29:37;7;15;0;0;5;6;2;10;12;2;0;0;3;3;19;
Kosta Koufos;C;26:16;3;10;0;0;1;2;5;6;11;0;0;3;3;5;7;
Jerryd Bayless;G;28:44;4;10;3;5;0;0;0;1;1;4;1;1;0;1;11;
Mike Conley;G;35:08;5;16;2;5;1;3;0;3;3;7;1;0;2;3;13;
Mike Miller;;24:09;3;6;2;3;0;0;0;4;4;0;0;0;1;3;8;
Nick Calathes;;19:55;1;2;0;0;4;4;0;2;2;8;0;0;2;2;6;
Jon Leuer;;27:18;7;14;1;2;1;2;3;9;12;0;1;0;1;2;16;
Jamaal Franklin;;14:55;3;5;2;2;0;0;0;3;3;0;1;0;2;1;8;
