03-31;WAS-CHA;94-100;
20-25;40-19;20-26;14-30;
WAS
Trevor Ariza;F;29:55;4;9;3;5;0;0;0;2;2;1;0;0;1;1;11;
Trevor Booker;F;19:48;2;5;0;0;0;0;1;1;2;1;2;1;0;1;4;
Marcin Gortat;C;26:56;3;7;0;0;0;0;2;9;11;1;0;1;1;3;6;
Bradley Beal;G;39:52;8;12;2;3;2;3;0;2;2;5;0;1;4;3;20;
John Wall;G;29:16;4;16;0;1;2;3;0;1;1;6;0;0;5;2;10;
Drew Gooden;;27:13;5;12;0;2;2;2;4;4;8;2;2;0;0;5;12;
Martell Webster;;26:40;5;7;2;3;2;2;0;2;2;1;0;0;1;2;14;
Al Harrington;;20:38;4;5;2;3;1;3;0;5;5;0;1;0;1;3;11;
Andre Miller;;18:44;2;5;0;0;0;0;1;2;3;9;1;0;1;1;4;
Kevin Seraphin;;0:59;1;1;0;0;0;0;1;0;1;0;0;0;0;0;2;
CHA
Michael Kidd-Gilchrist;F;20:50;0;5;0;0;3;4;3;3;6;0;1;0;1;2;3;
Josh McRoberts;F;27:13;1;2;0;1;0;0;3;2;5;1;0;1;0;1;2;
Al Jefferson;C;40:03;8;19;0;0;3;3;3;8;11;0;0;2;0;3;19;
Gerald Henderson;G;27:05;3;7;0;1;3;4;0;3;3;2;1;0;1;2;9;
Kemba Walker;G;38:12;6;22;0;10;9;10;1;4;5;10;1;1;1;2;21;
Cody Zeller;;20:20;4;4;0;0;7;8;3;5;8;2;1;0;1;1;15;
Bismack Biyombo;;7:57;2;2;0;0;0;0;0;0;0;0;1;1;0;0;4;
Gary Neal;;20:55;3;6;1;4;2;2;1;5;6;1;1;0;3;2;9;
Luke Ridnour;;9:48;0;2;0;2;0;0;0;1;1;1;0;0;2;1;0;
Chris Douglas-Roberts;;27:37;7;9;2;3;2;3;1;2;3;0;0;0;1;1;18;
