01-13;ORL-DAL;88-107;
20-28;21-31;25-25;22-23;
ORL
Maurice Harkless;F;40:40;5;11;1;4;2;4;3;4;7;3;2;0;1;2;13;
Tobias Harris;F;35:12;4;9;0;1;2;2;1;6;7;0;0;0;2;3;10;
Glen Davis;C;31:43;8;14;0;1;3;3;1;7;8;0;1;0;0;1;19;
Victor Oladipo;G;30:15;4;11;1;3;2;2;1;2;3;2;1;0;4;4;11;
Jameer Nelson;G;38:59;7;14;4;8;3;4;1;1;2;7;1;0;3;1;21;
E'Twaun Moore;;20:10;2;7;0;3;0;0;0;0;0;3;1;1;0;2;4;
Jason Maxiell;;14:48;0;2;0;0;0;0;1;5;6;1;0;0;1;1;0;
Doron Lamb;;17:32;1;4;1;4;1;1;0;0;0;1;1;0;2;2;4;
Kyle O'Quinn;;3:31;0;1;0;0;0;0;0;2;2;1;0;0;1;1;0;
Andrew Nicholson;;null;3;3;0;0;0;0;0;2;2;0;1;0;1;1;6;
DAL
Jae Crowder;F;24:40;6;8;2;3;0;0;0;4;4;1;3;1;0;2;14;
Dirk Nowitzki;F;28:11;4;10;1;2;6;6;0;5;5;2;0;1;3;2;15;
Samuel Dalembert;C;19:00;1;2;0;0;0;0;1;5;6;0;0;1;3;4;2;
Monta Ellis;G;36:29;8;18;1;3;4;5;0;3;3;3;1;0;1;1;21;
Jose Calderon;G;32:15;5;9;3;6;0;0;0;1;1;4;2;0;1;1;13;
Vince Carter;;22:52;6;10;3;4;2;2;0;1;1;2;0;0;0;1;17;
Brandan Wright;;22:41;1;5;0;0;0;0;3;3;6;0;0;2;1;2;2;
DeJuan Blair;;15:31;3;4;0;0;0;0;3;4;7;1;0;0;1;1;6;
Wayne Ellington;;20:52;5;8;2;5;0;0;1;5;6;1;0;0;1;1;12;
Gal Mekel;;14:31;0;3;0;2;0;0;1;0;1;7;0;0;1;1;0;
Ricky Ledo;;1:29;1;2;1;2;2;2;0;0;0;0;0;0;0;0;5;
Bernard James;;1:29;0;0;0;0;0;0;0;0;0;0;0;1;0;0;0;
