01-10;BOS-GSW;97-99;
21-24;28-23;18-25;30-27;
BOS
Jeff Green;F;36:40;11;17;1;2;1;1;2;9;11;2;0;1;4;5;24;
Brandon Bass;F;16:47;4;5;0;0;1;1;1;2;3;1;0;0;3;4;9;
Kris Humphries;C;35:31;5;10;0;0;6;6;3;11;14;0;2;3;0;2;16;
Avery Bradley;G;35:28;3;13;1;4;0;0;0;3;3;4;0;0;2;2;7;
Jordan Crawford;G;34:04;3;12;2;4;2;2;0;2;2;7;0;1;2;2;10;
Jared Sullinger;;31:36;9;16;2;3;1;2;5;6;11;1;0;1;4;4;21;
Jerryd Bayless;;17:52;1;6;0;3;0;0;0;1;1;3;2;0;2;3;2;
Kelly Olynyk;;12:06;1;4;0;1;2;2;1;2;3;0;0;2;0;3;4;
Gerald Wallace;;19:57;1;2;1;2;1;2;0;1;1;1;3;0;0;0;4;
GSW
Andre Iguodala;F;38:07;9;14;2;5;2;3;1;4;5;7;3;0;0;1;22;
David Lee;F;34:46;8;19;0;0;0;0;3;4;7;4;1;0;2;1;16;
Andrew Bogut;C;28:20;2;6;0;0;0;0;4;9;13;3;0;1;0;3;4;
Klay Thompson;G;40:59;5;17;3;7;4;4;1;0;1;1;0;0;1;2;17;
Stephen Curry;G;40:08;7;18;3;8;2;3;1;6;7;4;1;0;4;1;19;
Harrison Barnes;;20:02;0;4;0;3;1;2;1;5;6;1;0;0;1;4;1;
Toney Douglas;;5:02;0;0;0;0;0;0;0;1;1;1;0;0;1;0;0;
Draymond Green;;19:42;3;8;0;2;1;2;2;2;4;2;2;0;1;3;7;
Marreese Speights;;12:54;4;6;0;1;5;7;1;1;2;0;0;0;1;3;13;
