12-13;MIN-SAS;110-117;
30-27;24-35;35-18;21-37;
MIN
Corey Brewer;F;35:49;3;9;0;3;3;4;0;2;2;2;1;2;0;2;9;
Kevin Love;F;38:32;15;27;8;9;4;4;4;10;14;2;1;0;1;0;42;
Nikola Pekovic;C;37:25;7;13;0;0;4;4;4;7;11;1;0;0;2;2;18;
Kevin Martin;G;32:51;4;12;2;6;4;4;0;2;2;3;2;0;2;0;14;
Ricky Rubio;G;36:25;5;13;0;2;5;6;0;4;4;9;4;1;5;2;15;
Robbie Hummel;;6:52;0;2;0;1;0;0;0;1;1;0;0;0;0;0;0;
Dante Cunningham;;19:53;0;1;0;0;0;0;1;3;4;2;1;1;1;1;0;
Luc Mbah a Moute;;10:28;0;1;0;0;0;0;0;1;1;0;0;0;1;1;0;
Jose Juan Barea;;12:29;2;7;0;1;1;2;0;1;1;2;0;0;0;2;5;
Alexey Shved;;9:16;2;3;1;1;2;2;1;0;1;1;0;0;0;2;7;
SAS
Kawhi Leonard;F;34:04;8;11;3;5;0;0;0;6;6;5;2;1;1;2;19;
Tim Duncan;F;34:51;5;11;0;0;2;2;3;11;14;8;2;3;2;2;12;
Jeff Ayres;C;20:24;1;3;0;0;0;0;2;6;8;0;0;2;0;4;2;
Danny Green;G;11:06;0;2;0;1;0;0;0;0;0;0;0;0;2;1;0;
Tony Parker;G;35:30;13;24;2;4;1;1;0;3;3;6;1;0;4;1;29;
Manu Ginobili;;25:28;6;10;2;4;6;8;2;2;4;9;1;0;2;1;20;
Boris Diaw;;29:28;6;11;0;2;0;0;0;3;3;2;0;1;1;3;12;
Marco Belinelli;;28:29;5;9;2;4;0;0;0;2;2;1;1;0;1;0;12;
Patty Mills;;7:02;1;2;0;1;2;2;0;1;1;0;1;0;0;2;4;
Matt Bonner;;8:10;2;2;1;1;0;0;0;1;1;0;0;0;0;1;5;
Cory Joseph;;5:28;1;2;0;0;0;0;0;0;0;1;0;0;0;1;2;
