02-08;POR-MIN;117-110;
28-23;27-31;28-29;34-27;
POR
Nicolas Batum;F;33:59;6;12;0;4;3;4;0;5;5;4;1;0;4;3;15;
LaMarcus Aldridge;F;34:07;12;16;0;0;2;2;1;8;9;3;2;2;1;2;26;
Robin Lopez;C;30:07;1;6;0;0;5;7;3;8;11;1;0;4;0;4;7;
Wesley Matthews;G;32:59;6;14;3;5;6;7;0;1;1;6;0;0;0;5;21;
Damian Lillard;G;30:47;3;10;1;4;7;7;1;4;5;4;1;1;3;5;14;
Earl Watson;;10:42;1;2;1;2;0;0;0;0;0;2;0;0;0;4;3;
Joel Freeland;;17:53;5;7;0;0;1;3;5;1;6;1;0;0;0;1;11;
CJ McCollum;;28:07;6;12;3;6;4;6;0;3;3;3;2;0;4;3;19;
Dorell Wright;;8:01;0;2;0;2;0;0;0;2;2;4;0;0;0;1;0;
Thomas Robinson;;13:18;0;2;0;0;1;2;0;5;5;0;1;0;1;2;1;
MIN
Corey Brewer;F;38:49;11;23;0;1;4;6;3;4;7;2;0;1;0;1;26;
Dante Cunningham;F;38:51;6;16;0;1;2;6;2;8;10;2;1;1;0;4;14;
Ronny Turiaf;C;38:26;4;8;0;0;0;0;6;7;13;3;0;3;1;6;8;
Chase Budinger;G;29:00;6;12;3;6;4;5;1;4;5;1;1;0;3;0;19;
Ricky Rubio;G;38:49;8;19;2;4;7;8;0;2;2;9;1;0;3;5;25;
Gorgui Dieng;;9:09;0;1;0;0;0;0;3;2;5;0;0;0;0;1;0;
Jose Juan Barea;;14:14;1;7;0;3;4;4;0;3;3;0;1;0;1;2;6;
Alexey Shved;;6:22;0;2;0;0;0;0;0;0;0;0;0;0;1;2;0;
Luc Mbah a Moute;;4:06;0;1;0;0;0;0;1;0;1;0;1;0;1;0;0;
Shabazz Muhammad;;16:46;4;8;0;2;4;5;0;2;2;0;1;0;1;4;12;
Robbie Hummel;;5:28;0;0;0;0;0;0;1;1;2;0;0;0;1;0;0;
