11-09;LAC-HOU;107-94;
22-26;24-29;27-16;34-23;
LAC
Jared Dudley;F;27:34;4;6;1;1;0;1;0;2;2;1;0;0;1;2;9;
Blake Griffin;F;34:01;9;16;1;1;3;6;1;6;7;2;1;0;3;5;22;
DeAndre Jordan;C;35:49;6;8;0;0;0;3;7;11;18;4;2;3;2;4;12;
JJ Redick;G;35:41;8;15;3;7;3;3;0;5;5;2;4;1;3;3;22;
Chris Paul;G;37:10;5;13;1;3;3;3;2;3;5;13;2;0;3;5;14;
Reggie Bullock;;9:03;0;3;0;3;0;0;1;2;3;0;0;0;0;1;0;
Jamal Crawford;;30:58;6;15;2;4;2;3;2;0;2;1;0;1;1;4;16;
Darren Collison;;23:55;3;10;1;5;3;4;1;1;2;3;1;2;0;2;10;
Byron Mullens;;1:36;0;0;0;0;0;0;1;0;1;0;0;0;0;0;0;
Willie Green;;4:14;1;2;0;0;0;0;0;0;0;0;0;0;0;2;2;
HOU
Chandler Parsons;F;37:39;9;15;2;5;3;3;0;8;8;3;1;0;3;4;23;
Dwight Howard;F;39:22;8;14;0;0;5;11;4;4;8;0;0;2;2;5;21;
Omer Asik;C;23:36;3;3;0;0;1;4;2;5;7;0;0;0;1;3;7;
James Harden;G;37:35;4;15;1;6;3;3;1;4;5;5;2;1;3;2;12;
Patrick Beverley;G;37:44;6;13;3;8;4;4;1;4;5;3;4;2;3;5;19;
Jeremy Lin;;26:29;3;7;0;0;0;0;1;0;1;7;1;0;5;1;6;
Omri Casspi;;17:49;1;5;1;4;0;0;0;3;3;2;0;0;0;0;3;
Francisco Garcia;;19:46;1;6;0;3;1;2;1;4;5;1;2;0;1;3;3;
