03-01;WAS-PHI;122-103;
41-28;33-34;23-21;25-20;
WAS
Trevor Ariza;F;35:40;14;23;8;12;4;5;1;1;2;3;4;1;2;1;40;
Trevor Booker;F;29:21;6;7;0;0;2;2;0;7;7;2;0;2;0;1;14;
Marcin Gortat;C;31:25;6;9;0;0;1;2;3;11;14;0;1;2;2;3;13;
Bradley Beal;G;29:24;5;12;1;4;0;0;2;1;3;5;2;1;2;3;11;
John Wall;G;29:16;6;10;1;1;4;4;1;2;3;16;2;0;3;4;17;
Martell Webster;;27:58;5;13;2;5;5;7;1;2;3;1;2;0;0;2;17;
Chris Singleton;;16:48;1;5;0;2;1;4;1;2;3;0;1;0;1;1;3;
Andre Miller;;14:55;0;2;0;0;2;2;0;0;0;3;0;0;2;3;2;
Drew Gooden;;8:08;0;2;0;0;0;0;3;3;6;0;0;0;1;4;0;
Al Harrington;;6:56;1;3;0;1;1;2;0;2;2;0;0;0;3;3;3;
Garrett Temple;;6:20;0;1;0;0;0;0;0;0;0;3;0;0;0;0;0;
Otto Porter;;3:49;1;2;0;1;0;0;0;1;1;0;0;0;0;0;2;
PHI
Hollis Thompson;F;27:06;3;8;0;3;1;1;1;1;2;0;0;0;3;2;7;
Thaddeus Young;F;35:00;7;14;0;2;3;4;1;2;3;5;3;0;4;3;17;
Henry Sims;C;24:22;3;6;0;0;1;2;3;1;4;1;1;1;1;5;7;
James Anderson;G;26:58;5;11;2;7;1;1;0;2;2;1;3;1;2;2;13;
Michael Carter-Williams;G;30:13;5;14;1;2;4;6;0;6;6;7;0;0;4;3;15;
Byron Mullens;;12:04;2;5;0;0;2;2;2;5;7;0;1;1;3;1;6;
Tony Wroten;;27:28;5;12;0;2;9;12;1;2;3;2;1;1;2;2;19;
Elliot Williams;;17:41;2;5;0;3;0;0;0;4;4;4;1;0;2;2;4;
Arnett Moultrie;;17:44;1;2;0;0;0;0;0;3;3;0;1;0;1;3;2;
Eric Maynor;;17:35;5;7;2;3;1;4;1;4;5;1;0;1;0;1;13;
Jarvis Varnado;;2:55;0;0;0;0;0;0;0;1;1;0;0;0;0;0;0;
Lorenzo Brown;;0:54;0;0;0;0;0;0;0;0;0;1;0;0;0;0;0;
