11-13;TOR-MEM;103-87;
26-20;29-24;23-27;25-16;
TOR
Rudy Gay;F;41:47;8;18;4;6;3;4;1;5;6;4;5;2;4;2;23;
Amir Johnson;F;30:07;4;8;0;1;6;6;1;1;2;0;0;1;2;5;14;
Jonas Valanciunas;C;29:41;1;6;0;0;2;2;0;7;7;0;0;1;0;4;4;
DeMar DeRozan;G;32:52;7;13;1;1;3;3;2;1;3;4;2;1;1;0;18;
Kyle Lowry;G;34:52;6;10;3;5;6;8;0;3;3;6;2;0;2;2;21;
Tyler Hansbrough;;23:08;1;5;0;0;2;2;3;1;4;0;1;1;2;5;4;
Terrence Ross;;20:12;3;5;0;2;2;2;0;4;4;0;1;0;0;0;8;
Austin Daye;;0:09;0;0;0;0;0;0;0;0;0;0;0;0;0;0;0;
Dwight Buycks;;11:48;0;1;0;0;4;4;1;2;3;0;1;0;1;0;4;
Aaron Gray;;7:28;0;0;0;0;1;2;1;3;4;0;0;0;1;3;1;
Quincy Acy;;5:16;0;0;0;0;4;6;0;1;1;0;0;0;0;0;4;
Landry Fields;;1:20;0;0;0;0;0;0;0;0;0;0;0;0;0;0;0;
D.J. Augustin;;1:20;1;1;0;0;0;0;0;0;0;0;0;0;0;0;2;
MEM
Tayshaun Prince;F;34:19;3;8;0;1;0;0;0;3;3;4;0;1;0;2;6;
Zach Randolph;F;30:15;4;9;0;0;2;2;1;9;10;2;1;0;3;2;10;
Marc Gasol;C;33:08;6;14;0;0;6;8;5;5;10;4;0;0;0;4;18;
Tony Allen;G;30:19;5;11;0;1;0;0;2;2;4;2;2;1;2;1;10;
Mike Conley;G;35:15;12;19;4;10;1;3;0;0;0;5;3;0;3;2;29;
Kosta Koufos;;8:03;0;2;0;0;0;0;1;3;4;0;0;0;1;1;0;
Jamaal Franklin;;4:15;0;0;0;0;0;0;0;1;1;0;0;0;1;1;0;
Mike Miller;;20:46;3;10;2;7;0;0;0;0;0;2;0;0;2;4;8;
Jerryd Bayless;;12:10;0;3;0;2;0;0;0;1;1;2;0;0;3;2;0;
Ed Davis;;23:53;2;5;0;0;1;2;1;4;5;2;0;3;0;5;5;
Nick Calathes;;4:55;0;0;0;0;1;2;0;1;1;1;0;0;2;0;1;
Jon Leuer;;2:43;0;1;0;0;0;0;1;0;1;0;0;0;0;0;0;
