04-08;SAS-MIN;91-110;
19-27;15-27;29-31;28-25;
SAS
Kawhi Leonard;F;26:58;5;10;0;2;1;1;0;6;6;1;2;1;0;3;11;
Tim Duncan;F;19:54;4;11;0;0;2;4;3;3;6;1;0;4;3;2;10;
Boris Diaw;C;22:48;6;13;1;2;0;0;2;4;6;5;0;0;5;4;13;
Danny Green;G;24:49;1;6;0;4;3;4;0;2;2;4;1;1;2;4;5;
Cory Joseph;G;19:59;4;5;0;0;5;8;1;1;2;2;3;0;1;2;13;
Manu Ginobili;;14:37;3;7;0;1;1;2;0;2;2;1;1;0;1;0;7;
Patty Mills;;22:13;3;7;2;3;0;0;0;0;0;0;0;0;1;1;8;
Tiago Splitter;;13:00;0;2;0;0;1;2;1;3;4;1;0;0;2;2;1;
Marco Belinelli;;25:57;1;4;0;0;1;2;0;1;1;1;0;0;0;0;3;
Matt Bonner;;19:59;5;8;1;3;0;0;1;2;3;2;0;0;0;1;11;
Jeff Ayres;;20:19;3;4;0;0;1;2;3;1;4;0;1;1;0;2;7;
Austin Daye;;4:44;1;3;0;2;0;0;0;0;0;1;0;0;1;1;2;
Damion James;;4:44;0;1;0;0;0;0;0;1;1;0;0;0;0;0;0;
MIN
Corey Brewer;F;28:31;5;8;1;1;3;3;0;3;3;2;4;0;2;1;14;
Kevin Love;F;32:50;5;15;2;6;7;7;2;10;12;4;0;1;4;0;19;
Gorgui Dieng;C;26:42;4;15;0;0;4;5;7;8;15;0;0;1;0;3;12;
Robbie Hummel;G;35:13;4;10;1;4;0;0;3;4;7;0;1;0;1;2;9;
Ricky Rubio;G;34:05;10;17;0;1;3;4;0;2;2;7;1;0;2;2;23;
Luc Mbah a Moute;;19:16;5;7;1;1;0;0;1;0;1;0;0;0;0;2;11;
Ronny Turiaf;;21:18;4;5;0;0;2;4;3;6;9;1;0;1;1;3;10;
Jose Juan Barea;;21:25;3;9;0;2;1;1;0;1;1;4;0;0;5;4;7;
Dante Cunningham;;15:10;2;4;0;0;1;2;0;1;1;5;3;0;0;0;5;
Alexey Shved;;3:57;0;1;0;0;0;0;0;1;1;0;0;0;0;1;0;
Othyus Jeffers;;1:34;0;0;0;0;0;0;0;0;0;0;0;0;0;0;0;
