11-14;HOU-NYK;109-106;
28-23;25-29;22-20;34-34;
HOU
Terrence Jones;F;33:44;2;5;0;0;2;2;2;6;8;2;1;0;0;4;6;
Chandler Parsons;F;36:37;7;11;2;5;6;6;0;2;2;2;2;0;0;2;22;
Dwight Howard;C;34:02;1;5;0;0;5;8;6;9;15;2;0;4;5;4;7;
Patrick Beverley;G;26:43;2;6;1;5;0;0;1;1;2;2;1;0;2;0;5;
James Harden;G;41:40;9;17;2;6;16;18;2;7;9;2;1;0;5;3;36;
Jeremy Lin;;30:23;7;16;1;6;6;6;0;5;5;3;1;0;2;1;21;
Omri Casspi;;16:51;1;3;1;2;1;2;0;0;0;0;0;0;0;2;4;
Greg Smith;;0:40;0;0;0;0;0;0;0;0;0;0;0;0;0;0;0;
Francisco Garcia;;16:25;2;5;2;4;2;2;0;2;2;1;0;2;0;3;8;
Ronnie Brewer;;2:53;0;0;0;0;0;0;0;0;0;0;0;0;0;0;0;
Aaron Brooks;;0:02;0;0;0;0;0;0;0;0;0;0;0;0;0;0;0;
NYK
Carmelo Anthony;F;43:49;17;30;2;4;9;11;3;7;10;4;0;1;3;5;45;
J.R. Smith;F;38:50;4;16;2;5;5;7;2;6;8;4;3;1;0;3;15;
Andrea Bargnani;C;32:58;9;12;3;3;3;4;3;1;4;0;0;1;0;5;24;
Raymond Felton;G;40:37;3;9;0;2;2;2;0;0;0;7;1;1;5;5;8;
Iman Shumpert;G;30:19;1;4;0;1;0;0;0;6;6;4;1;0;1;4;2;
Metta World Peace;;17:13;1;7;0;3;0;0;1;2;3;0;0;1;0;1;2;
Pablo Prigioni;;7:23;0;1;0;1;0;0;0;0;0;0;0;0;0;3;0;
Tim Hardaway Jr.;;13:49;2;3;1;1;3;3;0;1;1;0;1;0;0;1;8;
Amar'e Stoudemire;;5:03;0;3;0;0;0;0;0;1;1;0;0;0;0;0;0;
Kenyon Martin;;9:59;1;2;0;0;0;0;1;2;3;1;0;0;0;1;2;
