01-28;MEM-POR;98-81;
31-22;30-24;20-12;17-23;
MEM
Tayshaun Prince;F;31:10;2;6;0;1;0;0;0;6;6;3;0;0;1;0;4;
Zach Randolph;F;36:08;11;22;0;1;1;1;5;5;10;3;1;0;0;5;23;
Marc Gasol;C;34:45;7;13;0;0;1;1;0;8;8;4;3;1;5;3;15;
Courtney Lee;G;31:09;5;9;1;2;1;2;0;1;1;1;3;0;1;1;12;
Mike Conley;G;34:36;8;14;2;4;1;2;0;3;3;7;1;0;2;1;19;
Nick Calathes;;13:24;1;5;0;1;0;0;0;4;4;4;0;0;0;0;2;
James Johnson;;16:58;1;2;0;1;2;2;3;3;6;1;0;0;3;4;4;
Ed Davis;;12:29;0;1;0;0;0;0;0;2;2;0;0;0;0;2;0;
Kosta Koufos;;11:03;3;5;0;0;0;2;1;2;3;0;1;1;0;3;6;
Mike Miller;;15:48;4;5;3;3;0;0;0;2;2;1;0;0;1;1;11;
Jamaal Franklin;;1:15;1;1;0;0;0;0;0;0;0;0;0;0;0;0;2;
Jon Leuer;;1:15;0;0;0;0;0;0;0;1;1;0;0;0;0;0;0;
POR
Nicolas Batum;F;38:49;4;11;0;4;2;3;0;6;6;4;1;0;2;0;10;
LaMarcus Aldridge;F;38:47;11;23;0;0;5;7;4;12;16;2;0;2;3;3;27;
Robin Lopez;C;34:56;4;10;0;0;6;8;2;3;5;0;0;0;0;0;14;
Wesley Matthews;G;34:58;2;9;2;6;2;2;0;3;3;5;0;0;1;1;8;
Damian Lillard;G;37:25;7;16;2;9;0;0;1;0;1;3;0;0;3;2;16;
Mo Williams;;19:21;1;7;0;1;0;0;0;0;0;3;2;0;2;0;2;
Joel Freeland;;5:52;1;2;0;0;1;1;3;0;3;0;0;0;0;1;3;
CJ McCollum;;10:43;0;4;0;2;0;0;0;0;0;0;0;0;1;3;0;
Thomas Robinson;;6:59;0;0;0;0;0;0;0;3;3;0;0;0;0;0;0;
Meyers Leonard;;9:06;0;1;0;0;1;1;1;1;2;1;1;0;0;2;1;
Dorell Wright;;1:32;0;2;0;2;0;0;0;0;0;0;0;0;0;0;0;
Will Barton;;1:32;0;2;0;0;0;0;1;0;1;0;0;0;0;0;0;
