02-03;MEM-OKC;77-86;
18-20;18-31;25-18;16-17;
MEM
Tayshaun Prince;F;28:39;2;10;0;2;0;0;0;0;0;5;0;0;0;1;4;
Zach Randolph;F;37:36;6;15;0;0;1;2;4;9;13;1;2;0;2;2;13;
Marc Gasol;C;37:36;5;11;0;0;3;4;0;3;3;1;0;0;1;2;13;
Courtney Lee;G;36:32;3;10;1;6;4;5;0;4;4;1;1;1;2;4;11;
Nick Calathes;G;28:48;4;11;0;4;0;0;1;2;3;3;4;0;0;3;8;
Kosta Koufos;;13:45;3;6;0;0;1;2;3;1;4;0;1;1;0;3;7;
Mike Miller;;23:54;4;9;1;2;2;2;1;0;1;1;0;0;1;0;11;
James Johnson;;23:39;4;8;0;2;0;0;2;4;6;4;0;2;3;4;8;
Ed Davis;;6:12;1;1;0;0;0;0;0;1;1;2;0;0;0;0;2;
Jamaal Franklin;;3:19;0;0;0;0;0;0;0;0;0;0;0;0;2;2;0;
OKC
Kevin Durant;F;40:11;11;21;2;7;7;10;2;6;8;8;1;1;5;2;31;
Serge Ibaka;F;37:02;10;17;0;1;1;1;3;9;12;1;0;1;1;3;21;
Kendrick Perkins;C;25:24;0;1;0;0;1;2;0;8;8;0;1;2;3;4;1;
Thabo Sefolosha;G;30:28;2;5;1;3;2;3;0;2;2;2;1;0;1;0;7;
Reggie Jackson;G;33:31;6;15;0;2;0;0;0;2;2;2;1;0;3;1;12;
Derek Fisher;;14:29;1;3;1;2;0;0;0;1;1;0;0;0;1;1;3;
Steven Adams;;22:36;1;2;0;0;1;4;3;2;5;1;1;4;1;5;3;
Jeremy Lamb;;12:18;2;6;0;1;0;1;0;1;1;1;1;0;0;3;4;
Andre Roberson;;0:18;0;0;0;0;0;0;0;1;1;0;0;0;0;0;0;
Nick Collison;;10:49;1;2;0;0;0;0;2;1;3;2;0;1;0;1;2;
Perry Jones;;12:53;0;4;0;2;2;2;0;1;1;0;1;0;1;0;2;
