11-13;OKC-LAC;103-111;
33-25;29-28;16-30;25-28;
OKC
Kevin Durant;F;41:49;8;18;2;6;15;17;1;5;6;10;2;0;5;4;33;
Serge Ibaka;F;16:36;6;6;0;0;1;1;0;2;2;1;0;0;1;0;13;
Steven Adams;C;21:26;3;4;0;0;1;2;2;2;4;0;0;1;1;2;7;
Thabo Sefolosha;G;34:40;2;5;0;2;3;3;0;3;3;1;6;1;4;5;7;
Russell Westbrook;G;34:49;7;18;2;4;3;5;2;2;4;10;2;0;5;2;19;
Nick Collison;;20:08;2;2;0;0;0;0;1;4;5;0;0;0;0;5;4;
Reggie Jackson;;25:02;2;6;1;1;4;4;0;3;3;4;1;0;2;2;9;
Hasheem Thabeet;;14:27;2;4;0;0;0;1;1;4;5;0;0;0;0;3;4;
Jeremy Lamb;;13:49;0;5;0;1;0;0;1;1;2;1;1;0;1;2;0;
Perry Jones;;6:26;2;3;1;1;0;0;0;1;1;0;0;1;0;0;5;
Ryan Gomes;;5:58;1;1;0;0;0;0;0;0;0;0;0;0;1;4;2;
Derek Fisher;;4:50;0;3;0;1;0;0;0;0;0;0;0;0;2;0;0;
LAC
Jared Dudley;F;30:54;3;8;1;5;3;4;2;1;3;1;0;0;3;4;10;
Blake Griffin;F;37:59;8;14;0;0;6;9;6;6;12;7;3;0;5;5;22;
DeAndre Jordan;C;32:09;6;8;0;0;3;4;3;6;9;0;2;2;3;3;15;
JJ Redick;G;25:44;5;13;2;5;3;3;0;2;2;2;1;0;1;4;15;
Chris Paul;G;40:52;5;15;0;6;4;4;0;7;7;16;3;1;2;1;14;
Jamal Crawford;;26:53;7;13;3;7;3;4;1;2;3;2;2;1;5;2;20;
Matt Barnes;;7:48;0;5;0;2;0;0;3;1;4;0;0;0;1;1;0;
Ryan Hollins;;10:31;2;2;0;0;0;0;1;0;1;0;0;0;0;1;4;
Darren Collison;;16:34;3;6;0;1;2;2;2;0;2;1;4;0;1;1;8;
Byron Mullens;;5:03;0;1;0;1;1;2;0;4;4;1;0;0;0;1;1;
Reggie Bullock;;5:34;0;1;0;1;2;2;0;3;3;0;0;0;1;0;2;
