04-08;OKC-SAC;107-92;
30-27;31-22;24-28;22-15;
OKC
Kevin Durant;F;31:10;8;13;2;4;5;5;0;4;4;4;0;0;3;1;23;
Serge Ibaka;F;27:40;8;16;0;1;3;4;0;4;4;1;0;0;0;3;19;
Kendrick Perkins;C;14:29;1;2;0;0;1;2;2;1;3;1;0;0;0;3;3;
Thabo Sefolosha;G;15:23;0;2;0;1;2;2;1;2;3;1;0;0;1;1;2;
Reggie Jackson;G;24:57;5;11;2;3;1;2;1;3;4;5;1;0;0;0;13;
Caron Butler;;26:27;8;10;6;6;1;2;0;5;5;2;1;0;0;2;23;
Nick Collison;;18:00;3;6;0;1;1;2;1;6;7;3;0;0;1;4;7;
Derek Fisher;;23:55;1;5;0;2;0;0;1;2;3;5;1;0;0;3;2;
Steven Adams;;27:18;0;1;0;0;5;8;3;2;5;0;1;3;0;3;5;
Jeremy Lamb;;16:50;4;9;2;4;0;0;0;0;0;1;1;1;1;1;10;
Perry Jones;;6:10;0;3;0;0;0;0;1;0;1;0;0;0;0;0;0;
Andre Roberson;;4:57;0;0;0;0;0;0;0;0;0;0;0;0;0;1;0;
Hasheem Thabeet;;2:44;0;2;0;0;0;0;0;0;0;0;0;0;0;1;0;
SAC
Travis Outlaw;F;36:40;11;20;1;6;1;2;2;3;5;4;0;0;1;2;24;
Jason Thompson;F;35:34;3;8;0;0;5;7;4;3;7;0;0;1;1;3;11;
DeMarcus Cousins;C;34:53;10;24;0;0;4;6;4;10;14;1;2;2;3;4;24;
Ben McLemore;G;39:07;3;9;1;4;4;4;1;7;8;2;0;0;2;1;11;
Ray McCallum;G;45:25;3;14;1;3;0;0;0;2;2;5;2;0;2;4;7;
Derrick Williams;;20:28;0;0;0;0;1;2;0;2;2;0;0;0;0;1;1;
Quincy Acy;;17:02;3;5;0;1;0;1;1;2;3;0;0;1;0;1;6;
Jared Cunningham;;6:23;1;2;0;0;6;6;0;1;1;1;1;0;0;2;8;
Aaron Gray;;4:28;0;0;0;0;0;0;1;1;2;0;0;0;0;0;0;
