01-10;LAL-LAC;87-123;
25-43;27-27;8-31;27-22;
LAL
Wesley Johnson;F;34:14;5;11;1;3;3;3;0;1;1;0;0;0;2;2;14;
Pau Gasol;F;25:01;5;15;0;0;0;0;1;7;8;5;0;0;2;3;10;
Robert Sacre;C;18:21;5;8;0;0;4;6;3;4;7;0;1;0;2;2;14;
Jodie Meeks;G;32:13;2;10;0;2;7;8;0;3;3;0;1;0;5;4;11;
Kendall Marshall;G;40:20;6;11;3;4;1;1;2;2;4;10;0;0;2;1;16;
Chris Kaman;;19:24;2;6;0;0;2;2;1;5;6;0;0;0;4;3;6;
Nick Young;;32:03;3;14;0;5;5;5;1;6;7;0;0;1;3;3;11;
Jordan Hill;;19:46;0;3;0;0;0;0;2;4;6;1;0;0;1;3;0;
Ryan Kelly;;18:38;1;6;0;2;3;3;1;4;5;2;0;0;0;5;5;
LAC
Jared Dudley;F;23:51;2;4;1;2;0;0;0;2;2;2;2;0;1;3;5;
Blake Griffin;F;29:48;12;15;0;0;9;11;2;10;12;4;4;2;4;2;33;
DeAndre Jordan;C;30:58;5;9;0;0;3;4;2;8;10;1;2;7;0;2;13;
JJ Redick;G;22:55;8;15;1;4;2;2;0;3;3;2;0;0;0;0;19;
Darren Collison;G;31:10;9;12;2;3;0;0;1;4;5;7;1;1;1;0;20;
Matt Barnes;;19:57;2;8;0;3;3;4;2;4;6;1;1;0;0;2;7;
Jamal Crawford;;24:33;3;13;2;4;3;4;4;2;6;3;1;0;0;3;11;
Darius Morris;;12:23;1;3;0;2;0;0;0;1;1;0;1;0;0;1;2;
Ryan Hollins;;16:34;1;1;0;0;3;6;2;3;5;0;1;2;0;5;5;
Antawn Jamison;;6:46;0;5;0;3;2;2;0;1;1;0;1;1;1;1;2;
Willie Green;;8:58;1;3;1;1;0;0;0;1;1;3;0;0;0;0;3;
Byron Mullens;;6:04;0;3;0;1;1;2;0;2;2;0;0;0;1;1;1;
Maalik Wayns;;6:04;1;1;0;0;0;0;0;2;2;1;2;0;0;3;2;
