02-25;MIN-PHX;110-101;
34-28;21-29;20-24;35-20;
MIN
Corey Brewer;F;32:46;7;9;1;1;3;7;0;1;1;1;2;0;3;2;18;
Dante Cunningham;F;33:43;5;8;0;1;2;2;0;5;5;2;3;3;1;4;12;
Kevin Love;C;38:58;10;22;3;6;10;14;3;10;13;9;0;2;3;1;33;
Chase Budinger;G;29:48;4;9;1;4;1;2;0;2;2;0;0;0;1;2;10;
Ricky Rubio;G;35:29;3;8;0;1;1;1;0;3;3;11;3;0;2;3;7;
Shabazz Muhammad;;24:20;8;13;0;0;4;6;3;3;6;1;2;0;1;2;20;
Luc Mbah a Moute;;16:00;1;4;0;0;0;0;1;3;4;0;0;0;0;1;2;
Jose Juan Barea;;14:19;3;9;0;3;0;0;1;0;1;0;0;0;3;4;6;
Gorgui Dieng;;4:47;1;2;0;0;0;0;1;0;1;0;0;0;1;1;2;
Alexey Shved;;4:47;0;1;0;0;0;0;1;1;2;0;1;0;0;0;0;
Robbie Hummel;;5:03;0;2;0;2;0;0;0;0;0;0;0;0;0;1;0;
PHX
PJ Tucker;F;38:10;2;11;0;2;2;4;7;8;15;0;1;2;2;3;6;
Channing Frye;F;25:27;2;6;0;3;0;0;1;2;3;2;0;1;3;5;4;
Miles Plumlee;C;16:59;3;7;0;0;0;0;3;4;7;0;1;2;2;1;6;
Gerald Green;G;32:21;7;15;1;5;4;4;3;4;7;1;0;1;4;4;19;
Goran Dragic;G;24:40;7;13;1;2;1;1;0;3;3;3;0;2;2;6;16;
Archie Goodwin;;16:18;5;9;0;1;0;0;2;3;5;0;1;0;1;1;10;
Markieff Morris;;32:59;9;20;0;1;6;8;1;2;3;2;1;0;1;5;24;
Marcus Morris;;24:20;4;8;1;1;0;0;0;4;4;4;2;1;2;5;9;
Ish Smith;;28:46;3;6;0;0;1;1;1;2;3;7;4;0;2;0;7;
