02-19;SAS-POR;111-109;
18-24;33-28;28-29;32-28;
SAS
Danny Green;F;36:18;5;9;3;7;3;3;0;7;7;1;1;3;3;2;16;
Boris Diaw;F;30:32;5;14;1;3;0;0;3;2;5;2;2;1;2;2;11;
Tiago Splitter;C;25:42;5;9;0;0;5;9;0;6;6;2;1;0;2;2;15;
Marco Belinelli;G;35:03;7;11;4;6;2;2;2;2;4;1;1;0;2;3;20;
Cory Joseph;G;24:14;0;4;0;1;0;0;1;1;2;4;1;1;0;1;0;
Shannon Brown;;13:28;0;2;0;0;0;0;1;2;3;0;0;0;1;1;0;
Jeff Ayres;;14:21;1;2;0;0;0;0;1;2;3;0;0;0;1;5;2;
Patty Mills;;29:00;13;26;1;5;2;2;0;3;3;2;2;0;0;1;29;
Manu Ginobili;;19:16;6;10;0;2;4;5;1;4;5;4;1;0;3;2;16;
Matt Bonner;;7:45;1;1;0;0;0;0;0;1;1;0;0;0;0;1;2;
Nando De Colo;;4:21;0;0;0;0;0;0;0;1;1;0;0;0;0;0;0;
POR
Nicolas Batum;F;39:53;2;8;1;3;3;4;0;5;5;5;1;2;4;3;8;
Dorell Wright;F;20:24;4;8;2;4;0;0;3;2;5;0;2;0;1;2;10;
Robin Lopez;C;34:21;4;11;0;0;3;4;6;8;14;1;0;2;2;2;11;
Wesley Matthews;G;36:58;6;18;2;5;4;7;1;4;5;3;3;0;1;0;18;
Damian Lillard;G;38:23;13;21;1;3;4;5;1;3;4;6;0;0;2;3;31;
Mo Williams;;26:08;8;14;1;2;2;2;0;1;1;2;0;0;1;3;19;
Thomas Robinson;;22:35;4;7;0;1;2;3;2;7;9;0;0;0;2;4;10;
CJ McCollum;;14:05;1;4;0;2;0;0;0;1;1;0;0;0;1;3;2;
Victor Claver;;7:13;0;2;0;2;0;0;0;1;1;1;0;1;0;0;0;
