10-30;ATL-DAL;109-118;
28-33;27-20;24-33;30-32;
ATL
DeMarre Carroll;F;34:30;3;7;2;4;6;8;1;6;7;1;3;0;2;1;14;
Paul Millsap;F;35:45;9;15;0;2;2;4;2;3;5;3;1;1;2;4;20;
Al Horford;C;31:59;5;12;0;0;1;2;1;4;5;3;5;4;3;1;11;
Kyle Korver;G;35:42;3;9;1;4;1;1;0;5;5;3;2;0;0;1;8;
Jeff Teague;G;34:19;7;13;1;4;9;12;0;2;2;9;4;0;6;3;24;
Mike Scott;;7:22;0;1;0;0;0;0;0;1;1;0;0;0;2;4;0;
Dennis Schroder;;18:29;2;5;1;2;0;0;0;4;4;5;0;0;2;3;5;
Elton Brand;;13:04;4;5;0;0;0;0;0;0;0;0;0;0;0;0;8;
Cartier Martin;;16:45;4;8;3;7;6;6;1;1;2;1;1;0;0;3;17;
Pero Antic;;7:50;0;1;0;1;0;0;0;2;2;0;0;0;0;0;0;
Shelvin Mack;;4:15;0;0;0;0;2;2;0;0;0;2;0;0;0;0;2;
DAL
Shawn Marion;F;30:38;6;9;0;1;0;2;0;8;8;1;2;1;2;2;12;
Dirk Nowitzki;F;33:00;8;14;4;6;4;4;0;4;4;5;0;0;1;4;24;
Samuel Dalembert;C;26:54;2;4;0;0;0;0;1;8;9;0;0;1;1;1;4;
Monta Ellis;G;36:48;11;17;2;3;8;8;0;4;4;8;2;0;7;3;32;
Jose Calderon;G;34:39;1;7;1;5;2;2;0;2;2;11;1;0;4;3;5;
Vince Carter;;25:22;9;16;2;5;1;2;0;4;4;2;1;0;2;3;21;
DeJuan Blair;;21:06;4;5;0;0;1;2;5;0;5;0;0;0;1;3;9;
Wayne Ellington;;13:42;2;4;1;3;1;2;1;2;3;0;1;0;0;1;6;
Gal Mekel;;8:51;0;0;0;0;2;2;0;2;2;3;0;0;2;1;2;
Jae Crowder;;9:00;1;1;1;1;0;0;0;1;1;1;0;0;0;1;3;
