11-18;MEM-LAC;106-102;
29-20;23-31;29-30;25-21;
MEM
Tayshaun Prince;F;35:46;2;8;0;0;4;5;0;2;2;2;0;0;1;1;8;
Zach Randolph;F;36:24;10;16;0;0;6;7;5;10;15;2;2;0;0;4;26;
Marc Gasol;C;40:52;8;22;0;0;7;8;2;7;9;8;2;0;3;3;23;
Tony Allen;G;10:09;2;4;0;0;1;1;1;0;1;0;0;1;0;2;5;
Mike Conley;G;29:19;6;11;2;4;1;2;0;2;2;5;0;0;1;3;15;
Jerryd Bayless;;19:15;1;4;0;2;2;3;1;4;5;2;1;0;0;3;4;
Kosta Koufos;;18:10;5;5;0;0;0;0;1;8;9;2;2;4;1;4;10;
Mike Miller;;19:33;3;6;2;4;0;0;0;3;3;1;0;0;2;1;8;
Quincy Pondexter;;30:32;2;5;1;2;2;4;1;0;1;1;0;0;1;2;7;
LAC
Jared Dudley;F;22:52;3;4;0;1;0;0;0;0;0;1;0;0;2;1;6;
Blake Griffin;F;33:18;11;21;0;0;1;3;5;6;11;1;2;1;1;4;23;
DeAndre Jordan;C;42:15;3;8;0;0;2;2;8;8;16;1;0;3;1;4;8;
JJ Redick;G;27:23;3;13;1;7;5;5;0;2;2;2;0;0;1;2;12;
Chris Paul;G;35:27;5;14;0;2;8;9;1;8;9;11;0;0;2;3;18;
Jamal Crawford;;23:18;3;11;2;6;0;0;1;1;2;1;2;0;2;3;8;
Matt Barnes;;23:05;2;6;1;2;7;7;0;2;2;1;1;0;1;2;12;
Byron Mullens;;13:43;2;5;2;4;0;0;0;2;2;0;1;0;0;4;6;
Darren Collison;;12:59;2;4;1;1;3;4;1;0;1;2;1;0;1;0;8;
Ryan Hollins;;5:40;0;0;0;0;1;2;0;0;0;0;0;0;0;2;1;
