02-28;SAC-LAL;122-126;
31-27;34-27;34-41;23-31;
SAC
Rudy Gay;F;40:38;11;22;1;4;9;9;3;4;7;5;2;1;2;3;32;
Derrick Williams;F;39:31;10;20;0;2;6;10;4;8;12;2;2;0;0;0;26;
Jason Thompson;C;29:04;8;12;0;0;1;2;4;7;11;2;1;0;1;4;17;
Ben McLemore;G;29:43;0;4;0;4;0;0;0;2;2;2;2;0;1;3;0;
Isaiah Thomas;G;32:15;10;16;2;2;4;5;0;1;1;8;1;2;5;2;26;
Reggie Evans;;18:56;3;7;0;0;2;4;4;5;9;2;3;0;1;1;8;
Ray McCallum;;22:38;3;7;1;1;0;0;0;1;1;5;0;0;0;2;7;
Quincy Acy;;13:37;1;3;0;0;0;0;0;0;0;1;0;0;1;1;2;
Orlando Johnson;;13:38;1;2;1;2;1;2;0;1;1;2;0;0;0;0;4;
LAL
Kent Bazemore;F;26:52;5;11;2;4;0;0;1;5;6;0;2;2;2;2;12;
Wesley Johnson;F;36:29;5;10;2;4;0;0;1;11;12;3;1;3;0;4;12;
Pau Gasol;C;39:01;10;17;0;0;2;4;0;5;5;6;0;2;5;2;22;
Jodie Meeks;G;33:04;8;8;3;3;3;4;0;0;0;4;0;0;1;0;22;
Kendall Marshall;G;19:12;0;2;0;2;0;0;0;1;1;10;0;0;4;4;0;
MarShon Brooks;;25:45;9;13;3;3;2;3;0;2;2;4;1;0;3;3;23;
Jordan Farmar;;28:48;9;14;8;10;4;5;0;0;0;7;1;0;1;2;30;
Jordan Hill;;5:58;0;1;0;0;0;0;0;1;1;0;0;0;0;2;0;
Chris Kaman;;3:48;0;2;0;0;0;0;0;0;0;0;0;1;1;2;0;
Ryan Kelly;;15:52;2;2;1;1;0;0;0;4;4;1;0;2;0;1;5;
Robert Sacre;;5:11;0;0;0;0;0;0;0;0;0;0;0;1;0;3;0;
