12-13;CHI-MIL;91-90;
26-18;21-33;15-18;29-21;
CHI
Mike Dunleavy;F;38:17;4;8;1;3;3;3;1;4;5;4;1;0;2;2;12;
Carlos Boozer;F;37:17;5;16;0;0;4;4;2;10;12;2;0;2;1;4;14;
Joakim Noah;C;35:09;10;15;0;0;1;2;9;9;18;5;3;3;2;5;21;
Jimmy Butler;G;36:35;4;12;1;4;7;8;1;1;2;1;3;0;3;2;16;
Kirk Hinrich;G;36:13;5;12;3;9;0;0;0;1;1;8;0;0;3;2;13;
Taj Gibson;;18:48;3;8;0;0;0;0;4;1;5;3;0;0;2;3;6;
Tony Snell;;21:08;2;6;2;6;0;0;0;0;0;2;0;0;1;1;6;
D.J. Augustin;;11:47;0;3;0;2;0;0;0;1;1;1;1;0;0;2;0;
Nazr Mohammed;;4:46;1;1;0;0;1;2;0;0;0;0;0;1;1;1;3;
MIL
Khris Middleton;F;23:42;5;9;0;0;0;0;1;3;4;2;0;1;0;2;10;
Ekpe Udoh;F;32:51;3;5;0;0;1;2;1;4;5;2;1;3;3;3;7;
John Henson;C;35:45;6;9;0;0;3;4;1;7;8;3;2;4;2;3;15;
O.J. Mayo;G;29:06;6;13;2;5;0;0;0;1;1;2;0;0;1;5;14;
Brandon Knight;G;29:14;3;9;0;0;5;5;0;2;2;4;0;0;3;1;11;
Giannis Antetokounmpo;;23:51;2;4;0;0;4;4;4;5;9;1;0;0;0;2;8;
Ersan Ilyasova;;24:22;1;7;0;1;1;2;2;1;3;1;1;0;0;1;3;
Nate Wolters;;18:57;2;7;0;0;1;2;2;0;2;3;2;0;1;0;5;
Gary Neal;;19:18;5;9;2;4;5;6;0;2;2;0;0;0;4;0;17;
Miroslav Raduljica;;2:55;0;2;0;0;0;0;2;0;2;0;0;0;0;2;0;
