11-23;ORL-MIA;99-101;
20-16;35-23;22-32;22-30;
ORL
Arron Afflalo;F;40:19;7;17;2;6;2;2;1;6;7;5;1;0;2;4;18;
Maurice Harkless;F;33:29;2;8;1;3;0;2;2;4;6;0;1;1;2;5;5;
Nikola Vucevic;C;31:19;5;9;0;0;1;2;3;6;9;1;1;1;2;4;11;
Victor Oladipo;G;27:05;4;8;1;3;8;9;1;6;7;4;0;0;1;2;17;
Jameer Nelson;G;37:40;4;10;2;6;2;2;0;3;3;6;2;0;5;0;12;
E'Twaun Moore;;21:57;5;5;4;4;0;0;0;1;1;1;0;0;2;1;14;
Andrew Nicholson;;18:58;0;3;0;1;2;4;1;2;3;1;1;1;0;3;2;
Glen Davis;;26:14;7;13;0;0;6;8;2;3;5;1;2;0;2;4;20;
Solomon Jones;;2:59;0;0;0;0;0;0;0;0;0;0;0;0;0;0;0;
MIA
LeBron James;F;37:35;7;13;3;6;5;7;0;9;9;7;3;0;3;0;22;
Shane Battier;F;21:03;0;2;0;2;0;0;0;0;0;0;0;1;0;2;0;
Chris Bosh;C;31:19;6;13;0;1;3;3;0;6;6;0;1;2;2;4;15;
Dwyane Wade;G;34:11;9;16;0;0;9;10;1;3;4;4;1;0;1;2;27;
Mario Chalmers;G;21:18;3;7;1;5;1;2;0;1;1;2;0;0;1;4;8;
Ray Allen;;25:58;1;5;1;3;2;2;1;2;3;2;0;0;1;1;5;
Rashard Lewis;;17:30;2;6;0;3;0;0;0;1;1;0;0;0;0;2;4;
Michael Beasley;;7:43;4;4;0;0;1;2;0;3;3;0;0;0;1;1;9;
Norris Cole;;26:42;2;8;1;5;0;0;0;2;2;4;1;0;2;0;5;
Chris Andersen;;16:41;3;4;0;0;0;0;2;2;4;0;0;0;1;3;6;
