03-28;POR-CHI;91-74;
19-16;28-20;26-22;18-16;
POR
Nicolas Batum;F;35:28;4;10;4;7;1;2;2;5;7;4;0;1;2;1;13;
LaMarcus Aldridge;F;29:27;2;10;0;0;1;2;0;13;13;1;4;0;1;2;5;
Robin Lopez;C;32:36;6;9;0;0;1;2;4;5;9;1;2;5;1;0;13;
Wesley Matthews;G;30:50;4;12;1;5;2;2;0;2;2;2;0;0;0;1;11;
Damian Lillard;G;37:02;6;14;3;5;1;2;0;4;4;4;1;0;1;1;16;
Thomas Robinson;;11:30;4;5;0;0;2;3;2;2;4;0;0;0;1;3;10;
Will Barton;;9:48;0;2;0;0;0;0;0;1;1;1;0;1;0;1;0;
Mo Williams;;24:55;7;12;1;2;3;3;0;3;3;2;0;0;2;1;18;
Dorell Wright;;20:28;2;5;1;3;0;0;2;2;4;3;0;0;0;2;5;
CJ McCollum;;1:59;0;0;0;0;0;0;0;0;0;1;1;0;0;0;0;
Meyers Leonard;;1:59;0;1;0;0;0;0;0;0;0;0;0;0;0;0;0;
Earl Watson;;1:59;0;0;0;0;0;0;0;0;0;0;0;0;1;1;0;
Victor Claver;;1:59;0;0;0;0;0;0;0;0;0;0;0;0;0;1;0;
CHI
Mike Dunleavy;F;32:24;1;9;0;3;0;0;0;1;1;2;0;0;1;2;2;
Carlos Boozer;F;24:00;8;15;0;0;0;0;2;10;12;2;2;0;1;2;16;
Joakim Noah;C;38:08;5;12;0;0;1;2;5;5;10;6;2;0;3;3;11;
Jimmy Butler;G;44:41;3;9;1;4;3;3;1;5;6;2;0;0;3;2;10;
Kirk Hinrich;G;17:37;0;6;0;1;0;0;0;2;2;3;0;0;1;4;0;
D.J. Augustin;;32:36;7;17;1;7;0;0;1;3;4;7;0;0;1;0;15;
Taj Gibson;;28:58;6;10;0;0;1;2;3;7;10;1;1;0;1;2;13;
Nazr Mohammed;;4:54;0;1;0;0;0;0;0;1;1;0;0;1;0;1;0;
Tony Snell;;12:46;2;2;0;0;0;0;0;0;0;0;0;0;0;0;4;
Jimmer Fredette;;3:56;1;3;1;2;0;0;0;0;0;0;0;0;1;0;3;
