12-28;UTA-LAC;90-98;
20-17;23-25;22-26;25-30;
UTA
Richard Jefferson;F;33:01;4;6;3;4;4;5;0;2;2;3;1;0;2;1;15;
Marvin Williams;F;26:28;5;11;2;4;3;3;0;8;8;0;1;1;2;3;15;
Derrick Favors;C;22:10;1;5;0;0;2;2;4;5;9;1;0;2;3;6;4;
Gordon Hayward;G;31:44;3;11;1;3;2;2;0;3;3;7;2;0;0;3;9;
Trey Burke;G;37:35;4;14;1;5;3;3;0;2;2;6;1;0;6;2;12;
John Lucas III;;10:39;1;4;0;2;0;0;0;1;1;0;0;0;1;2;2;
Alec Burks;;22:32;3;6;0;0;2;3;0;3;3;5;0;0;2;2;8;
Enes Kanter;;31:05;7;13;0;0;3;3;4;8;12;2;3;1;1;5;17;
Diante Garrett;;8:43;1;2;0;1;0;0;0;1;1;0;0;0;1;0;2;
Jeremy Evans;;16:03;3;4;0;0;0;0;0;4;4;0;1;0;1;3;6;
LAC
Jared Dudley;F;27:22;1;4;0;2;2;2;1;2;3;1;0;0;0;1;4;
Blake Griffin;F;38:09;13;20;0;0;14;17;1;9;10;3;1;1;8;2;40;
DeAndre Jordan;C;36:42;2;3;0;0;0;1;2;10;12;2;2;2;1;2;4;
Jamal Crawford;G;32:53;4;16;2;7;3;4;0;0;0;1;2;0;0;0;13;
Chris Paul;G;37:08;8;16;0;0;5;6;2;8;10;9;5;0;2;3;21;
Stephen Jackson;;13:50;0;1;0;1;0;0;1;1;2;1;0;0;0;1;0;
Matt Barnes;;20:52;3;4;1;2;0;1;0;1;1;1;1;1;2;3;7;
Darren Collison;;15:21;3;7;0;1;1;1;0;1;1;2;2;0;0;1;7;
Willie Green;;10:52;1;5;0;1;0;0;0;1;1;0;1;0;0;1;2;
Byron Mullens;;6:51;0;1;0;0;0;0;0;1;1;0;0;0;0;2;0;
