04-13;ORL-BKN;88-97;
28-25;21-21;21-33;18-18;
ORL
Maurice Harkless;F;23:43;4;8;1;2;1;1;1;2;3;2;0;0;2;1;10;
Kyle O'Quinn;F;22:27;5;7;0;0;0;0;1;3;4;2;2;0;1;3;10;
Dewayne Dedmon;C;20:01;1;4;0;0;0;0;1;4;5;0;1;2;2;2;2;
Arron Afflalo;G;21:18;2;7;1;2;0;0;0;0;0;5;0;0;0;1;5;
Victor Oladipo;G;25:41;5;8;3;3;1;2;0;2;2;1;2;0;6;2;14;
Tobias Harris;;27:09;7;11;1;2;3;5;2;5;7;2;3;0;2;2;18;
Doron Lamb;;26:42;1;7;1;5;0;0;1;0;1;1;1;0;2;2;3;
Andrew Nicholson;;26:23;5;8;0;1;2;2;1;6;7;0;2;0;1;6;12;
E'Twaun Moore;;24:17;3;6;0;1;2;2;0;0;0;3;1;0;2;0;8;
Ronnie Price;;22:19;2;8;1;4;1;2;1;1;2;6;1;0;1;4;6;
BKN
Andrei Kirilenko;F;27:17;1;4;0;0;0;0;0;3;3;2;0;1;1;1;2;
Paul Pierce;F;19:16;3;7;0;3;4;4;0;5;5;3;3;0;0;1;10;
Kevin Garnett;C;19:17;1;3;0;0;1;2;2;5;7;2;1;2;5;2;3;
Joe Johnson;G;33:48;6;13;3;7;2;2;1;2;3;2;0;0;4;0;17;
Deron Williams;G;34:57;5;10;4;7;2;3;0;1;1;5;4;0;2;1;16;
Mason Plumlee;;26:10;6;8;0;0;5;8;5;6;11;2;2;1;4;1;17;
Marcus Thornton;;22:39;3;11;1;5;1;2;2;2;4;4;0;0;1;1;8;
Mirza Teletovic;;28:44;7;12;4;7;2;2;2;4;6;1;0;1;2;4;20;
Jorge Gutierrez;;18:51;0;2;0;0;0;0;1;1;2;2;0;0;2;4;0;
Andray Blatche;;6:55;2;3;0;0;0;0;1;0;1;0;1;0;2;1;4;
Jason Collins;;1:03;0;0;0;0;0;0;0;0;0;0;0;0;0;0;0;
Marquis Teague;;1:03;0;0;0;0;0;0;0;0;0;0;0;0;0;0;0;
