03-17;OKC-CHI;97-85;
23-21;24-24;27-22;23-18;
OKC
Kevin Durant;F;42:10;11;21;3;4;10;12;1;11;12;5;0;0;0;2;35;
Serge Ibaka;F;33:55;6;11;1;1;2;4;0;4;4;2;0;2;1;2;15;
Steven Adams;C;20:43;0;0;0;0;0;0;1;5;6;0;0;2;1;3;0;
Andre Roberson;G;14:16;1;3;0;1;0;0;1;1;2;0;0;0;2;3;2;
Russell Westbrook;G;28:16;5;14;3;7;4;6;0;9;9;9;0;0;2;4;17;
Hasheem Thabeet;;9:35;0;0;0;0;0;0;0;0;0;0;0;0;0;2;0;
Caron Butler;;29:17;3;8;3;6;3;3;2;3;5;0;0;0;1;2;12;
Reggie Jackson;;32:23;3;9;2;2;3;3;0;5;5;3;1;1;1;3;11;
Nick Collison;;13:33;1;3;0;0;0;0;1;1;2;1;2;0;1;4;2;
Derek Fisher;;14:01;1;6;1;4;0;0;0;1;1;0;0;1;1;2;3;
Jeremy Lamb;;1:51;0;0;0;0;0;0;0;0;0;0;0;0;1;0;0;
CHI
Mike Dunleavy;F;30:15;4;10;2;5;1;2;1;1;2;2;1;0;0;1;11;
Carlos Boozer;F;24:00;5;13;0;0;2;2;2;9;11;0;0;0;0;2;12;
Joakim Noah;C;35:59;2;8;0;0;5;7;4;8;12;9;2;1;0;2;9;
Jimmy Butler;G;45:51;4;12;1;6;4;6;0;2;2;2;2;0;1;1;13;
Kirk Hinrich;G;31:53;3;12;2;5;0;0;0;3;3;3;2;0;1;5;8;
Taj Gibson;;29:38;6;14;0;0;4;6;3;4;7;1;0;2;1;1;16;
D.J. Augustin;;29:38;3;11;0;6;4;5;0;1;1;3;0;0;0;1;10;
Nazr Mohammed;;6:23;1;3;0;0;2;3;3;5;8;0;0;1;1;0;4;
Tony Snell;;6:23;1;1;0;0;0;0;0;0;0;1;0;0;1;2;2;
