03-21;DET-PHX;92-98;
27-26;23-25;21-22;21-25;
DET
Josh Smith;F;42:55;7;19;1;5;0;8;0;10;10;2;1;0;3;2;15;
Greg Monroe;F;31:38;6;16;0;0;4;7;4;4;8;5;1;2;2;6;16;
Andre Drummond;C;36:23;5;7;0;0;3;7;5;11;16;0;1;1;2;3;13;
Kyle Singler;G;33:54;4;11;1;3;0;0;2;4;6;1;2;0;2;0;9;
Brandon Jennings;G;14:26;0;2;0;1;0;0;1;0;1;2;0;0;2;4;0;
Will Bynum;;31:35;4;11;0;2;0;0;0;4;4;9;1;0;5;5;8;
Rodney Stuckey;;31:16;10;19;2;3;1;1;2;4;6;3;0;0;3;4;23;
Kentavious Caldwell-Pope;;8:44;2;2;0;0;0;0;0;2;2;0;0;0;0;1;4;
Jonas Jerebko;;9:10;1;3;0;2;2;3;0;0;0;0;2;0;0;2;4;
PHX
PJ Tucker;F;28:08;4;8;3;6;2;3;0;1;1;2;1;1;1;4;13;
Channing Frye;F;22:52;1;6;0;4;0;0;0;4;4;1;2;1;1;2;2;
Miles Plumlee;C;24:17;4;5;0;0;3;3;2;3;5;0;2;1;0;3;11;
Goran Dragic;G;32:43;6;12;2;2;6;10;1;2;3;5;1;0;0;1;20;
Eric Bledsoe;G;37:45;8;16;1;5;6;9;0;5;5;5;2;0;5;2;23;
Markieff Morris;;31:47;6;9;1;1;3;4;0;8;8;3;1;1;1;4;16;
Gerald Green;;22:18;4;12;1;5;3;4;0;4;4;1;1;0;1;2;12;
Marcus Morris;;22:11;0;3;0;2;1;2;0;4;4;0;1;0;0;1;1;
Alex Len;;12:44;0;2;0;0;0;0;1;2;3;0;0;3;1;1;0;
Ish Smith;;5:15;0;0;0;0;0;0;0;2;2;0;0;0;1;1;0;
