12-12;HOU-POR;104-111;
20-21;24-22;32-33;28-35;
HOU
Chandler Parsons;F;37:57;6;18;2;4;0;0;2;3;5;2;0;0;0;3;14;
Terrence Jones;F;29:03;5;10;0;1;0;0;0;2;2;2;1;1;1;5;10;
Dwight Howard;C;42:07;14;22;0;1;4;6;5;12;17;1;2;3;1;2;32;
James Harden;G;41:54;8;18;2;5;7;9;0;6;6;7;1;0;3;2;25;
Patrick Beverley;G;39:23;3;10;0;0;3;3;5;6;11;2;3;1;2;4;9;
Jeremy Lin;;14:43;1;4;0;2;3;4;0;2;2;2;1;0;0;3;5;
Omri Casspi;;16:07;2;6;0;2;2;2;1;2;3;0;0;1;0;3;6;
Francisco Garcia;;18:46;1;6;1;5;0;0;2;0;2;0;3;0;1;1;3;
POR
Nicolas Batum;F;37:44;5;11;2;6;3;4;2;4;6;6;0;2;4;1;15;
LaMarcus Aldridge;F;41:03;12;22;0;0;7;9;5;20;25;2;2;2;1;3;31;
Robin Lopez;C;36:28;7;9;0;0;2;3;4;6;10;1;0;2;1;5;16;
Wesley Matthews;G;35:08;6;16;2;8;4;5;0;2;2;2;1;0;3;3;18;
Damian Lillard;G;34:22;1;10;1;4;5;5;0;0;0;6;0;1;2;2;8;
Mo Williams;;24:05;5;10;1;3;2;2;1;1;2;4;1;0;2;4;13;
Joel Freeland;;13:11;1;2;0;0;0;0;0;3;3;0;0;0;0;1;2;
Dorell Wright;;12:52;2;6;2;6;0;0;1;1;2;1;0;0;1;0;6;
Thomas Robinson;;5:07;0;3;0;0;2;2;2;0;2;0;0;0;0;1;2;
