12-28;NOP-HOU;98-107;
22-31;30-21;21-22;25-33;
NOP
Al-Farouq Aminu;F;29:57;5;10;2;3;0;0;0;1;1;2;2;1;1;2;12;
Ryan Anderson;F;38:20;8;15;3;8;3;4;4;8;12;1;1;0;1;4;22;
Anthony Davis;C;37:47;8;14;0;0;2;2;5;11;16;0;1;1;0;4;18;
Brian Roberts;G;19:33;2;3;1;1;0;0;0;0;0;2;1;1;1;4;5;
Jrue Holiday;G;31:45;1;9;0;1;1;2;0;3;3;9;0;1;4;1;3;
Tyreke Evans;;32:21;7;21;2;5;0;0;2;2;4;9;0;0;2;4;16;
Alexis Ajinca;;5:01;1;2;0;0;0;0;0;0;0;1;0;0;0;1;2;
Darius Miller;;11:40;1;3;0;1;0;0;0;1;1;2;0;0;0;1;2;
Jason Smith;;14:48;5;9;0;0;0;0;1;3;4;2;0;1;0;2;10;
Anthony Morrow;;6:23;0;2;0;1;0;0;0;1;1;0;0;0;0;0;0;
Austin Rivers;;12:25;3;5;2;2;0;0;0;0;0;0;0;0;1;2;8;
HOU
Chandler Parsons;F;40:07;6;10;1;2;6;6;1;6;7;4;2;0;0;0;19;
Terrence Jones;F;34:17;6;8;0;0;5;6;1;7;8;2;0;3;0;0;17;
Dwight Howard;C;42:14;10;11;0;0;4;6;6;12;18;3;1;1;8;4;24;
James Harden;G;40:20;7;17;1;7;6;7;1;4;5;2;0;0;3;2;21;
Jeremy Lin;G;34:07;3;12;2;5;2;2;0;3;3;5;1;0;2;2;10;
Omri Casspi;;12:39;3;6;1;3;0;3;2;2;4;0;1;1;0;0;7;
Aaron Brooks;;20:09;3;8;1;5;2;2;1;0;1;1;0;0;1;2;9;
Francisco Garcia;;12:17;0;4;0;4;0;0;0;0;0;1;1;0;0;0;0;
Donatas Motiejunas;;3:50;0;1;0;0;0;0;0;1;1;1;0;0;0;1;0;
