04-04;DEN-MEM;92-100;
18-24;29-19;18-26;27-31;
DEN
Quincy Miller;F;12:54;0;2;0;1;0;0;0;1;1;0;1;0;1;1;0;
Kenneth Faried;F;23:30;7;13;0;0;3;4;5;7;12;2;1;0;5;2;17;
Timofey Mozgov;C;27:47;4;10;1;2;4;5;1;2;3;2;0;1;1;5;13;
Randy Foye;G;39:10;6;13;4;6;5;6;2;7;9;4;0;1;2;5;21;
Aaron Brooks;G;40:21;5;13;1;4;0;0;1;3;4;2;0;0;4;2;11;
Jan Vesely;;20:37;1;5;0;0;0;0;3;4;7;2;1;0;2;3;2;
Darrell Arthur;;23:50;1;9;1;5;3;3;2;5;7;1;2;2;2;5;6;
Ty Lawson;;32:06;3;8;0;1;10;12;0;1;1;3;2;0;1;2;16;
Evan Fournier;;19:45;2;7;0;4;2;2;0;2;2;0;0;0;2;2;6;
MEM
Tayshaun Prince;F;14:02;6;8;0;0;0;0;2;0;2;1;0;0;0;0;12;
Zach Randolph;F;41:39;7;22;0;1;6;6;3;12;15;4;2;3;1;4;20;
Marc Gasol;C;35:45;8;16;0;0;8;10;1;4;5;3;0;1;3;6;24;
Courtney Lee;G;38:44;3;7;1;1;3;3;0;1;1;1;1;0;2;1;10;
Mike Conley;G;35:20;5;14;1;7;10;11;0;5;5;4;2;0;1;4;21;
Nick Calathes;;17:21;1;3;0;0;2;2;0;1;1;2;2;0;1;3;4;
Kosta Koufos;;11:26;0;1;0;0;0;0;1;4;5;0;0;0;1;1;0;
Ed Davis;;6:14;1;4;0;0;0;0;2;0;2;0;0;0;0;2;2;
Tony Allen;;20:24;1;4;0;0;3;4;1;0;1;1;2;0;0;4;5;
Mike Miller;;17:36;0;4;0;2;2;2;0;1;1;2;0;0;2;1;2;
James Johnson;;1:30;0;0;0;0;0;0;0;0;0;0;0;0;0;0;0;
