01-11;BOS-POR;104-112;
32-27;28-31;26-32;18-22;
BOS
Jeff Green;F;33:06;6;15;0;4;4;7;2;6;8;2;1;1;1;3;16;
Brandon Bass;F;25:10;3;6;0;0;1;2;1;3;4;2;0;0;2;1;7;
Kris Humphries;C;29:42;4;8;0;0;2;2;3;5;8;2;2;3;1;4;10;
Avery Bradley;G;34:26;11;19;1;2;2;2;4;1;5;3;0;0;0;2;25;
Jordan Crawford;G;28:51;6;16;1;3;0;0;0;3;3;6;3;0;0;2;13;
Jared Sullinger;;27:36;6;15;2;4;0;0;7;3;10;0;0;0;1;5;14;
Jerryd Bayless;;21:15;6;10;0;1;0;0;0;1;1;6;1;0;3;4;12;
Gerald Wallace;;14:54;1;2;0;0;0;0;1;3;4;1;0;0;1;1;2;
Phil Pressey;;11:28;0;0;0;0;0;0;0;0;0;2;1;0;0;0;0;
Kelly Olynyk;;13:33;1;4;0;0;3;4;2;1;3;1;0;0;0;0;5;
POR
Nicolas Batum;F;37:24;6;14;2;5;2;2;2;5;7;7;1;1;4;0;16;
LaMarcus Aldridge;F;37:34;8;15;0;0;5;6;2;11;13;4;0;1;0;1;21;
Robin Lopez;C;34:04;5;13;0;0;5;5;9;4;13;1;0;1;1;1;15;
Wesley Matthews;G;34:23;5;12;2;4;6;6;1;4;5;3;0;0;1;1;18;
Damian Lillard;G;34:23;5;15;1;4;4;5;0;2;2;6;1;0;2;4;15;
Mo Williams;;24:20;4;9;3;5;0;0;1;1;2;4;1;0;2;0;11;
Joel Freeland;;13:56;2;6;0;0;0;2;3;2;5;2;0;0;1;3;4;
CJ McCollum;;13:30;4;6;2;3;0;0;1;0;1;1;0;0;0;2;10;
Thomas Robinson;;10:26;1;3;0;0;0;0;1;0;1;1;0;0;0;2;2;
