02-21;UTA-POR;94-102;
15-16;24-27;34-21;21-38;
UTA
Richard Jefferson;F;28:51;3;10;2;6;0;0;0;3;3;0;1;0;0;2;8;
Marvin Williams;F;30:52;1;3;0;0;2;2;1;2;3;1;1;1;2;1;4;
Enes Kanter;C;36:26;12;20;0;0;1;2;6;4;10;4;1;3;2;5;25;
Gordon Hayward;G;36:13;5;11;1;1;6;6;0;7;7;7;3;0;1;1;17;
Trey Burke;G;32:48;8;16;3;5;2;2;2;4;6;7;1;0;2;2;21;
Rudy Gobert;;11:34;0;2;0;0;1;2;0;0;0;0;0;1;1;2;1;
Alec Burks;;24:49;5;15;0;1;2;4;0;4;4;0;0;0;3;0;12;
Diante Garrett;;15:12;2;4;0;0;0;0;0;3;3;1;1;0;2;1;4;
Jeremy Evans;;17:08;1;1;0;0;0;0;0;3;3;0;0;0;1;4;2;
Brandon Rush;;6:07;0;0;0;0;0;0;0;1;1;0;0;0;0;0;0;
POR
Nicolas Batum;F;25:04;1;4;1;3;0;0;0;3;3;3;0;1;1;2;3;
Dorell Wright;F;20:49;2;4;1;3;0;0;0;7;7;1;0;1;0;0;5;
Robin Lopez;C;36:46;5;8;0;0;2;2;6;12;18;1;1;4;0;5;12;
Wesley Matthews;G;32:52;9;17;1;3;5;5;2;1;3;1;0;1;2;0;24;
Damian Lillard;G;37:03;11;28;2;5;4;4;0;2;2;7;1;0;2;1;28;
Thomas Robinson;;11:15;1;3;0;0;0;0;0;3;3;0;0;1;2;3;2;
Mo Williams;;30:18;4;11;1;3;4;4;2;2;4;1;1;0;2;3;13;
Victor Claver;;10:16;0;1;0;0;0;0;0;1;1;1;0;1;2;1;0;
CJ McCollum;;14:35;3;9;1;3;0;0;1;1;2;1;1;0;0;1;7;
Will Barton;;17:36;3;5;0;0;2;2;1;1;2;0;1;0;0;2;8;
Allen Crabbe;;3:26;0;1;0;0;0;0;0;0;0;0;0;0;0;1;0;
