12-27;WAS-MIN;98-120;
23-22;24-39;27-27;24-32;
WAS
Trevor Ariza;F;24:01;3;9;2;5;2;2;0;2;2;2;0;0;1;2;10;
Trevor Booker;F;26:45;5;7;0;0;0;0;4;5;9;0;0;1;2;3;10;
Marcin Gortat;C;23:48;3;6;0;0;2;2;3;4;7;3;0;0;1;2;8;
Bradley Beal;G;26:07;5;12;2;3;2;2;0;3;3;1;0;0;2;4;14;
John Wall;G;36:10;11;20;1;4;3;3;0;4;4;7;0;0;1;2;26;
Martell Webster;;29:37;4;11;3;7;0;0;1;2;3;1;0;0;1;4;11;
Nene;;22:08;4;10;0;0;5;8;1;4;5;0;0;0;2;3;13;
Otto Porter;;11:50;1;2;0;1;0;0;0;0;0;1;1;0;0;1;2;
Jan Vesely;;9:10;1;1;0;0;0;0;0;1;1;0;0;0;0;2;2;
Garrett Temple;;11:50;0;1;0;0;0;0;0;0;0;1;1;0;2;0;0;
Chris Singleton;;14:09;1;3;0;1;0;0;0;1;1;1;1;0;0;2;2;
Eric Maynor;;4:25;0;1;0;0;0;0;0;0;0;1;0;0;0;0;0;
MIN
Corey Brewer;F;24:01;4;9;0;3;2;2;0;0;0;2;1;0;0;1;10;
Kevin Love;F;32:21;8;18;2;7;7;7;1;10;11;1;1;0;0;2;25;
Nikola Pekovic;C;33:40;6;13;0;0;6;8;6;4;10;0;0;0;0;2;18;
Kevin Martin;G;26:20;5;12;0;2;2;5;0;2;2;0;1;0;0;2;12;
Ricky Rubio;G;26:35;2;5;0;0;7;8;3;5;8;9;3;0;0;1;11;
Dante Cunningham;;23:29;3;7;0;0;0;0;2;1;3;1;4;0;1;0;6;
Luc Mbah a Moute;;20:22;1;2;0;0;2;2;0;4;4;0;0;0;0;0;4;
Alexey Shved;;23:04;3;7;2;2;5;6;2;3;5;1;0;1;1;1;13;
Jose Juan Barea;;19:28;8;10;1;1;0;0;0;0;0;4;0;0;2;3;17;
Shabazz Muhammad;;4:25;1;1;0;0;0;0;0;0;0;0;0;0;0;0;2;
A.J. Price;;2:05;0;0;0;0;0;0;0;0;0;2;0;0;0;0;0;
Robbie Hummel;;2:05;1;1;0;0;0;0;0;1;1;0;0;0;0;0;2;
Gorgui Dieng;;2:05;0;0;0;0;0;0;0;0;0;0;0;1;0;0;0;
