11-25;MIN-IND;84-98;
24-28;22-20;22-25;16-25;
MIN
Corey Brewer;F;40:09;3;12;0;5;3;4;0;1;1;1;1;1;6;3;9;
Kevin Love;F;41:04;6;20;1;5;7;8;4;13;17;2;1;0;5;1;20;
Nikola Pekovic;C;37:22;8;15;0;0;4;6;5;6;11;0;0;0;3;3;20;
Kevin Martin;G;37:47;4;14;2;5;8;8;0;1;1;3;0;0;1;2;18;
Ricky Rubio;G;35:50;3;9;0;2;1;2;2;7;9;7;5;0;2;3;7;
Jose Juan Barea;;19:27;3;11;0;2;0;0;0;1;1;2;0;0;1;2;6;
Robbie Hummel;;10:47;0;1;0;0;0;0;2;1;3;0;2;0;0;3;0;
Dante Cunningham;;17:34;2;6;0;0;0;0;1;2;3;0;0;0;1;1;4;
IND
Paul George;F;39:20;10;16;4;4;2;4;0;8;8;4;4;1;6;2;26;
David West;F;28:31;6;12;0;1;1;2;1;3;4;3;0;0;2;3;13;
Roy Hibbert;C;27:25;2;7;0;0;0;0;2;3;5;1;1;1;2;4;4;
Lance Stephenson;G;29:36;5;12;1;2;0;0;3;5;8;2;1;0;3;3;11;
George Hill;G;39:02;9;13;3;4;5;6;0;3;3;7;5;1;2;4;26;
Orlando Johnson;;18:50;1;3;0;2;0;2;0;5;5;0;0;0;2;2;2;
Luis Scola;;19:29;4;10;0;0;1;1;0;8;8;1;0;0;2;2;9;
Ian Mahinmi;;20:36;3;5;0;0;1;2;1;3;4;0;1;2;0;3;7;
CJ Watson;;17:12;0;2;0;2;0;0;0;0;0;1;1;0;1;1;0;
