01-23;LAL-MIA;102-109;
27-30;19-27;29-28;27-24;
LAL
Wesley Johnson;F;18:27;3;6;1;3;0;0;0;1;1;1;1;0;0;2;7;
Ryan Kelly;F;25:45;3;10;1;4;0;2;1;4;5;2;1;0;2;3;7;
Pau Gasol;C;37:32;9;15;0;0;4;5;4;7;11;4;3;0;1;1;22;
Jodie Meeks;G;35:39;7;13;4;6;4;4;0;0;0;1;2;0;1;1;22;
Kendall Marshall;G;35:47;2;6;1;3;1;3;0;3;3;11;1;0;3;2;6;
Manny Harris;;21:16;2;7;0;3;3;3;1;3;4;1;0;0;1;0;7;
Nick Young;;33:01;8;20;2;6;1;3;1;2;3;1;3;0;2;4;19;
Robert Sacre;;10:28;2;4;0;0;0;0;1;0;1;0;0;0;0;2;4;
Jordan Hill;;22:05;4;7;0;0;0;1;5;2;7;0;1;1;1;2;8;
MIA
LeBron James;F;37:18;9;15;2;4;7;13;2;11;13;6;1;0;5;1;27;
Shane Battier;F;18:49;1;2;1;2;0;3;1;2;3;5;2;0;1;0;3;
Chris Bosh;C;33:36;15;22;1;3;0;0;2;4;6;0;0;1;0;1;31;
Ray Allen;G;28:24;4;8;2;5;0;1;0;4;4;1;1;0;1;3;10;
Mario Chalmers;G;33:26;5;6;1;1;0;0;0;3;3;3;1;0;3;1;11;
Chris Andersen;;12:53;2;3;0;0;0;0;2;2;4;0;1;1;2;4;4;
Norris Cole;;27:45;4;8;1;2;2;2;0;1;1;5;1;0;2;3;11;
Michael Beasley;;20:16;3;6;0;1;1;2;0;7;7;4;0;0;3;4;7;
Roger Mason Jr.;;6:25;0;1;0;1;0;0;0;0;0;1;0;0;0;1;0;
Greg Oden;;10:26;2;5;0;0;1;2;4;1;5;0;0;1;0;3;5;
Rashard Lewis;;10:42;0;2;0;1;0;0;1;1;2;0;0;1;1;2;0;
