12-02;ATL-SAS;100-102;
23-25;26-25;22-23;29-29;
ATL
DeMarre Carroll;F;36:53;7;11;3;5;0;0;4;4;8;2;2;0;1;3;17;
Paul Millsap;F;38:19;6;20;2;6;1;1;4;10;14;3;2;1;2;2;15;
Al Horford;C;35:14;9;16;0;0;0;0;2;5;7;3;2;0;0;0;18;
Lou Williams;G;27:20;5;14;0;6;0;0;0;0;0;4;1;1;0;2;10;
Jeff Teague;G;36:42;6;13;3;4;4;4;0;3;3;7;1;0;3;3;19;
Cartier Martin;;19:56;2;7;2;5;0;0;0;1;1;0;1;0;1;5;6;
Elton Brand;;12:38;3;4;0;0;0;0;0;4;4;0;1;0;2;1;6;
Shelvin Mack;;19:43;3;7;1;2;0;0;0;0;0;2;0;0;0;2;7;
Mike Scott;;9:50;0;1;0;1;0;0;0;2;2;1;0;0;1;1;0;
John Jenkins;;3:26;1;3;0;2;0;0;0;0;0;0;0;0;0;0;2;
Pero Antic;;0:00;0;0;0;0;0;0;0;0;0;0;0;0;0;0;0;
SAS
Kawhi Leonard;F;22:20;2;7;0;2;0;0;0;5;5;1;1;0;1;0;4;
Tim Duncan;F;34:36;10;15;0;0;3;4;6;15;21;2;1;2;3;0;23;
Tiago Splitter;C;23:54;5;9;0;0;1;1;1;4;5;3;1;2;4;1;11;
Danny Green;G;22:32;1;7;1;5;0;0;2;2;4;1;0;1;0;2;3;
Tony Parker;G;36:40;7;11;1;1;0;0;0;0;0;7;0;0;4;1;15;
Manu Ginobili;;22:51;2;7;1;4;5;6;0;4;4;7;0;1;1;4;10;
Boris Diaw;;29:53;7;9;1;2;1;2;0;2;2;3;1;1;0;0;16;
Jeff Ayres;;7:14;0;0;0;0;1;2;0;1;1;0;0;1;0;1;1;
Marco Belinelli;;25:02;6;9;1;2;0;0;0;4;4;3;2;0;2;0;13;
Patty Mills;;14:50;2;4;1;2;1;2;0;2;2;0;0;0;2;1;6;
Matt Bonner;;0:09;0;0;0;0;0;0;0;0;0;0;0;0;0;0;0;
