02-18;ORL-MIL;100-104;
22-25;25-28;32-28;21-23;
ORL
Tobias Harris;F;31:58;6;11;2;3;2;3;1;8;9;1;0;1;2;1;16;
Glen Davis;F;12:50;1;4;0;0;0;0;0;2;2;1;2;0;1;3;2;
Nikola Vucevic;C;27:04;7;10;0;0;5;6;2;7;9;0;1;1;2;4;19;
Arron Afflalo;G;31:28;9;15;3;6;0;0;0;1;1;1;0;0;3;3;21;
Jameer Nelson;G;30:09;4;12;1;6;0;0;0;2;2;13;1;1;0;3;9;
Maurice Harkless;;25:48;3;5;1;2;0;3;1;1;2;0;2;1;0;1;7;
Victor Oladipo;;21:48;3;7;0;1;0;0;1;0;1;3;1;0;2;2;6;
E'Twaun Moore;;23:12;6;12;3;6;2;2;0;1;1;0;1;2;3;2;17;
Kyle O'Quinn;;21:00;0;2;0;0;0;2;2;7;9;7;0;2;1;2;0;
Doron Lamb;;14:43;1;2;1;1;0;0;0;1;1;0;0;0;0;3;3;
MIL
Khris Middleton;F;22:19;5;10;2;3;0;0;0;1;1;2;0;0;0;1;12;
Ersan Ilyasova;F;19:06;3;9;1;2;2;2;1;7;8;2;0;0;2;2;9;
Zaza Pachulia;C;15:41;2;3;0;0;2;4;0;2;2;0;0;0;1;1;6;
Nate Wolters;G;39:49;6;13;1;2;2;2;2;5;7;8;2;0;1;2;15;
Brandon Knight;G;34:48;3;13;0;4;12;12;0;0;0;7;2;1;2;0;18;
Giannis Antetokounmpo;;26:47;2;3;1;1;3;6;2;6;8;4;2;1;0;2;8;
John Henson;;32:02;4;9;0;0;1;4;6;4;10;1;0;2;0;3;9;
Gary Neal;;20:17;3;7;0;1;0;0;0;0;0;1;2;0;1;1;6;
Caron Butler;;29:11;7;15;7;13;0;0;1;6;7;0;0;0;3;3;21;
