10-31;NYK-CHI;81-82;
16-26;22-17;23-28;20-11;
NYK
Andrea Bargnani;F;24:38;4;7;1;2;0;0;1;0;1;1;0;0;3;4;9;
Carmelo Anthony;F;42:01;8;24;2;7;4;5;0;6;6;6;6;2;4;0;22;
Tyson Chandler;C;36:04;3;8;0;0;1;2;8;11;19;2;1;4;2;2;7;
Iman Shumpert;G;25:18;2;6;1;2;2;2;2;1;3;1;2;0;1;4;7;
Raymond Felton;G;36:45;5;14;1;3;2;3;1;3;4;6;0;1;2;0;13;
Metta World Peace;;22:47;3;11;2;4;0;0;1;1;2;1;2;1;0;2;8;
Amar'e Stoudemire;;10:40;2;3;0;0;1;2;0;1;1;1;1;0;3;4;5;
Pablo Prigioni;;11:15;0;0;0;0;0;0;0;3;3;2;0;0;0;4;0;
Tim Hardaway Jr.;;26:50;4;13;2;6;0;0;0;3;3;0;0;0;0;4;10;
Kenyon Martin;;3:42;0;0;0;0;0;0;0;0;0;0;0;0;0;0;0;
CHI
Luol Deng;F;39:49;8;15;1;4;0;0;1;2;3;6;0;0;0;1;17;
Carlos Boozer;F;32:41;5;7;0;0;4;4;1;6;7;3;0;0;3;2;14;
Joakim Noah;C;35:58;2;7;0;0;2;2;4;11;15;5;1;1;1;4;6;
Jimmy Butler;G;41:27;3;11;0;4;5;6;3;7;10;1;3;1;1;0;11;
Derrick Rose;G;33:43;7;23;2;5;2;2;3;3;6;3;0;0;4;2;18;
Taj Gibson;;20:45;3;5;0;0;1;2;1;3;4;0;0;1;2;2;7;
Kirk Hinrich;;16:30;3;6;0;1;3;3;0;1;1;1;1;0;5;3;9;
Mike Dunleavy;;14:44;0;2;0;2;0;0;0;2;2;1;0;0;0;2;0;
Nazr Mohammed;;4:23;0;0;0;0;0;0;0;0;0;0;0;0;2;0;0;
