11-20;SAC-PHX;113-106;
27-27;28-23;19-12;39-44;
SAC
Luc Mbah a Moute;F;28:15;4;5;0;0;3;3;0;2;2;3;1;2;1;1;11;
Jason Thompson;F;19:43;5;6;0;0;0;0;0;3;3;0;0;0;2;4;10;
DeMarcus Cousins;C;27:02;4;14;0;0;11;15;2;10;12;2;1;0;2;5;19;
Ben McLemore;G;24:10;3;7;0;3;2;2;0;5;5;0;1;0;0;1;8;
Greivis Vasquez;G;27:39;2;9;0;3;9;9;1;4;5;6;1;0;1;1;13;
Isaiah Thomas;;27:28;8;13;1;2;6;7;2;1;3;4;2;0;2;5;23;
Patrick Patterson;;25:27;3;8;1;3;0;0;2;1;3;0;1;0;1;2;7;
John Salmons;;22:17;2;7;2;2;0;0;2;4;6;1;0;0;0;0;6;
Jimmer Fredette;;17:20;3;6;2;2;0;0;0;2;2;2;1;0;0;1;8;
Charles Hayes;;7:56;1;1;0;0;0;0;0;0;0;0;2;0;1;1;2;
Travis Outlaw;;12:42;2;4;1;2;1;2;0;1;1;1;1;0;0;2;6;
PHX
PJ Tucker;F;27:15;4;10;3;7;1;2;0;5;5;3;1;0;1;4;12;
Channing Frye;F;16:23;0;2;0;1;0;0;0;1;1;0;0;2;1;2;0;
Miles Plumlee;C;29:41;5;9;0;0;2;5;3;4;7;0;0;3;1;3;12;
Gerald Green;G;36:20;8;13;6;8;1;2;0;2;2;0;0;0;3;6;23;
Goran Dragic;G;35:32;10;20;3;6;8;9;1;1;2;5;1;0;1;4;31;
Markieff Morris;;17:01;0;4;0;1;2;2;1;2;3;1;1;0;2;2;2;
Marcus Morris;;27:53;6;8;1;2;0;0;3;2;5;1;1;1;5;2;13;
Archie Goodwin;;18:13;0;8;0;3;1;2;1;2;3;2;1;0;1;1;1;
Alex Len;;4:43;1;2;0;0;0;0;3;1;4;0;0;0;1;0;2;
Ish Smith;;14:30;1;3;0;0;0;0;0;2;2;0;1;0;0;0;2;
Dionte Christmas;;12:30;3;6;2;5;0;0;1;2;3;0;0;0;1;2;8;
