12-06;DEN-BOS;98-106;
15-39;29-25;33-23;21-19;
DEN
Wilson Chandler;F;33:13;2;7;0;4;3;4;1;7;8;1;0;0;1;3;7;
Kenneth Faried;F;25:02;2;4;0;0;0;0;4;3;7;1;1;2;2;2;4;
JJ Hickson;C;25:16;6;8;0;0;5;6;3;4;7;1;0;1;0;3;17;
Randy Foye;G;25:12;3;8;2;4;4;4;0;2;2;1;0;1;2;3;null;
Ty Lawson;G;28:15;6;14;2;2;6;6;0;4;4;4;0;0;2;2;20;
Nate Robinson;;24:07;4;11;1;2;2;3;1;3;4;1;0;0;3;2;11;
Darrell Arthur;;21:11;1;6;0;0;0;0;2;1;3;1;0;0;0;1;2;
Jordan Hamilton;;14:47;2;7;1;4;0;0;0;0;0;1;0;0;0;0;5;
Andre Miller;;23:57;5;6;0;1;0;0;1;0;1;0;2;0;3;1;10;
Timofey Mozgov;;19:00;3;6;0;0;4;6;3;3;6;0;1;0;1;2;10;
BOS
Jeff Green;F;32:51;6;13;1;3;2;2;0;2;2;0;0;0;0;0;15;
Brandon Bass;F;30:43;4;7;0;0;6;6;3;5;8;4;0;3;2;3;14;
Jared Sullinger;C;20:03;4;13;0;3;0;2;0;2;2;1;0;1;0;4;8;
Avery Bradley;G;30:47;8;11;2;4;0;0;2;2;4;2;1;0;1;2;18;
Jordan Crawford;G;33:43;9;13;2;4;2;2;0;4;4;8;0;0;2;3;22;
Kris Humphries;;23:32;8;11;0;0;2;2;1;6;7;2;1;1;1;1;18;
Vitor Faverani;;19:39;3;6;1;2;0;0;2;2;4;2;0;1;2;3;7;
Gerald Wallace;;24:33;1;4;0;2;0;2;1;2;3;4;2;0;1;1;2;
Phil Pressey;;13:27;0;2;0;0;2;2;1;1;2;1;1;0;0;1;2;
Courtney Lee;;10:42;0;3;0;2;0;0;0;1;1;1;0;0;0;0;0;
