11-15;MIN-DEN;113-117;
26-35;34-21;21-30;32-31;
MIN
Corey Brewer;F;36:14;4;9;1;4;2;2;1;2;3;0;1;0;3;4;11;
Kevin Love;F;35:21;10;20;2;7;6;7;2;8;10;2;3;2;3;4;28;
Nikola Pekovic;C;34:28;7;11;0;0;0;0;2;4;6;1;1;0;0;3;14;
Kevin Martin;G;35:18;9;20;2;7;7;8;1;3;4;2;1;0;4;2;27;
Ricky Rubio;G;34:39;0;5;0;0;0;0;2;6;8;12;3;0;5;5;0;
Jose Juan Barea;;24:52;10;14;1;2;0;0;0;4;4;4;0;0;1;2;21;
Dante Cunningham;;25:47;6;13;0;0;0;2;2;2;4;0;0;0;0;2;12;
Robbie Hummel;;13:21;0;2;0;2;0;0;1;2;3;1;1;0;0;0;0;
DEN
Jordan Hamilton;F;16:14;3;6;1;3;0;0;0;3;3;2;0;2;2;0;7;
Kenneth Faried;F;30:27;8;12;0;0;0;0;6;5;11;0;1;2;1;2;16;
JJ Hickson;C;30:13;5;11;0;0;2;3;2;9;11;3;2;1;2;1;12;
Randy Foye;G;19:55;1;5;0;2;0;0;0;1;1;1;1;1;0;2;2;
Ty Lawson;G;35:28;6;16;0;3;2;2;1;3;4;10;1;0;6;3;14;
Wilson Chandler;;21:44;6;9;3;4;4;6;1;3;4;3;2;0;1;0;19;
Nate Robinson;;17:32;3;10;0;3;0;0;1;0;1;3;0;0;1;0;6;
Timofey Mozgov;;17:28;4;8;0;0;2;2;1;4;5;0;0;1;1;2;10;
Andre Miller;;20:36;4;8;2;2;3;5;2;3;5;3;0;0;1;0;13;
Darrell Arthur;;17:33;3;5;0;0;2;2;0;1;1;1;0;2;0;4;8;
Evan Fournier;;12:51;4;7;1;3;1;1;0;0;0;2;0;0;0;3;10;
