03-28;SAS-DEN;133-102;
31-23;31-20;35-31;36-28;
SAS
Kawhi Leonard;F;22:51;6;11;2;3;0;1;1;3;4;6;2;3;2;1;14;
Tim Duncan;F;22:21;9;15;0;1;2;3;1;7;8;4;1;2;0;2;20;
Tiago Splitter;C;26:21;4;7;0;0;0;0;4;8;12;7;0;0;1;4;8;
Marco Belinelli;G;29:24;10;15;6;9;1;2;0;1;1;2;1;2;0;2;27;
Tony Parker;G;18:58;2;9;0;0;0;0;1;1;2;2;1;0;1;1;4;
Manu Ginobili;;18:24;2;7;0;3;3;4;0;3;3;4;0;0;2;2;7;
Boris Diaw;;23:20;5;7;1;2;0;0;0;6;6;5;1;0;4;1;11;
Patty Mills;;19:32;7;11;1;2;1;1;3;3;6;3;0;0;1;2;16;
Jeff Ayres;;19:56;0;0;0;0;0;0;0;2;2;0;0;2;2;3;0;
Cory Joseph;;19:34;4;5;0;0;1;1;1;3;4;3;0;1;0;5;9;
Austin Daye;;11:12;4;7;3;4;0;0;0;2;2;1;0;0;0;2;11;
Aron Baynes;;8:08;2;4;0;0;2;2;0;1;1;0;0;0;1;0;6;
DEN
Quincy Miller;F;23:43;0;6;0;1;2;2;0;2;2;0;1;3;1;0;2;
Kenneth Faried;F;26:57;5;12;0;0;8;10;3;10;13;4;0;0;1;0;18;
Timofey Mozgov;C;20:33;3;8;0;0;1;2;2;6;8;0;1;1;4;2;7;
Randy Foye;G;32:17;7;13;4;7;2;2;0;1;1;1;0;0;0;4;20;
Ty Lawson;G;28:36;5;11;0;1;3;5;0;1;1;5;4;0;1;3;13;
Darrell Arthur;;18:28;3;13;1;6;1;1;1;1;2;0;0;0;3;2;8;
Anthony Randolph;;8:26;2;5;0;3;2;2;1;2;3;1;0;1;1;0;6;
Jan Vesely;;22:48;2;4;0;0;1;4;1;5;6;0;0;3;0;3;5;
Evan Fournier;;28:37;6;10;0;3;3;3;2;3;5;1;0;0;0;3;15;
Aaron Brooks;;29:35;2;5;1;2;3;4;0;0;0;3;1;0;1;2;8;
