02-18;CLE-PHI;114-85;
31-25;33-18;21-19;29-23;
CLE
Luol Deng;F;27:43;5;13;1;2;2;2;1;3;4;2;1;0;0;0;13;
Tristan Thompson;F;26:22;4;9;0;0;4;4;3;7;10;3;2;0;1;3;12;
Tyler Zeller;C;25:16;6;14;0;1;6;7;6;9;15;1;0;1;1;2;18;
Jarrett Jack;G;23:23;2;6;0;0;2;2;2;0;2;7;1;0;4;3;6;
Kyrie Irving;G;23:45;5;8;1;1;3;3;0;1;1;3;1;0;2;4;14;
Dion Waiters;;14:32;5;7;1;2;2;2;0;4;4;3;0;0;3;1;13;
Anthony Bennett;;24:25;5;9;0;2;0;1;4;7;11;2;0;0;2;1;10;
Matthew Dellavedova;;21:40;1;6;0;3;2;2;1;1;2;4;0;0;3;4;4;
CJ Miles;;13:25;3;6;3;6;1;2;0;2;2;0;0;0;1;0;10;
Henry Sims;;19:52;2;5;0;0;3;4;4;4;8;1;0;0;0;3;7;
Alonzo Gee;;12:46;2;4;0;1;3;4;0;1;1;2;2;1;3;0;7;
Earl Clark;;6:53;0;0;0;0;0;0;0;1;1;0;0;0;0;0;0;
PHI
Evan Turner;F;32:50;3;14;1;2;4;5;1;6;7;6;3;0;0;2;11;
Thaddeus Young;F;25:50;6;16;1;5;2;3;6;3;9;0;0;0;3;4;15;
Spencer Hawes;C;29:27;1;6;0;2;0;0;0;6;6;3;0;2;1;2;2;
James Anderson;G;30:19;4;7;2;4;0;0;1;0;1;2;1;0;0;5;10;
Michael Carter-Williams;G;30:49;5;14;0;2;5;8;0;3;3;1;0;0;7;3;15;
Elliot Williams;;23:19;3;9;1;5;3;4;3;2;5;1;1;0;1;3;10;
Lavoy Allen;;24:27;3;6;0;0;0;0;4;3;7;3;0;0;1;3;6;
Arnett Moultrie;;16:16;1;2;0;0;2;2;1;2;3;0;0;0;0;1;4;
Tony Wroten;;23:44;5;13;0;2;2;5;2;1;3;1;1;0;4;1;12;
Lorenzo Brown;;2:59;0;0;0;0;0;0;0;0;0;0;0;0;0;0;0;
