12-25;HOU-SAS;111-98;
40-25;20-26;23-24;28-23;
HOU
Chandler Parsons;F;39:50;8;14;5;9;0;0;0;6;6;6;0;0;1;2;21;
Terrence Jones;F;42:14;9;20;0;3;3;4;5;9;14;1;1;3;0;1;21;
Dwight Howard;C;34:32;7;12;0;0;1;4;4;16;20;3;0;2;5;5;15;
James Harden;G;41:54;11;16;3;3;3;6;1;5;6;6;0;2;2;3;28;
Jeremy Lin;G;33:52;5;10;1;2;2;4;0;2;2;8;1;2;1;1;13;
Omri Casspi;;18:51;3;9;1;4;0;0;0;1;1;2;0;0;0;0;7;
Francisco Garcia;;13:53;0;0;0;0;0;0;0;0;0;2;1;0;1;2;0;
Aaron Brooks;;14:08;2;5;2;3;0;0;1;0;1;0;0;0;0;2;6;
Isaiah Canaan;;0:23;0;0;0;0;0;0;0;0;0;0;0;0;0;0;0;
Ronnie Brewer;;0:23;0;0;0;0;0;0;0;0;0;0;0;0;0;0;0;
SAS
Kawhi Leonard;F;29:19;6;14;0;2;1;1;3;4;7;0;0;0;2;3;13;
Tim Duncan;F;34:28;4;12;0;0;3;6;4;10;14;5;1;6;0;4;11;
Tiago Splitter;C;23:19;2;7;0;0;2;2;2;2;4;1;1;2;0;0;6;
Marco Belinelli;G;22:09;4;8;1;3;0;0;0;2;2;2;0;0;1;0;9;
Tony Parker;G;30:31;3;11;0;0;0;0;1;2;3;4;1;0;2;2;6;
Manu Ginobili;;24:36;8;17;3;7;3;3;0;3;3;1;0;0;2;2;22;
Boris Diaw;;20:25;2;5;0;1;0;0;2;3;5;2;1;0;0;0;4;
Patty Mills;;17:29;3;6;1;3;2;2;0;1;1;1;0;0;0;0;9;
Danny Green;;15:52;1;4;0;2;4;5;0;1;1;0;1;1;2;0;6;
Cory Joseph;;5:38;1;2;0;1;2;2;0;1;1;2;0;0;0;0;4;
Matt Bonner;;6:15;2;3;0;1;0;0;0;2;2;0;1;0;0;1;4;
Jeff Ayres;;7:32;0;1;0;0;2;2;1;1;2;0;0;0;0;1;2;
Aron Baynes;;2:27;1;1;0;0;0;0;1;0;1;0;0;0;0;0;2;
