02-23;BKN-LAL;108-102;
33-21;30-26;23-27;22-28;
BKN
Andrei Kirilenko;F;35:28;4;8;0;1;2;6;4;6;10;3;4;1;4;2;10;
Paul Pierce;F;33:26;9;17;4;7;3;3;1;6;7;4;0;0;4;3;25;
Mason Plumlee;C;17:26;3;5;0;0;0;0;2;3;5;2;0;1;0;4;6;
Joe Johnson;G;35:14;4;9;2;3;0;0;0;4;4;8;1;0;2;0;10;
Deron Williams;G;39:22;9;16;1;5;11;13;1;4;5;7;6;0;3;1;30;
Andray Blatche;;19:57;2;10;0;2;6;8;1;2;3;1;1;0;0;2;10;
Marquis Teague;;12:26;0;1;0;0;0;0;0;2;2;1;0;0;2;0;0;
Alan Anderson;;21:30;2;2;2;2;2;2;0;1;1;1;0;0;1;2;8;
Mirza Teletovic;;14:34;3;7;3;5;0;0;2;0;2;1;0;0;0;1;9;
Jason Collins;;10:37;0;1;0;0;0;0;1;1;2;0;1;0;2;5;0;
LAL
Kent Bazemore;F;29:21;6;13;1;3;4;6;0;0;0;1;2;0;4;3;17;
Wesley Johnson;F;18:26;1;1;1;1;0;0;0;4;4;0;1;1;0;4;3;
Pau Gasol;C;29:13;8;12;0;0;6;7;2;9;11;0;0;1;2;3;22;
Jodie Meeks;G;29:04;7;13;2;5;3;4;0;2;2;2;2;1;1;1;19;
Kendall Marshall;G;22:41;1;4;0;1;0;0;1;2;3;7;1;1;3;2;2;
Jordan Hill;;29:34;5;8;0;0;1;2;4;4;8;1;1;1;0;4;11;
Jordan Farmar;;24:39;1;6;1;5;0;0;0;1;1;4;2;0;2;2;3;
Nick Young;;19:33;3;4;1;1;3;5;0;1;1;0;1;0;3;1;10;
Chris Kaman;;18:47;4;8;0;0;0;2;2;2;4;0;0;0;2;1;8;
MarShon Brooks;;18:42;3;7;1;1;0;0;1;2;3;2;1;0;0;3;7;
