11-22;SAS-MEM;102-86;
26-21;25-16;20-28;31-21;
SAS
Kawhi Leonard;F;32:57;6;11;0;1;0;0;5;4;9;3;3;0;2;2;12;
Tim Duncan;F;32:04;3;8;0;0;2;3;0;6;6;4;0;2;1;2;8;
Tiago Splitter;C;25:58;7;10;0;0;3;3;3;4;7;1;0;1;2;3;17;
Danny Green;G;16:53;0;2;0;0;0;0;0;3;3;1;2;0;3;0;0;
Tony Parker;G;35:56;8;14;2;2;2;4;0;2;2;5;0;0;4;2;20;
Manu Ginobili;;27:00;6;13;3;7;0;0;2;3;5;7;0;0;1;3;15;
Boris Diaw;;18:10;3;7;0;2;1;1;0;1;1;1;0;0;0;3;7;
Marco Belinelli;;20:16;4;7;1;3;0;0;1;2;3;2;1;0;1;0;9;
Jeff Ayres;;15:53;3;4;0;0;0;0;0;2;2;0;0;0;1;3;6;
Patty Mills;;12:04;1;2;0;1;3;5;0;1;1;1;2;0;0;0;5;
Matt Bonner;;2:49;1;1;1;1;0;0;0;2;2;0;0;0;0;0;3;
MEM
Tayshaun Prince;F;35:43;5;13;0;2;0;0;0;4;4;2;0;1;0;0;10;
Zach Randolph;F;39:35;5;15;0;0;6;8;2;8;10;3;1;0;4;3;16;
Marc Gasol;C;9:50;1;3;0;0;0;0;1;1;2;3;0;0;1;0;2;
Tony Allen;G;28:09;4;9;0;2;4;4;3;1;4;4;1;1;3;1;12;
Mike Conley;G;37:57;12;19;2;3;2;2;0;1;1;2;4;0;2;0;28;
Mike Miller;;23:19;1;5;1;3;1;2;2;0;2;0;0;0;2;4;4;
Jerryd Bayless;;14:51;1;4;0;1;0;0;0;2;2;0;1;0;0;3;2;
Kosta Koufos;;27:47;3;8;0;0;0;0;2;5;7;0;0;0;1;5;6;
Quincy Pondexter;;7:15;0;0;0;0;0;0;0;2;2;0;0;0;0;0;0;
Ed Davis;;15:34;3;4;0;0;0;1;2;2;4;2;0;0;1;2;6;
