02-25;TOR-CLE;99-93;
23-17;24-24;21-28;31-24;
TOR
Terrence Ross;F;32:01;7;11;5;8;0;0;0;1;1;1;2;1;4;3;19;
Amir Johnson;F;36:07;4;6;1;3;0;0;0;6;6;4;0;2;4;4;9;
Jonas Valanciunas;C;17:25;1;2;0;0;0;0;2;4;6;0;0;1;1;1;2;
DeMar DeRozan;G;40:01;12;25;0;1;9;13;1;3;4;6;1;0;0;3;33;
Kyle Lowry;G;35:25;3;15;0;9;7;7;0;5;5;9;1;0;0;4;13;
Patrick Patterson;;24:48;1;5;1;3;0;0;3;5;8;4;0;1;3;2;3;
John Salmons;;19:32;0;2;0;2;0;0;0;1;1;1;0;0;0;0;0;
Tyler Hansbrough;;17:06;1;2;0;0;3;4;3;4;7;0;0;1;1;2;5;
Greivis Vasquez;;17:16;6;11;3;6;0;0;1;0;1;2;1;0;1;2;15;
Steve Novak;;0:19;0;0;0;0;0;0;0;0;0;0;0;0;0;0;0;
CLE
Luol Deng;F;39:57;3;14;0;5;2;5;3;6;9;5;2;0;1;3;8;
Tristan Thompson;F;30:41;4;10;0;0;5;6;3;6;9;2;0;0;0;1;13;
Spencer Hawes;C;31:46;6;12;3;4;0;0;2;5;7;1;0;1;1;4;15;
Kyrie Irving;G;45:11;10;22;1;5;4;4;2;2;4;9;2;0;2;2;25;
Jarrett Jack;G;26:20;5;10;1;1;1;1;0;3;3;4;2;0;1;2;12;
Matthew Dellavedova;;28:32;4;6;0;1;2;2;0;3;3;2;0;0;0;3;10;
Tyler Zeller;;24:28;2;4;0;0;4;4;3;3;6;1;0;0;3;5;8;
Anthony Bennett;;8:40;0;5;0;1;2;2;1;0;1;0;0;0;3;1;2;
Alonzo Gee;;4:26;0;1;0;0;0;0;0;1;1;0;0;0;1;0;0;
