04-01;HOU-BKN;96-105;
24-29;27-25;28-29;17-22;
HOU
Chandler Parsons;F;41:17;7;15;2;7;0;2;0;8;8;4;1;0;2;2;16;
Donatas Motiejunas;F;8:26;0;2;0;0;0;0;1;1;2;0;0;0;0;4;0;
Omer Asik;C;35:42;5;8;0;0;2;6;6;17;23;0;1;2;3;1;12;
James Harden;G;36:06;4;10;2;6;16;16;1;0;1;9;2;0;4;2;26;
Jeremy Lin;G;32:55;6;14;2;4;2;2;1;3;4;1;1;0;2;0;16;
Omri Casspi;;22:15;3;10;1;5;0;0;1;1;2;0;0;0;0;2;7;
Francisco Garcia;;25:32;4;9;2;5;0;0;0;2;2;3;0;1;0;2;10;
Isaiah Canaan;;23:10;1;8;0;4;0;0;0;1;1;0;0;0;2;1;2;
Jordan Hamilton;;14:37;2;8;1;4;2;2;0;1;1;3;1;0;2;2;7;
BKN
Joe Johnson;F;33:54;13;21;4;8;2;2;0;4;4;3;1;0;1;2;32;
Paul Pierce;F;23:26;2;4;0;2;0;0;0;6;6;1;1;0;2;1;4;
Mason Plumlee;C;27:38;5;6;0;0;1;3;3;3;6;4;1;2;2;2;11;
Shaun Livingston;G;29:11;6;12;0;0;5;6;0;6;6;2;2;1;1;2;17;
Deron Williams;G;35:29;6;14;0;5;0;0;0;3;3;6;2;0;1;4;12;
Alan Anderson;;27:23;1;3;0;2;2;4;0;2;2;2;1;0;1;5;4;
Andray Blatche;;19:54;6;12;0;1;1;2;2;2;4;2;0;2;4;4;13;
Mirza Teletovic;;24:34;4;7;2;5;0;0;1;6;7;1;1;0;1;2;10;
Jorge Gutierrez;;17:19;1;3;0;2;0;0;0;4;4;2;0;0;0;4;2;
Marquis Teague;;0:44;0;1;0;0;0;0;0;0;0;0;0;0;0;0;0;
Jason Collins;;0:29;0;0;0;0;0;0;0;0;0;0;0;0;0;0;0;
