01-18;PHI-CHI;78-103;
19-24;12-27;20-27;27-25;
PHI
Evan Turner;F;29:12;3;8;0;1;1;2;0;3;3;3;0;0;3;5;7;
Thaddeus Young;F;29:36;6;17;0;5;0;0;2;2;4;2;1;0;1;3;12;
Spencer Hawes;C;29:56;3;8;1;4;2;2;2;4;6;1;1;2;2;2;9;
James Anderson;G;25:29;5;11;1;3;0;0;2;5;7;0;1;0;1;1;11;
Michael Carter-Williams;G;32:57;5;22;0;1;0;0;3;2;5;5;1;0;5;3;10;
Lavoy Allen;;15:15;3;7;0;1;0;0;2;1;3;1;0;2;1;1;6;
Tony Wroten;;8:16;1;4;0;0;0;0;1;0;1;2;0;0;1;0;2;
Dewayne Dedmon;;16:58;4;5;0;0;0;0;2;5;7;0;0;1;1;1;8;
Hollis Thompson;;21:19;2;5;0;1;0;1;1;1;2;0;4;0;0;0;4;
Elliot Williams;;22:30;0;4;0;2;2;4;1;2;3;0;1;0;1;2;2;
Lorenzo Brown;;4:16;1;4;0;1;2;2;0;0;0;2;0;0;0;0;4;
Brandon Davies;;4:16;1;2;0;0;1;1;0;1;1;1;0;0;1;2;3;
CHI
Mike Dunleavy;F;18:23;3;8;1;3;0;0;0;1;1;0;1;0;1;0;7;
Carlos Boozer;F;27:49;5;8;0;0;5;8;4;9;13;2;1;0;3;1;15;
Joakim Noah;C;30:53;9;14;0;0;3;3;4;12;16;3;2;4;2;2;21;
Jimmy Butler;G;31:59;4;11;0;4;2;2;1;3;4;4;1;0;1;2;10;
Kirk Hinrich;G;29:31;2;6;0;2;2;2;1;6;7;6;1;1;1;5;6;
Taj Gibson;;24:53;4;7;0;0;0;0;1;2;3;1;1;2;3;1;8;
Tony Snell;;29:37;4;12;3;7;2;2;0;1;1;2;0;0;2;0;13;
D.J. Augustin;;28:18;7;10;2;4;3;3;0;4;4;8;3;0;2;1;19;
Nazr Mohammed;;8:05;2;5;0;0;0;0;0;3;3;0;0;2;1;3;4;
Cartier Martin;;6:12;0;0;0;0;0;0;0;0;0;1;0;0;0;0;0;
Erik Murphy;;4:20;0;1;0;0;0;0;0;0;0;0;0;1;0;0;0;
