03-16;SAC-MIN;102-104;
29-32;25-21;20-24;28-27;
SAC
Rudy Gay;F;25:36;6;15;0;1;2;3;2;4;6;2;0;1;3;1;14;
Reggie Evans;F;18:35;4;6;0;0;0;0;1;4;5;1;1;0;2;1;8;
Aaron Gray;C;19:21;2;3;0;0;0;0;0;4;4;1;1;1;1;2;4;
Ben McLemore;G;19:00;2;4;0;0;0;0;1;3;4;0;0;0;1;6;4;
Isaiah Thomas;G;33:29;11;21;4;10;1;2;2;4;6;7;1;0;2;3;27;
Ray McCallum;;19:32;3;5;0;1;1;1;0;1;1;3;0;1;1;2;7;
Jason Thompson;;30:34;2;6;0;0;2;3;2;3;5;2;1;1;3;3;6;
Derrick Williams;;28:00;8;15;2;4;8;10;1;10;11;0;1;0;3;1;26;
Quincy Acy;;21:30;0;3;0;1;0;0;1;4;5;1;0;0;0;3;0;
Travis Outlaw;;24:23;3;7;0;2;0;0;1;0;1;0;0;0;0;3;6;
MIN
Corey Brewer;F;33:23;5;9;0;1;0;0;2;2;4;2;0;0;0;2;10;
Kevin Love;F;38:37;9;15;3;6;5;7;1;9;10;5;1;0;4;1;26;
Gorgui Dieng;C;37:09;5;7;0;0;2;6;3;8;11;0;2;5;1;2;12;
Kevin Martin;G;40:03;8;20;1;3;14;14;0;3;3;3;1;0;2;2;31;
Ricky Rubio;G;33:47;3;8;1;1;5;7;0;5;5;9;3;0;1;4;12;
Dante Cunningham;;18:53;1;7;0;0;0;0;1;1;2;0;0;0;0;3;2;
Jose Juan Barea;;18:02;1;6;1;3;2;2;0;0;0;4;1;0;1;0;5;
Luc Mbah a Moute;;6:02;0;0;0;0;0;0;0;0;0;0;0;0;0;1;0;
Chase Budinger;;4:05;0;2;0;2;0;0;0;0;0;0;0;0;0;0;0;
Robbie Hummel;;9:59;2;4;0;1;2;2;0;0;0;0;1;0;0;2;6;
