03-15;IND-DET;112-104;
20-29;21-31;32-19;27-21;12-4;
IND
Paul George;F;46:02;9;19;2;10;10;10;2;6;8;7;3;0;2;2;30;
David West;F;35:33;6;13;0;0;3;4;2;6;8;3;0;0;0;3;15;
Roy Hibbert;C;32:42;4;10;0;0;4;4;3;2;5;0;1;2;2;5;12;
Lance Stephenson;G;35:35;5;15;3;8;0;0;2;7;9;6;0;1;1;3;13;
George Hill;G;34:02;1;7;0;3;0;0;0;7;7;3;2;0;1;4;2;
Evan Turner;;29:39;8;15;1;2;3;3;2;3;5;2;0;0;2;1;20;
Luis Scola;;17:27;1;6;0;0;0;0;4;4;8;1;0;0;0;4;2;
Andrew Bynum;;19:60;6;18;0;0;3;4;3;6;9;1;0;1;1;0;15;
Rasual Butler;;13:30;1;1;1;1;0;0;0;3;3;1;0;1;1;2;3;
Solomon Hill;;0:30;0;0;0;0;0;0;0;0;0;0;0;0;0;0;0;
DET
Josh Smith;F;35:24;10;23;1;3;2;3;0;4;4;1;2;4;3;3;23;
Greg Monroe;F;40:46;6;12;0;0;5;6;3;10;13;1;3;3;1;5;17;
Andre Drummond;C;5:28;2;4;0;0;0;0;0;3;3;0;0;0;1;1;4;
Kyle Singler;G;46:17;3;7;2;5;6;6;2;4;6;1;0;0;0;4;14;
Brandon Jennings;G;37:16;3;13;2;7;2;3;0;4;4;12;2;0;2;1;10;
Rodney Stuckey;;44:13;6;17;0;2;7;9;0;3;3;5;1;0;2;2;19;
Jonas Jerebko;;17:36;2;5;0;2;0;0;2;3;5;2;0;0;0;1;4;
Will Bynum;;15:44;2;4;0;0;0;1;0;2;2;1;0;0;2;1;4;
Charlie Villanueva;;12:14;3;5;2;3;1;2;1;3;4;0;0;0;0;1;9;
Kentavious Caldwell-Pope;;10:02;0;1;0;1;0;0;0;0;0;1;1;0;0;2;0;
