03-23;MIL-SAC;107-124;
16-39;28-31;26-34;37-20;
MIL
Khris Middleton;F;23:43;3;8;1;4;0;0;2;3;5;0;0;0;0;2;7;
Ersan Ilyasova;F;23:57;4;7;0;1;6;6;1;3;4;0;0;0;0;0;14;
Zaza Pachulia;C;19:51;4;8;0;0;0;2;3;0;3;0;0;0;2;5;8;
Giannis Antetokounmpo;G;22:55;3;7;1;2;2;2;1;5;6;2;0;0;2;4;9;
Brandon Knight;G;23:00;2;12;0;4;2;3;0;2;2;7;0;2;3;2;6;
O.J. Mayo;;27:53;9;14;2;6;1;2;0;2;2;4;0;0;1;1;21;
Jeff Adrien;;24:03;4;8;0;0;5;8;0;4;4;1;1;0;0;5;13;
John Henson;;24:02;3;8;0;0;1;2;2;2;4;2;1;3;0;3;7;
Ramon Sessions;;20:22;6;8;0;1;1;2;0;5;5;6;0;0;3;2;13;
Chris Wright;;26:07;4;5;0;0;1;3;2;2;4;3;1;1;0;4;9;
Miroslav Raduljica;;4:07;0;0;0;0;0;0;0;1;1;0;0;0;1;3;0;
SAC
Rudy Gay;F;41:03;9;16;0;4;6;7;2;6;8;4;0;1;3;3;24;
Reggie Evans;F;27:14;1;5;0;0;4;4;5;5;10;0;1;0;2;4;6;
DeMarcus Cousins;C;29:07;14;19;0;0;4;6;2;10;12;4;2;1;1;3;32;
Ben McLemore;G;34:06;6;15;3;8;0;0;1;3;4;0;1;0;0;1;15;
Isaiah Thomas;G;36:45;9;13;3;4;9;11;1;2;3;8;0;0;1;3;30;
Derrick Williams;;24:02;0;3;0;2;2;2;0;2;2;1;0;0;0;1;2;
Jason Thompson;;17:17;1;2;0;0;2;4;0;2;2;0;0;1;2;3;4;
Ray McCallum;;11:15;1;4;0;0;0;0;0;0;0;2;0;0;1;2;2;
Travis Outlaw;;14:00;2;6;1;2;0;0;0;0;0;0;0;0;0;3;5;
Aaron Gray;;4:22;1;2;0;0;2;2;2;1;3;0;1;0;0;0;4;
Royce White;;0:48;0;1;0;0;0;0;0;0;0;0;0;0;0;0;0;
