01-02;MIL-UTA;87-96;
20-20;22-31;19-23;26-22;
MIL
Giannis Antetokounmpo;F;33:39;3;6;1;2;3;4;1;6;7;5;0;1;2;4;10;
Ersan Ilyasova;F;17:59;4;9;0;1;0;0;1;2;3;0;0;0;4;2;8;
Larry Sanders;C;34:37;7;7;0;0;2;2;0;8;8;2;2;2;1;3;16;
Luke Ridnour;G;37:03;4;8;0;2;4;4;1;2;3;8;1;0;3;1;12;
Brandon Knight;G;32:02;3;12;1;5;1;2;0;2;2;3;2;0;1;2;8;
Miroslav Raduljica;;13:23;3;5;0;0;1;1;1;1;2;0;0;0;0;4;7;
O.J. Mayo;;18:10;2;7;0;4;0;0;1;0;1;0;1;1;1;1;4;
Khris Middleton;;19:47;1;5;0;2;0;0;1;3;4;1;1;0;1;2;2;
Caron Butler;;16:46;4;8;1;2;0;0;0;3;3;2;1;0;0;0;9;
Gary Neal;;16:34;5;9;1;4;0;1;0;1;1;0;0;0;0;0;11;
UTA
Richard Jefferson;F;25:14;1;3;0;2;2;2;0;2;2;1;0;0;2;2;4;
Marvin Williams;F;28:43;1;7;0;1;0;0;1;3;4;2;1;0;0;0;2;
Derrick Favors;C;28:43;9;16;0;0;3;3;3;8;11;0;4;0;0;1;21;
Gordon Hayward;G;40:05;8;16;3;5;3;3;0;4;4;2;2;3;2;2;22;
Trey Burke;G;28:13;3;9;1;4;4;4;1;4;5;4;1;0;3;2;11;
Alec Burks;;30:41;4;12;1;2;4;4;1;3;4;3;0;0;1;3;13;
Jeremy Evans;;19:17;1;4;0;0;0;0;1;2;3;0;1;1;0;2;2;
Enes Kanter;;19:17;5;9;0;0;1;1;2;4;6;1;0;2;2;1;11;
Diante Garrett;;19:47;4;5;2;2;0;0;0;4;4;2;1;0;1;2;10;
