02-12;PHI-UTA;100-105;
22-31;26-25;21-22;31-27;
PHI
Thaddeus Young;F;37:27;7;13;1;4;4;6;1;4;5;2;2;0;2;2;19;
Evan Turner;F;34:20;9;18;0;1;3;4;1;4;5;1;1;0;3;4;21;
Spencer Hawes;C;34:28;6;16;2;5;2;2;3;8;11;3;0;2;3;4;16;
James Anderson;G;39:27;5;10;5;8;0;0;0;3;3;2;4;0;3;1;15;
Michael Carter-Williams;G;37:15;6;13;0;0;7;9;0;5;5;8;2;3;3;4;19;
Lavoy Allen;;15:20;3;5;0;0;0;0;1;1;2;0;0;0;0;3;6;
Tony Wroten;;17:30;0;0;0;0;0;0;0;2;2;1;0;0;1;2;0;
Elliot Williams;;15:30;0;2;0;1;2;2;1;3;4;1;0;0;0;2;2;
Arnett Moultrie;;8:43;1;3;0;0;0;0;0;3;3;0;0;0;1;2;2;
UTA
Richard Jefferson;F;30:38;6;10;0;2;0;0;0;1;1;1;3;0;3;1;12;
Marvin Williams;F;30:21;5;8;1;3;2;2;4;10;14;0;0;0;2;1;13;
Derrick Favors;C;5:49;0;2;0;0;0;0;0;1;1;0;0;1;0;1;0;
Gordon Hayward;G;37:47;3;17;0;4;11;12;2;5;7;7;2;3;1;2;17;
Trey Burke;G;29:13;3;12;1;4;0;0;1;1;2;2;0;0;1;2;7;
Enes Kanter;;29:17;6;15;0;0;0;0;1;6;7;2;0;1;2;3;12;
Alec Burks;;22:48;6;10;1;2;13;14;0;4;4;1;3;0;3;4;26;
Jeremy Evans;;18:01;5;7;0;0;0;0;2;2;4;0;1;1;0;2;10;
Diante Garrett;;18:47;2;4;0;0;0;0;0;3;3;1;0;1;0;0;4;
Brandon Rush;;4:47;0;1;0;1;0;0;0;0;0;0;1;0;0;2;0;
Rudy Gobert;;12:32;1;1;0;0;2;4;1;1;2;1;0;0;0;1;4;
