04-14;ORL-CHI;95-108;
21-26;23-31;26-24;25-27;
ORL
Kyle O'Quinn;F;28:05;9;11;0;1;2;2;1;6;7;1;0;1;2;3;20;
Maurice Harkless;F;27:20;1;3;1;3;0;0;0;3;3;4;0;1;2;2;3;
Dewayne Dedmon;C;28:30;1;4;0;0;4;4;2;7;9;0;0;2;0;6;6;
Arron Afflalo;G;22:28;5;7;1;1;2;2;0;1;1;1;0;0;2;2;13;
Victor Oladipo;G;23:24;3;8;1;3;3;4;0;3;3;4;1;0;3;1;10;
Doron Lamb;;25:32;3;6;1;2;2;3;0;0;0;2;1;1;1;2;9;
Andrew Nicholson;;21:22;8;9;3;3;0;0;0;4;4;0;0;1;0;4;19;
Tobias Harris;;18:03;2;12;0;0;0;1;0;3;3;1;1;0;2;4;4;
Ronnie Price;;24:36;2;6;0;1;2;2;0;0;0;11;0;0;3;2;6;
E'Twaun Moore;;20:40;2;6;0;1;1;1;1;1;2;2;1;0;1;1;5;
CHI
Mike Dunleavy;F;39:22;8;11;3;4;3;4;0;0;0;5;0;0;1;2;22;
Carlos Boozer;F;31:45;6;11;0;0;1;2;1;11;12;5;1;0;1;5;13;
Joakim Noah;C;37:02;7;16;0;0;4;5;4;6;10;8;2;1;0;0;18;
Jimmy Butler;G;31:42;3;5;0;0;6;7;0;2;2;1;2;0;1;0;12;
Kirk Hinrich;G;21:36;1;5;0;2;1;2;0;0;0;4;3;0;0;2;3;
Jimmer Fredette;;30:35;7;14;1;5;2;2;0;3;3;2;0;0;3;5;17;
Taj Gibson;;19:37;1;5;0;0;6;8;2;4;6;2;0;2;2;4;8;
Nazr Mohammed;;6:32;1;2;0;0;0;0;0;1;1;0;0;0;0;0;2;
Tony Snell;;18:39;5;8;1;2;2;2;1;1;2;0;0;0;0;1;13;
Ronnie Brewer;;2:06;0;0;0;0;0;0;0;0;0;0;0;0;0;0;0;
Lou Amundson;;1:04;0;0;0;0;0;0;0;0;0;0;0;0;0;0;0;
