04-14;MIN-GSW;120-130;
42-28;22-34;28-35;28-33;
MIN
Corey Brewer;F;40:37;10;13;0;0;2;3;2;1;3;5;3;0;0;1;22;
Kevin Love;F;36:08;11;24;5;9;13;16;2;12;14;9;0;0;6;2;40;
Gorgui Dieng;C;35:20;6;8;0;0;2;3;1;10;11;3;1;2;3;3;14;
Kevin Martin;G;32:53;5;10;2;3;2;2;1;2;3;3;0;0;3;1;14;
Ricky Rubio;G;32:09;4;7;0;0;7;9;0;1;1;8;1;0;7;4;15;
Luc Mbah a Moute;;17:51;2;6;0;0;0;0;3;1;4;2;1;0;1;0;4;
Dante Cunningham;;17:48;3;6;0;0;0;0;1;1;2;0;1;1;0;3;6;
Jose Juan Barea;;20:30;1;5;0;2;0;0;0;3;3;6;0;0;1;2;2;
Robbie Hummel;;6:44;1;2;1;1;0;0;0;2;2;1;0;0;0;0;3;
GSW
Harrison Barnes;F;31:23;3;7;0;2;0;0;2;5;7;5;3;0;0;1;6;
David Lee;F;28:29;12;14;0;0;1;2;4;5;9;1;2;0;1;5;25;
Jermaine O'Neal;C;20:57;3;9;0;0;4;4;4;0;4;0;1;0;0;3;10;
Klay Thompson;G;36:01;7;20;2;12;4;4;1;4;5;1;0;1;1;4;20;
Stephen Curry;G;41:57;10;21;7;13;5;5;1;4;5;15;3;0;5;4;32;
Draymond Green;;38:19;7;9;4;5;2;2;2;10;12;5;4;2;3;4;20;
Steve Blake;;18:55;2;3;1;2;0;0;0;1;1;3;0;0;4;3;5;
Marreese Speights;;15:51;4;13;0;0;1;2;5;2;7;1;0;1;0;3;9;
Jordan Crawford;;7:15;1;5;1;3;0;0;0;1;1;0;0;0;1;0;3;
Nemanja Nedovic;;0:21;0;0;0;0;0;0;0;0;0;0;0;0;0;0;0;
Ognjen Kuzmic;;0:21;0;0;0;0;0;0;0;0;0;0;0;0;0;0;0;
Hilton Armstrong;;0:11;0;0;0;0;0;0;0;0;0;0;0;0;0;0;0;
