03-19;CHI-PHI;102-94;
28-26;24-19;23-24;27-25;
CHI
Mike Dunleavy;F;31:12;5;12;1;4;4;4;0;4;4;4;0;0;1;3;15;
Carlos Boozer;F;24:00;5;9;0;0;2;2;1;10;11;2;0;1;0;2;12;
Joakim Noah;C;38:03;6;12;0;0;2;4;4;6;10;6;1;4;5;2;14;
Jimmy Butler;G;45:59;5;8;1;2;5;5;1;5;6;4;2;2;5;4;16;
Kirk Hinrich;G;24:27;1;5;1;1;0;2;0;2;2;2;1;0;0;4;3;
D.J. Augustin;;33:09;6;15;4;6;4;4;1;1;2;2;0;0;2;1;20;
Taj Gibson;;29:36;7;17;0;0;5;6;5;8;13;0;0;0;2;1;19;
Nazr Mohammed;;4:21;0;2;0;0;0;0;2;1;3;1;0;1;0;1;0;
Tony Snell;;9:13;1;3;1;2;0;0;0;1;1;1;0;0;0;1;3;
PHI
Hollis Thompson;F;19:17;0;1;0;1;2;2;0;1;1;1;0;0;0;2;2;
Thaddeus Young;F;37:42;10;19;4;7;0;0;0;4;4;2;4;0;2;2;24;
Henry Sims;C;24:18;2;9;0;0;0;1;3;2;5;1;1;0;3;4;4;
Tony Wroten;G;42:39;6;16;4;6;1;6;0;6;6;7;2;0;2;2;17;
Michael Carter-Williams;G;37:35;7;16;0;2;2;4;2;7;9;7;1;0;3;6;16;
Jarvis Varnado;;15:44;3;3;0;0;1;2;1;2;3;0;0;4;0;2;7;
James Nunnally;;20:31;3;5;1;2;1;2;0;2;2;0;2;1;0;0;8;
Elliot Williams;;23:59;1;5;0;3;0;0;1;3;4;4;1;0;1;2;2;
Brandon Davies;;3:27;1;2;0;0;0;0;1;0;1;0;0;0;0;0;2;
Byron Mullens;;14:49;4;5;2;3;2;2;1;2;3;0;2;1;0;1;12;
