11-18;PHI-DAL;94-97;
21-18;26-25;24-31;23-23;
PHI
Evan Turner;F;36:18;10;22;2;4;4;6;2;7;9;7;0;0;4;3;26;
Thaddeus Young;F;30:42;6;18;0;0;0;0;5;6;11;3;3;0;2;5;12;
Spencer Hawes;C;36:17;4;11;1;3;1;2;1;10;11;4;1;3;0;2;10;
James Anderson;G;41:31;5;13;3;7;1;2;3;4;7;3;3;1;0;1;14;
Tony Wroten;G;36:35;8;17;0;4;3;9;1;2;3;3;5;0;4;3;19;
Hollis Thompson;;18:21;0;3;0;2;0;0;1;1;2;2;0;0;0;3;0;
Lavoy Allen;;11:32;2;5;0;0;2;2;4;0;4;1;0;0;2;1;6;
Darius Morris;;11:25;1;5;0;1;1;1;0;2;2;1;0;0;0;2;3;
Brandon Davies;;17:20;2;5;0;0;0;0;1;3;4;0;0;0;0;2;4;
DAL
Shawn Marion;F;34:30;7;13;2;3;4;4;2;5;7;1;2;2;2;3;20;
Dirk Nowitzki;F;32:50;8;15;1;5;3;3;0;10;10;3;1;1;3;2;20;
Jae Crowder;C;19:58;1;8;0;5;0;0;0;6;6;2;0;1;3;1;2;
Monta Ellis;G;39:26;7;14;1;2;9;13;1;3;4;10;0;2;4;1;24;
Jose Calderon;G;32:29;5;13;4;10;0;0;1;2;3;4;1;0;2;3;14;
DeJuan Blair;;7:21;0;1;0;0;0;0;1;1;2;1;0;0;1;4;0;
Vince Carter;;24:32;2;5;1;3;1;2;0;4;4;2;1;2;2;2;6;
Gal Mekel;;6:16;0;0;0;0;0;0;0;2;2;0;0;0;1;0;0;
Samuel Dalembert;;27:32;3;6;0;0;2;2;5;9;14;0;0;3;1;1;8;
Shane Larkin;;8:35;1;3;0;1;1;2;0;0;0;3;3;0;0;2;3;
Bernard James;;6:31;0;0;0;0;0;0;0;1;1;0;0;0;1;1;0;
