04-11;PHX-SAS;104-112;
37-24;25-25;19-37;23-26;
PHX
PJ Tucker;F;36:51;1;8;1;4;0;0;3;2;5;2;1;0;1;2;3;
Channing Frye;F;33:32;5;9;1;4;2;2;1;5;6;1;0;0;1;1;13;
Miles Plumlee;C;24:41;3;6;0;0;0;0;1;8;9;0;0;0;2;2;6;
Gerald Green;G;35:41;9;19;4;10;5;5;0;3;3;3;2;1;1;3;27;
Eric Bledsoe;G;37:17;11;16;2;4;6;8;2;9;11;9;3;0;7;2;30;
Ish Smith;;19:05;1;3;0;0;0;0;1;2;3;2;0;0;2;1;2;
Markieff Morris;;27:50;8;14;0;0;4;4;1;6;7;0;0;0;2;3;20;
Marcus Morris;;21:32;1;7;1;4;0;0;1;2;3;1;1;0;2;3;3;
Archie Goodwin;;1:26;0;0;0;0;0;0;0;0;0;0;0;0;0;0;0;
Alex Len;;2:05;0;0;0;0;0;0;0;1;1;0;0;0;0;0;0;
SAS
Kawhi Leonard;F;33:54;7;14;2;4;2;3;1;4;5;4;3;0;0;1;18;
Austin Daye;F;13:59;1;7;0;3;0;0;1;0;1;1;2;1;1;4;2;
Tiago Splitter;C;16:04;2;5;0;1;1;1;2;5;7;2;0;1;1;1;5;
Danny Green;G;37:55;12;17;7;10;2;4;1;3;4;2;0;1;1;1;33;
Tony Parker;G;24:25;9;18;0;0;0;0;0;1;1;3;1;0;0;0;18;
Marco Belinelli;;27:33;3;11;2;7;4;4;0;2;2;1;2;0;2;2;12;
Boris Diaw;;34:01;4;12;1;1;2;2;1;7;8;6;2;0;0;0;11;
Patty Mills;;27:41;3;8;1;4;2;2;0;4;4;4;0;0;0;3;9;
Aron Baynes;;3:54;0;1;0;0;0;0;0;0;0;0;0;0;0;1;0;
Jeff Ayres;;19:55;2;3;0;0;0;0;5;5;10;1;0;2;1;2;4;
Cory Joseph;;0:35;0;0;0;0;0;0;0;0;0;0;0;0;1;0;0;
Damion James;;0:04;0;0;0;0;0;0;0;0;0;0;0;0;0;0;0;
