01-24;NOP-DET;103-101;
25-26;29-22;17-32;32-21;
NOP
Al-Farouq Aminu;F;25:58;5;8;0;2;0;0;1;3;4;1;2;0;1;4;10;
Anthony Davis;F;39:27;4;12;0;1;6;6;3;5;8;2;2;4;1;3;14;
Alexis Ajinca;C;15:26;3;5;0;0;0;0;0;4;4;0;1;3;3;3;6;
Eric Gordon;G;32:34;5;10;2;4;3;4;0;3;3;3;2;0;7;2;15;
Brian Roberts;G;21:44;4;6;1;2;4;4;0;2;2;2;1;0;1;3;13;
Greg Stiemsma;;18:33;2;2;0;0;0;0;2;2;4;3;1;1;1;5;4;
Darius Miller;;15:34;0;1;0;1;3;3;0;1;1;1;0;0;0;0;3;
Austin Rivers;;27:01;6;15;0;2;3;3;1;0;1;3;2;0;2;2;15;
Jeff Withey;;18:58;1;3;0;0;0;0;1;4;5;0;1;0;1;0;2;
Anthony Morrow;;24:45;7;11;4;5;3;4;0;3;3;0;2;0;1;3;21;
DET
Josh Smith;F;35:37;6;12;1;1;0;1;3;2;5;4;4;1;2;1;13;
Greg Monroe;F;25:21;4;8;0;0;0;0;3;8;11;1;1;0;5;2;8;
Andre Drummond;C;39:25;9;17;0;0;3;6;10;10;20;1;1;2;2;4;21;
Kentavious Caldwell-Pope;G;40:36;6;12;1;4;1;1;0;2;2;2;2;0;1;3;14;
Brandon Jennings;G;36:49;7;20;2;8;12;14;0;1;1;7;2;1;1;4;28;
Rodney Stuckey;;26:45;3;9;0;1;3;4;1;1;2;0;1;0;3;2;9;
Kyle Singler;;24:16;1;5;1;3;0;0;0;3;3;0;0;0;2;4;3;
Will Bynum;;11:11;1;2;1;1;2;2;0;0;0;3;0;0;0;1;5;
