12-13;LAL-OKC;97-122;
28-38;23-28;23-28;23-28;
LAL
Wesley Johnson;F;34:22;6;13;1;6;0;0;1;2;3;1;2;1;0;3;13;
Jordan Hill;F;12:17;3;4;0;0;0;2;3;2;5;1;0;0;0;1;6;
Pau Gasol;C;23:09;6;10;0;0;2;3;3;4;7;3;0;0;1;2;14;
Jodie Meeks;G;36:01;3;16;2;7;1;2;1;1;2;1;0;0;5;2;9;
Kobe Bryant;G;23:09;2;6;0;0;0;0;0;1;1;13;2;0;7;1;4;
Shawne Williams;;18:56;2;7;0;2;2;2;1;3;4;0;2;0;1;1;6;
Nick Young;;30:47;6;13;4;7;1;1;0;2;2;2;0;0;1;2;17;
Xavier Henry;;27:05;3;7;0;1;9;16;0;4;4;2;1;0;2;2;15;
Robert Sacre;;16:53;1;3;0;0;0;0;4;4;8;2;0;1;1;1;2;
Chris Kaman;;12:00;3;4;0;0;3;5;1;1;2;1;0;1;1;2;9;
Ryan Kelly;;5:21;1;4;0;2;0;0;1;2;3;0;0;1;0;0;2;
OKC
Kevin Durant;F;31:08;10;13;3;5;8;8;0;8;8;5;4;1;2;2;31;
Serge Ibaka;F;24:39;8;13;0;0;3;4;4;6;10;1;1;1;1;2;19;
Kendrick Perkins;C;16:55;3;4;0;0;0;0;1;2;3;4;0;0;3;4;6;
Andre Roberson;G;22:15;1;4;0;2;0;0;2;2;4;1;2;1;0;3;2;
Russell Westbrook;G;30:54;7;19;1;4;4;4;0;8;8;12;2;0;3;3;19;
Steven Adams;;15:13;0;0;0;0;1;2;3;2;5;3;0;2;0;5;1;
Jeremy Lamb;;26:38;5;10;1;3;0;0;1;3;4;1;0;1;1;2;11;
Perry Jones;;19:19;4;9;0;2;1;2;2;3;5;1;1;1;2;0;9;
Reggie Jackson;;25:46;7;18;2;6;3;3;2;3;5;4;2;0;0;1;19;
Derek Fisher;;14:19;1;5;1;3;0;0;0;1;1;1;2;0;0;1;3;
Nick Collison;;5:32;0;2;0;0;0;0;2;0;2;0;0;1;2;1;0;
Hasheem Thabeet;;7:22;1;2;0;0;0;0;3;1;4;1;0;0;0;1;2;
