04-11;CHA-BOS;103-106;
29-28;26-29;20-27;28-22;
CHA
Michael Kidd-Gilchrist;F;19:48;5;9;0;0;0;1;2;4;6;3;1;2;0;4;10;
Josh McRoberts;F;30:24;3;5;3;4;0;0;0;3;3;10;0;0;3;2;9;
Al Jefferson;C;39:20;16;26;0;0;0;0;2;8;10;4;1;0;3;2;32;
Gerald Henderson;G;24:44;4;8;2;2;1;2;1;2;3;3;0;0;2;4;11;
Luke Ridnour;G;31:09;4;9;1;3;0;0;0;2;2;5;3;0;0;1;9;
Cody Zeller;;17:36;1;3;0;0;1;2;2;1;3;0;1;0;1;1;3;
Gary Neal;;23:19;6;8;1;1;0;0;0;0;0;2;1;0;0;1;13;
Jannero Pargo;;16:52;2;10;0;4;0;0;0;2;2;4;3;0;2;1;4;
Chris Douglas-Roberts;;28:10;3;8;0;4;6;7;0;2;2;2;2;0;1;0;12;
Bismack Biyombo;;8:40;0;1;0;0;0;0;0;3;3;0;0;2;0;4;0;
BOS
Jeff Green;F;34:06;8;11;1;1;1;1;0;3;3;3;1;0;6;4;18;
Brandon Bass;F;34:22;7;12;0;0;4;4;3;6;9;3;0;2;0;0;18;
Jared Sullinger;C;28:05;8;13;2;4;2;2;1;6;7;0;1;1;3;2;20;
Avery Bradley;G;37:35;8;16;4;6;2;2;0;2;2;1;2;0;3;2;22;
Phil Pressey;G;39:23;4;11;2;6;0;0;0;5;5;13;3;0;4;1;10;
Jerryd Bayless;;18:55;0;4;0;2;2;2;1;0;1;2;0;0;1;2;2;
Kris Humphries;;11:26;2;5;0;0;0;0;2;5;7;0;0;0;0;1;4;
Kelly Olynyk;;22:05;4;6;2;3;2;2;0;2;2;0;0;0;2;2;12;
Chris Johnson;;14:03;0;1;0;1;0;0;0;1;1;0;0;0;1;2;0;
