03-11;SAC-DET;89-99;
31-28;23-24;11-20;24-27;
SAC
Rudy Gay;F;39:43;8;21;0;3;4;6;1;5;6;3;1;1;1;1;20;
Reggie Evans;F;22:19;3;6;0;0;0;0;4;4;8;0;3;0;2;3;6;
DeMarcus Cousins;C;37:48;5;15;0;0;3;6;3;11;14;1;1;6;5;2;13;
Ben McLemore;G;25:07;4;9;1;3;0;0;0;0;0;1;0;0;1;2;9;
Isaiah Thomas;G;39:22;6;15;0;4;7;9;1;3;4;8;1;0;5;1;19;
Ray McCallum;;12:06;4;5;1;1;0;0;0;0;0;0;0;0;0;2;9;
Quincy Acy;;5:15;0;0;0;0;0;0;0;0;0;1;0;0;0;1;0;
Derrick Williams;;21:27;3;4;1;1;3;4;1;4;5;2;0;0;1;1;10;
Jason Thompson;;13:48;1;3;0;0;1;5;3;4;7;1;0;0;0;1;3;
Travis Outlaw;;23:06;0;6;0;3;0;0;0;6;6;1;0;0;1;5;0;
DET
Josh Smith;F;32:31;10;17;2;2;2;4;1;7;8;2;0;0;2;3;24;
Greg Monroe;F;29:38;2;6;0;0;2;2;1;11;12;3;0;1;3;2;6;
Andre Drummond;C;32:58;6;9;0;0;3;4;5;3;8;0;0;5;2;5;15;
Kyle Singler;G;39:52;4;10;2;4;1;1;2;5;7;3;5;1;1;3;11;
Brandon Jennings;G;27:48;1;10;1;7;2;2;0;2;2;6;1;0;0;3;5;
Rodney Stuckey;;32:02;8;16;1;2;6;6;0;3;3;4;2;0;0;3;23;
Jonas Jerebko;;15:29;2;4;1;1;0;0;1;4;5;1;0;0;0;3;5;
Kentavious Caldwell-Pope;;8:08;1;1;0;0;0;0;0;2;2;0;1;0;0;1;2;
Will Bynum;;21:34;4;14;0;2;0;0;0;0;0;7;0;0;3;1;8;
