04-05;MIN-ORL;92-100;
26-25;22-21;29-26;15-28;
MIN
Corey Brewer;F;33:08;6;9;1;2;2;5;0;0;0;3;5;0;0;2;15;
Dante Cunningham;F;33:55;5;9;0;0;2;5;2;4;6;3;1;3;2;1;12;
Gorgui Dieng;C;35:31;5;9;0;0;2;3;4;4;8;3;0;2;3;2;12;
Chase Budinger;G;1:00;0;1;0;0;2;2;0;0;0;0;0;0;0;0;2;
Ricky Rubio;G;33:15;7;18;0;3;4;5;0;1;1;10;3;0;3;2;18;
Luc Mbah a Moute;;31:25;4;6;0;0;2;2;1;2;3;0;1;0;1;0;10;
Alexey Shved;;8:32;0;4;0;2;1;2;0;1;1;0;0;0;0;0;1;
Ronny Turiaf;;12:29;2;3;0;0;0;0;0;2;2;0;0;1;0;0;4;
Jose Juan Barea;;17:29;3;8;0;4;0;0;0;3;3;5;0;0;3;1;6;
Robbie Hummel;;33:16;4;10;0;3;4;4;1;5;6;2;1;0;1;2;12;
ORL
Maurice Harkless;F;24:26;7;9;3;3;0;0;2;2;4;2;0;0;5;2;17;
Kyle O'Quinn;F;30:40;6;7;0;0;2;3;4;9;13;1;1;4;4;5;14;
Dewayne Dedmon;C;14:00;1;5;0;0;0;0;3;3;6;0;1;0;0;3;2;
Arron Afflalo;G;30:21;8;15;1;4;1;4;0;3;3;2;0;0;4;2;18;
Jameer Nelson;G;28:54;1;6;0;2;0;0;0;1;1;12;2;0;6;3;2;
Andrew Nicholson;;20:12;0;4;0;0;0;0;1;1;2;1;0;0;1;1;0;
Tobias Harris;;31:08;7;12;1;1;2;2;1;5;6;1;2;0;0;3;17;
Victor Oladipo;;29:19;7;12;2;2;0;0;1;2;3;6;1;0;2;3;16;
Doron Lamb;;16:14;2;4;1;3;0;0;0;0;0;2;0;0;0;0;5;
E'Twaun Moore;;14:46;4;5;1;2;0;0;1;1;2;2;0;0;0;1;9;
