02-18;TOR-WAS;103-93;
27-27;28-22;29-21;19-23;
TOR
Terrence Ross;F;17:56;1;2;0;0;0;0;0;2;2;0;2;0;1;4;2;
Patrick Patterson;F;34:11;4;7;1;3;1;1;0;6;6;1;3;1;2;6;10;
Jonas Valanciunas;C;17:42;5;7;0;0;0;0;1;3;4;0;0;0;1;1;10;
DeMar DeRozan;G;40:36;6;13;0;3;2;3;0;4;4;3;0;1;3;3;14;
Kyle Lowry;G;35:05;8;19;2;5;6;6;1;1;2;11;2;0;3;4;24;
Amir Johnson;;25:05;6;8;0;0;2;4;0;5;5;1;1;1;2;4;14;
John Salmons;;26:00;3;6;2;3;0;0;0;4;4;2;0;0;1;1;8;
Tyler Hansbrough;;17:02;3;4;0;0;1;1;0;2;2;1;1;2;1;2;7;
Greivis Vasquez;;25:55;6;8;2;2;0;0;0;0;0;6;0;0;1;0;14;
Steve Novak;;0:28;0;0;0;0;0;0;0;0;0;0;0;0;0;0;0;
WAS
Trevor Ariza;F;37:44;2;8;0;2;2;2;4;7;11;2;4;1;2;1;6;
Nene;F;33:52;8;17;0;0;1;5;1;4;5;2;0;0;2;4;17;
Marcin Gortat;C;30:42;8;11;0;0;2;5;6;5;11;4;0;0;2;3;18;
Bradley Beal;G;36:46;2;10;1;4;4;4;0;3;3;5;1;0;3;2;9;
John Wall;G;39:19;9;19;1;3;3;4;0;2;2;7;3;0;5;4;22;
Martell Webster;;23:52;2;5;2;5;1;1;0;1;1;1;0;0;0;2;7;
Trevor Booker;;14:08;5;6;0;0;0;0;1;0;1;0;0;1;2;2;10;
Kevin Seraphin;;13:24;2;2;0;0;0;0;1;2;3;0;0;1;0;1;4;
Garrett Temple;;10:13;0;3;0;1;0;0;3;0;3;0;0;0;0;0;0;
