03-12;CLE-PHX;110-101;
37-24;23-23;22-30;28-24;
CLE
Luol Deng;F;39:09;7;12;3;6;1;1;0;9;9;3;0;0;2;3;18;
Tristan Thompson;F;30:52;3;7;0;0;7;10;2;5;7;1;0;0;1;3;13;
Spencer Hawes;C;34:09;6;11;3;4;4;4;1;5;6;3;0;0;4;4;19;
Jarrett Jack;G;33:59;3;7;0;1;5;6;1;3;4;4;0;0;1;2;11;
Kyrie Irving;G;39:25;9;19;3;6;2;2;1;8;9;6;2;1;3;3;23;
Dion Waiters;;17:57;4;11;2;5;0;0;1;1;2;1;2;0;4;3;10;
Anderson Varejao;;15:13;3;7;0;0;0;0;3;4;7;0;1;0;0;0;6;
Matthew Dellavedova;;10:09;2;4;1;2;2;2;3;0;3;1;1;0;2;1;7;
Tyler Zeller;;15:10;1;3;0;0;1;2;1;3;4;1;0;0;0;1;3;
Alonzo Gee;;3:57;0;0;0;0;0;0;0;0;0;0;0;0;1;1;0;
PHX
Marcus Morris;F;38:24;5;8;3;5;1;4;1;2;3;2;2;0;4;1;14;
Channing Frye;F;35:49;5;14;4;10;3;4;3;3;6;2;1;0;0;3;17;
Miles Plumlee;C;26:14;4;5;0;0;1;2;4;6;10;1;0;0;0;5;9;
Gerald Green;G;31:15;4;14;0;6;0;0;0;2;2;1;2;1;2;6;8;
Goran Dragic;G;41:31;8;19;2;6;2;4;0;2;2;5;2;0;4;3;20;
Eric Bledsoe;;32:18;5;16;1;6;4;6;0;3;3;9;2;0;0;0;15;
Markieff Morris;;27:58;8;13;0;3;2;2;4;6;10;0;1;0;2;3;18;
Shavlik Randolph;;2:51;0;0;0;0;0;0;0;0;0;0;1;0;0;0;0;
Ish Smith;;3:40;0;1;0;0;0;0;0;0;0;0;0;0;0;0;0;
