12-31;TOR-CHI;85-79;
21-16;15-26;21-20;28-17;
TOR
Terrence Ross;F;28:56;3;6;0;2;0;0;0;6;6;1;0;0;2;4;6;
Amir Johnson;F;27:58;1;4;0;0;7;8;2;4;6;0;0;1;3;3;9;
Jonas Valanciunas;C;37:58;5;10;0;0;5;6;2;8;10;1;2;2;2;5;15;
DeMar DeRozan;G;35:46;3;12;0;1;5;7;1;7;8;1;0;0;4;1;11;
Kyle Lowry;G;32:15;4;10;3;8;2;4;1;3;4;6;2;0;1;2;13;
Greivis Vasquez;;15:45;4;9;1;2;0;0;0;3;3;3;0;1;1;0;9;
John Salmons;;31:23;4;8;0;0;0;2;0;1;1;3;0;1;1;3;8;
Patrick Patterson;;23:29;4;7;0;1;2;2;1;4;5;1;0;1;1;4;10;
Tyler Hansbrough;;6:30;1;3;0;0;2;2;0;1;1;0;1;0;0;0;4;
CHI
Luol Deng;F;33:34;6;15;0;2;4;5;0;4;4;0;1;0;4;2;16;
Carlos Boozer;F;24:27;1;8;0;0;2;2;0;5;5;0;0;0;3;2;4;
Joakim Noah;C;34:19;2;10;0;0;3;4;6;10;16;6;1;1;1;4;7;
Jimmy Butler;G;37:34;5;13;1;2;4;6;0;7;7;1;2;1;2;3;15;
Kirk Hinrich;G;27:58;1;9;0;4;2;2;0;3;3;3;0;1;1;2;4;
Taj Gibson;;29:33;6;13;0;0;0;0;2;3;5;1;0;1;1;3;12;
Mike Dunleavy;;24:52;5;8;1;1;2;2;0;1;1;3;1;0;2;1;13;
D.J. Augustin;;20:03;3;4;0;0;0;0;0;1;1;3;0;0;0;2;6;
Nazr Mohammed;;7:41;1;2;0;0;0;0;1;2;3;0;0;0;1;2;2;
