02-08;MEM-ATL;79-76;
27-29;10-14;24-11;18-22;
MEM
Tayshaun Prince;F;10:10;0;3;0;0;0;0;0;3;3;1;0;0;0;0;0;
Zach Randolph;F;38:09;10;16;0;0;0;0;2;4;6;1;2;3;5;2;20;
Marc Gasol;C;38:37;4;14;0;0;0;0;0;8;8;7;0;1;1;3;8;
Courtney Lee;G;37:42;6;12;1;3;1;1;0;3;3;2;3;0;0;1;14;
Nick Calathes;G;29:48;5;15;0;3;0;0;1;2;3;5;3;0;4;3;10;
James Johnson;;20:08;4;9;0;1;0;0;2;2;4;3;2;0;2;1;8;
Darius Morris;;20:32;2;5;1;2;0;0;1;1;2;2;3;0;2;1;5;
Ed Davis;;14:06;1;3;0;0;0;0;2;5;7;0;0;1;0;1;2;
Mike Miller;;25:40;3;7;2;3;0;0;1;1;2;1;1;0;1;0;8;
Kosta Koufos;;5:08;2;6;0;0;0;0;2;1;3;0;0;0;0;0;4;
ATL
DeMarre Carroll;F;38:56;6;11;1;2;0;2;1;5;6;3;1;0;1;2;13;
Paul Millsap;F;36:02;8;16;2;3;2;4;1;10;11;6;5;0;5;1;20;
Gustavo Ayon;C;21:18;2;2;0;0;2;2;1;7;8;0;0;0;1;1;6;
Kyle Korver;G;38:34;3;9;3;6;0;0;2;2;4;4;0;1;5;1;9;
Jeff Teague;G;31:07;3;10;0;1;2;2;0;0;0;4;1;0;4;0;8;
Lou Williams;;26:19;2;8;1;4;1;3;1;4;5;3;2;0;2;1;6;
Elton Brand;;22:53;4;6;0;0;1;2;1;6;7;0;0;2;2;1;9;
Mike Scott;;15:47;0;5;0;2;0;0;0;1;1;1;0;0;1;3;0;
Cartier Martin;;9:04;2;3;1;2;0;0;0;0;0;0;1;0;0;0;5;
