03-31;BOS-CHI;80-94;
24-25;26-23;20-23;10-23;
BOS
Jeff Green;F;39:40;4;13;1;3;0;0;0;2;2;1;2;0;4;4;9;
Brandon Bass;F;31:28;7;10;0;0;4;4;3;6;9;3;0;4;2;1;18;
Kris Humphries;C;25:23;5;7;0;0;1;2;1;2;3;1;1;0;2;2;11;
Avery Bradley;G;13:44;0;5;0;1;1;1;0;2;2;3;0;0;0;0;1;
Jerryd Bayless;G;33:00;6;14;4;9;2;2;0;2;2;5;1;0;1;1;18;
Jared Sullinger;;19:54;1;6;0;3;0;0;1;5;6;1;0;0;1;2;2;
Chris Johnson;;35:05;1;7;0;3;3;4;1;1;2;0;2;0;0;1;5;
Phil Pressey;;18:52;4;8;1;3;0;2;1;1;2;3;4;0;2;2;9;
Kelly Olynyk;;18:18;3;6;1;2;0;0;4;3;7;0;0;0;4;2;7;
Chris Babb;;4:36;0;1;0;1;0;0;1;1;2;0;0;0;0;0;0;
CHI
Mike Dunleavy;F;38:49;7;12;3;6;5;5;0;3;3;3;0;0;3;2;22;
Carlos Boozer;F;24:00;7;12;0;0;2;2;3;4;7;1;0;0;1;3;16;
Joakim Noah;C;38:59;9;19;0;1;1;1;4;6;10;5;2;2;3;2;19;
Jimmy Butler;G;42:27;8;13;0;3;2;2;1;4;5;4;1;0;0;1;18;
Kirk Hinrich;G;27:21;0;6;0;3;1;2;0;3;3;3;4;1;1;1;1;
D.J. Augustin;;30:33;1;9;0;3;2;2;0;1;1;11;0;0;1;2;4;
Taj Gibson;;28:25;6;9;0;0;2;2;3;8;11;0;1;0;3;4;14;
Nazr Mohammed;;4:36;0;0;0;0;0;0;0;0;0;0;0;0;0;0;0;
Tony Snell;;4:50;0;0;0;0;0;0;0;0;0;1;1;0;1;1;0;
