12-29;SAC-SAS;104-112;
23-27;26-30;38-24;17-31;
SAC
Rudy Gay;F;39:13;10;20;0;2;4;6;1;8;9;2;1;2;0;2;24;
Jason Thompson;F;36:55;3;8;0;0;1;1;5;6;11;1;0;2;1;1;7;
DeMarcus Cousins;C;37:21;11;23;0;0;7;9;5;9;14;3;1;1;0;3;29;
Ben McLemore;G;30:44;2;7;1;3;0;0;0;0;0;0;0;0;2;4;5;
Isaiah Thomas;G;36:26;10;17;5;6;2;2;1;3;4;9;0;0;2;2;27;
Jimmer Fredette;;11:34;2;3;0;0;0;0;1;1;2;2;0;0;2;0;4;
Derrick Williams;;13:19;1;3;0;0;1;2;2;2;4;0;0;0;0;3;3;
Marcus Thornton;;17:16;2;7;1;3;0;0;0;4;4;2;1;0;0;2;5;
Quincy Acy;;6:02;0;2;0;0;0;0;1;2;3;0;0;0;0;1;0;
Travis Outlaw;;11:10;0;1;0;0;0;0;0;0;0;1;0;1;0;0;0;
SAS
Kawhi Leonard;F;28:41;2;6;1;3;0;0;1;1;2;3;1;0;0;1;5;
Tim Duncan;F;33:27;8;17;0;0;1;1;3;10;13;2;0;2;2;2;17;
Tiago Splitter;C;27:04;5;6;0;0;1;2;3;5;8;1;0;1;0;4;11;
Marco Belinelli;G;16:00;2;11;0;3;0;0;0;2;2;2;0;0;0;0;4;
Tony Parker;G;35:33;9;14;2;2;2;3;1;1;2;7;0;0;0;1;22;
Manu Ginobili;;30:15;9;16;4;9;6;6;0;3;3;3;2;0;1;1;28;
Boris Diaw;;24:53;4;8;0;0;6;7;1;5;6;7;0;1;0;2;14;
Danny Green;;20:51;3;10;1;6;0;0;0;5;5;3;2;0;1;2;7;
Aron Baynes;;10:36;2;4;0;0;0;0;1;2;3;0;0;0;0;2;4;
Patty Mills;;12:27;0;2;0;1;0;0;0;0;0;1;0;0;0;2;0;
Cory Joseph;;0:13;0;0;0;0;0;0;0;0;0;0;0;0;0;0;0;
