03-28;NYK-PHX;88-112;
26-34;14-28;26-26;22-24;
NYK
Carmelo Anthony;F;40:02;8;20;2;6;3;5;3;4;7;1;0;1;0;3;21;
Amar'e Stoudemire;F;29:50;8;16;0;0;3;5;1;5;6;0;0;1;0;2;19;
Tyson Chandler;C;29:20;0;4;0;0;1;2;3;4;7;2;0;0;1;5;1;
J.R. Smith;G;30:58;6;14;2;8;1;1;0;4;4;1;2;0;3;4;15;
Raymond Felton;G;23:10;2;6;1;1;1;1;1;0;1;4;2;0;4;4;6;
Iman Shumpert;;26:24;3;6;1;2;0;0;0;3;3;0;0;0;0;1;7;
Pablo Prigioni;;19:52;1;1;1;1;0;0;0;1;1;3;1;0;2;2;3;
Tim Hardaway Jr.;;20:59;2;11;1;7;0;0;1;0;1;1;1;0;0;2;5;
Cole Aldrich;;6:00;0;0;0;0;0;0;2;2;4;1;0;0;0;1;0;
Toure Murry;;4:58;2;4;0;0;1;2;1;0;1;1;1;0;1;0;5;
Shannon Brown;;4:58;3;5;0;0;0;0;1;0;1;0;0;0;0;0;6;
Jeremy Tyler;;3:29;0;0;0;0;0;0;0;1;1;0;0;0;0;0;0;
PHX
PJ Tucker;F;30:04;4;11;1;4;2;2;3;4;7;0;0;0;0;2;11;
Channing Frye;F;30:35;0;4;0;4;3;4;1;5;6;1;2;2;0;4;3;
Miles Plumlee;C;22:57;5;6;0;0;1;2;4;8;12;3;0;0;1;1;11;
Goran Dragic;G;32:06;11;17;5;9;5;7;2;0;2;4;2;0;2;2;32;
Eric Bledsoe;G;31:01;6;15;2;4;2;2;0;7;7;6;1;1;1;3;16;
Markieff Morris;;26:07;5;7;2;2;4;4;3;5;8;1;1;2;3;4;16;
Gerald Green;;17:22;2;8;2;5;0;0;0;1;1;0;1;1;2;0;6;
Marcus Morris;;19:54;4;12;1;4;0;0;2;3;5;1;0;1;0;0;9;
Archie Goodwin;;9:07;0;1;0;0;1;2;0;1;1;1;1;0;0;0;1;
Ish Smith;;6:20;0;1;0;0;0;0;0;0;0;1;0;0;0;1;0;
Alex Len;;6:00;1;2;0;0;0;0;2;2;4;0;0;0;1;1;2;
Dionte Christmas;;4:58;1;2;1;1;0;0;0;0;0;0;0;0;2;1;3;
Shavlik Randolph;;3:29;1;2;0;0;0;0;1;2;3;0;0;0;0;0;2;
