12-07;DEN-PHI;103-92;
25-27;24-26;28-24;26-15;
DEN
Wilson Chandler;F;25:41;4;8;2;4;0;0;1;3;4;1;0;0;0;1;10;
Kenneth Faried;F;14:10;3;5;0;1;0;1;3;3;6;0;0;0;0;3;6;
JJ Hickson;C;25:46;5;9;0;0;2;6;7;3;10;4;1;1;4;1;12;
Randy Foye;G;22:12;4;12;1;5;4;5;0;3;3;1;2;0;0;0;13;
Andre Miller;G;28:47;3;9;0;1;2;2;1;3;4;7;1;0;1;2;8;
Timofey Mozgov;;17:37;2;6;0;0;4;4;5;2;7;1;0;1;0;5;8;
Nate Robinson;;26:02;6;14;1;6;7;8;0;2;2;3;0;0;2;1;20;
Darrell Arthur;;21:30;2;4;0;0;0;0;2;1;3;2;2;1;0;1;4;
Evan Fournier;;20:55;1;7;0;2;0;0;0;3;3;1;0;0;3;1;2;
Jordan Hamilton;;22:19;4;5;3;3;2;2;0;5;5;0;2;0;0;0;13;
Anthony Randolph;;15:01;1;4;0;0;5;6;1;4;5;1;0;1;1;2;7;
PHI
Evan Turner;F;37:51;3;12;0;1;0;0;0;1;1;5;2;0;1;1;6;
Thaddeus Young;F;31:31;6;15;0;1;2;3;2;5;7;2;2;1;2;4;14;
Spencer Hawes;C;30:09;6;11;1;4;1;1;2;6;8;2;0;2;3;2;14;
Hollis Thompson;G;34:21;4;8;2;5;0;0;3;6;9;3;0;0;2;4;10;
Tony Wroten;G;32:43;10;20;0;2;0;0;2;3;5;1;0;1;3;2;20;
James Anderson;;15:48;2;6;0;2;1;4;0;1;1;0;0;0;2;0;5;
Lavoy Allen;;10:55;3;5;0;0;0;0;1;1;2;0;0;0;0;5;6;
Brandon Davies;;16:29;0;1;0;0;1;2;0;1;1;1;0;0;0;3;1;
Lorenzo Brown;;15:17;3;6;0;1;0;0;1;1;2;4;0;0;0;1;6;
Elliot Williams;;8:00;2;2;0;0;2;2;0;1;1;0;0;0;0;1;6;
Daniel Orton;;6:56;1;2;0;0;2;2;0;1;1;1;0;0;0;1;4;
