02-27;WAS-TOR;134-129;
21-27;36-27;26-24;23-28;8-8;4-4;16-11;
WAS
Trevor Ariza;F;40:51;5;11;2;5;2;2;2;5;7;1;1;0;0;3;14;
Trevor Booker;F;20:24;2;5;0;0;1;2;3;4;7;0;0;1;2;2;5;
Marcin Gortat;C;41:51;9;19;0;0;4;8;7;5;12;1;0;2;1;4;22;
Bradley Beal;G;41:07;3;14;1;4;2;2;1;8;9;4;1;0;0;2;9;
John Wall;G;39:12;11;18;1;4;6;8;0;1;1;4;1;1;5;2;29;
Martell Webster;;27:03;1;5;1;4;0;0;1;0;1;1;1;0;0;2;3;
Chris Singleton;;24:59;3;7;0;0;7;8;4;5;9;2;1;0;0;3;13;
Andre Miller;;13:48;5;7;0;0;1;2;0;3;3;2;2;0;1;3;11;
Al Harrington;;15:39;4;9;0;4;0;0;0;1;1;1;1;0;1;4;8;
Garrett Temple;;0:07;0;0;0;0;0;0;0;0;0;0;0;0;0;0;0;
TOR
Terrence Ross;F;15:45;3;5;3;5;2;2;0;2;2;1;0;0;0;0;11;
Amir Johnson;F;42:45;5;10;1;2;5;8;2;7;9;0;1;2;1;6;16;
Jonas Valanciunas;C;24:11;3;7;0;0;1;1;1;8;9;1;0;0;1;2;7;
DeMar DeRozan;G;47:24;8;17;0;1;6;6;1;3;4;6;2;0;4;3;22;
Kyle Lowry;G;46:05;6;18;1;5;5;7;2;5;7;10;1;1;2;5;18;
Patrick Patterson;;23:29;2;5;1;1;0;0;2;2;4;0;2;2;1;6;5;
John Salmons;;23:52;3;8;1;4;0;0;0;4;4;3;0;0;0;2;7;
Steve Novak;;3:56;1;2;1;2;0;0;0;0;0;0;0;0;0;1;3;
Tyler Hansbrough;;8:28;0;0;0;0;2;2;1;3;4;0;0;0;1;4;2;
Greivis Vasquez;;28:30;10;16;3;8;0;0;0;1;1;8;1;0;3;2;23;
Landry Fields;;0:12;0;0;0;0;0;0;0;0;0;0;0;0;0;0;0;
Charles Hayes;;0:23;0;0;0;0;0;0;0;0;0;0;0;0;0;0;0;
