12-10;OKC-ATL;101-92;
21-21;27-18;28-29;25-24;
OKC
Kevin Durant;F;37:15;9;21;1;3;11;15;1;9;10;5;1;2;5;2;30;
Serge Ibaka;F;32:58;7;14;0;0;5;7;2;8;10;1;0;2;1;4;19;
Kendrick Perkins;C;23:53;1;1;0;0;2;2;2;2;4;2;1;1;1;3;4;
Andre Roberson;G;12:15;1;1;0;0;0;0;1;4;5;0;0;1;0;1;2;
Russell Westbrook;G;35:15;6;21;1;6;1;2;0;9;9;11;4;0;4;1;14;
Nick Collison;;21:17;2;3;0;0;0;0;2;4;6;2;0;0;0;3;4;
Jeremy Lamb;;21:17;5;9;1;4;0;0;0;2;2;0;2;0;2;2;11;
Reggie Jackson;;30:10;5;10;1;3;2;2;0;4;4;3;0;0;2;2;13;
Derek Fisher;;14:40;0;3;0;2;0;0;0;0;0;2;0;0;1;0;0;
Steven Adams;;11:00;2;3;0;0;0;0;2;2;4;1;0;1;0;1;4;
ATL
DeMarre Carroll;F;26:43;2;10;1;4;2;2;2;3;5;2;1;1;2;4;7;
Paul Millsap;F;37:15;5;18;2;4;11;12;2;10;12;3;0;1;1;3;23;
Al Horford;C;33:00;3;10;0;0;1;2;3;7;10;2;0;1;2;5;7;
Kyle Korver;G;37:11;4;10;1;6;0;2;1;5;6;3;1;0;0;2;9;
Jeff Teague;G;35:46;5;15;0;2;7;7;3;2;5;6;3;0;4;2;17;
Lou Williams;;19:14;3;6;2;3;0;0;0;0;0;1;1;0;2;0;8;
Elton Brand;;14:40;0;2;0;0;0;2;0;2;2;1;3;2;1;2;0;
Shelvin Mack;;19:35;7;9;3;5;0;0;0;1;1;6;0;0;2;3;17;
Cartier Martin;;5:51;0;1;0;0;0;0;0;2;2;0;0;0;0;1;0;
Mike Scott;;10:45;2;6;0;2;0;0;1;1;2;0;1;0;1;0;4;
