03-09;TOR-MIN;111-104;
33-33;20-19;30-24;28-28;
TOR
Terrence Ross;F;24:51;5;8;3;4;2;2;0;2;2;1;0;1;1;6;15;
Amir Johnson;F;32:24;7;9;1;2;0;3;0;2;2;3;0;2;4;4;15;
Jonas Valanciunas;C;24:18;2;4;0;0;0;0;4;5;9;1;0;2;2;3;4;
DeMar DeRozan;G;33:54;8;17;2;3;7;9;1;6;7;0;0;1;4;5;25;
Kyle Lowry;G;36:20;5;13;1;3;9;10;4;8;12;11;2;0;4;3;20;
Steve Novak;;19:48;5;6;5;6;0;0;0;1;1;0;0;0;0;0;15;
John Salmons;;27:14;1;6;0;1;0;0;0;5;5;1;0;0;0;1;2;
Greivis Vasquez;;22:23;3;8;2;5;4;4;1;5;6;3;1;0;2;4;12;
Tyler Hansbrough;;6:40;0;2;0;0;0;1;0;1;1;1;0;0;0;0;0;
Charles Hayes;;12:03;1;3;0;0;1;2;2;1;3;1;0;0;2;1;3;
Landry Fields;;0:05;0;0;0;0;0;0;0;0;0;0;0;0;0;0;0;
MIN
Corey Brewer;F;44:10;6;13;0;2;5;9;2;1;3;3;6;1;0;4;17;
Kevin Love;F;40:35;9;22;4;9;4;4;3;8;11;9;1;1;0;2;26;
Nikola Pekovic;C;33:01;8;13;0;0;1;1;5;6;11;0;0;0;5;3;17;
Kevin Martin;G;32:24;8;19;1;3;3;3;0;2;2;0;0;0;0;3;20;
Ricky Rubio;G;25:59;3;8;0;0;2;2;1;0;1;7;2;0;0;6;8;
Dante Cunningham;;17:17;1;4;0;0;0;1;0;2;2;2;0;0;0;1;2;
Luc Mbah a Moute;;3:50;0;1;0;0;0;0;1;0;1;0;0;0;1;0;0;
Chase Budinger;;13:13;1;3;1;2;0;0;1;1;2;0;0;0;0;1;3;
Jose Juan Barea;;19:05;2;8;1;3;0;0;1;1;2;3;0;0;2;4;5;
Alexey Shved;;2:56;0;0;0;0;0;0;1;0;1;1;0;0;0;0;0;
Shabazz Muhammad;;7:30;3;4;0;0;0;0;1;1;2;0;0;0;1;1;6;
