02-12;ATL-TOR;83-104;
24-19;20-26;21-33;18-26;
ATL
Kyle Korver;F;26:36;3;7;2;4;0;0;1;3;4;2;2;0;1;3;8;
Paul Millsap;F;31:21;4;8;1;3;8;9;0;6;6;4;0;0;3;2;17;
Gustavo Ayon;C;30:32;9;11;0;0;0;0;3;7;10;3;1;0;2;3;18;
Lou Williams;G;30:29;2;8;0;4;1;2;0;1;1;2;0;0;1;2;5;
Jeff Teague;G;29:37;4;13;0;2;5;5;1;1;2;6;1;0;2;3;13;
Elton Brand;;14:30;1;5;0;0;3;3;1;4;5;0;1;0;2;4;5;
Shelvin Mack;;14:25;0;3;0;1;0;0;0;3;3;3;0;0;2;0;0;
Cartier Martin;;22:29;4;9;1;4;1;2;0;3;3;0;0;0;0;0;10;
Dennis Schroder;;20:24;0;5;0;1;1;2;0;6;6;2;0;0;0;2;1;
Mike Scott;;19:37;3;9;0;1;0;0;2;3;5;2;0;0;2;2;6;
TOR
Terrence Ross;F;26:31;5;11;3;8;0;0;1;0;1;0;0;1;0;1;13;
Patrick Patterson;F;30:34;6;15;1;6;1;2;3;3;6;1;1;0;0;2;14;
Jonas Valanciunas;C;23:53;1;9;0;0;0;0;5;9;14;0;0;1;1;3;2;
DeMar DeRozan;G;34:13;11;19;2;3;7;7;2;3;5;3;2;0;1;4;31;
Kyle Lowry;G;32:22;5;14;1;4;5;6;2;4;6;13;2;0;3;2;16;
Tyler Hansbrough;;17:54;2;7;0;1;4;7;2;5;7;0;0;1;0;1;8;
John Salmons;;21:29;0;1;0;1;0;0;0;4;4;2;1;0;1;2;0;
Greivis Vasquez;;23:29;5;10;2;4;0;0;0;0;0;2;0;0;0;2;12;
Steve Novak;;18:42;2;5;2;4;0;0;0;2;2;0;1;0;0;1;6;
Charles Hayes;;2:24;1;1;0;0;0;0;0;0;0;0;1;0;1;0;2;
Julyan Stone;;3:23;0;0;0;0;0;0;0;2;2;1;0;0;0;1;0;
Austin Daye;;2:33;0;2;0;2;0;0;0;0;0;0;0;0;0;0;0;
Dwight Buycks;;2:33;0;0;0;0;0;0;0;0;0;0;0;0;0;0;0;
