11-26;LAL-WAS;111-116;
29-31;26-28;22-23;34-34;
LAL
Wesley Johnson;F;37:43;4;7;3;6;0;0;0;2;2;3;2;1;1;1;11;
Jordan Hill;F;30:07;5;10;0;0;0;0;5;3;8;0;0;2;3;1;10;
Pau Gasol;C;34:45;8;15;0;0;1;1;2;4;6;8;0;2;5;4;17;
Jodie Meeks;G;28:02;3;5;2;3;2;2;1;4;5;1;0;0;2;0;10;
Steve Blake;G;30:16;6;11;2;5;1;1;0;3;3;5;0;0;3;3;15;
Shawne Williams;;20:47;1;7;0;4;0;0;0;2;2;2;0;0;1;3;2;
Nick Young;;20:38;6;12;2;4;2;4;0;2;2;3;1;0;0;3;16;
Jordan Farmar;;26:05;9;11;3;4;1;2;0;2;2;8;1;0;1;4;22;
Xavier Henry;;11:37;2;5;1;2;3;3;1;3;4;0;0;0;0;0;8;
WAS
Martell Webster;F;42:42;8;15;4;8;0;0;2;7;9;3;4;1;0;1;20;
Nene;F;37:14;13;22;0;0;4;6;0;2;2;5;2;0;1;2;30;
Marcin Gortat;C;34:46;6;8;0;0;3;4;1;7;8;1;1;0;0;1;15;
Trevor Ariza;G;32:19;6;14;1;7;0;0;3;4;7;3;3;0;2;2;13;
John Wall;G;36:36;10;18;0;2;11;12;1;5;6;9;3;0;3;2;31;
Jan Vesely;;18:13;1;3;0;0;0;0;3;4;7;1;1;1;2;2;2;
Garrett Temple;;26:18;1;3;0;1;0;0;0;2;2;1;1;0;1;3;2;
Eric Maynor;;10:47;1;4;1;3;0;0;0;1;1;2;0;0;1;1;3;
Chris Singleton;;1:05;0;0;0;0;0;0;0;0;0;0;0;0;0;0;0;
