11-09;BOS-MIA;111-110;
25-31;35-28;20-23;31-28;
BOS
Jeff Green;F;35:51;8;16;5;8;3;5;1;4;5;1;0;1;0;2;24;
Brandon Bass;F;14:56;3;7;0;0;0;0;0;0;0;1;0;0;0;4;6;
Kelly Olynyk;C;22:45;3;9;1;2;0;0;3;5;8;4;0;1;1;5;7;
Avery Bradley;G;29:41;8;14;1;1;0;0;0;2;2;1;0;0;0;2;17;
Jordan Crawford;G;27:44;6;10;3;5;0;0;0;2;2;4;2;0;3;2;15;
Gerald Wallace;;30:52;3;5;0;1;0;0;2;4;6;7;0;0;3;3;6;
Jared Sullinger;;24:14;5;9;0;1;2;2;3;5;8;1;1;0;3;4;12;
Kris Humphries;;18:34;3;5;0;0;3;3;1;4;5;0;0;2;0;0;9;
Phil Pressey;;20:37;3;9;0;3;1;2;1;2;3;5;1;1;2;1;7;
Vitor Faverani;;2:41;1;1;0;0;0;0;0;0;0;0;0;0;0;2;2;
Courtney Lee;;12:05;3;4;0;0;0;0;0;0;0;0;0;0;0;0;6;
MIA
LeBron James;F;36:32;9;13;0;0;7;9;1;7;8;10;0;0;5;1;25;
Shane Battier;F;27:02;1;2;1;2;0;0;0;1;1;0;0;2;0;3;3;
Chris Bosh;C;31:21;7;12;0;2;6;8;1;6;7;1;1;2;0;1;20;
Dwyane Wade;G;33:48;7;14;0;0;4;8;0;3;3;7;2;0;1;1;18;
Mario Chalmers;G;29:00;3;6;2;2;2;2;0;2;2;3;1;0;1;1;10;
Ray Allen;;24:27;2;4;0;1;1;1;0;4;4;3;0;0;1;1;5;
Rashard Lewis;;13:54;1;4;1;2;1;2;0;1;1;0;0;0;0;4;4;
Chris Andersen;;16:40;4;5;0;0;2;4;2;2;4;0;0;2;1;0;10;
Norris Cole;;19:00;2;4;1;1;0;0;0;1;1;2;0;1;0;0;5;
Michael Beasley;;8:17;5;7;0;0;0;0;0;0;0;0;0;0;1;1;10;
