12-17;OKC-DEN;105-93;
29-24;23-20;23-21;30-28;
OKC
Kevin Durant;F;37:52;11;23;2;4;6;7;0;6;6;3;2;0;2;3;30;
Serge Ibaka;F;31:08;7;11;0;0;3;4;5;5;10;0;0;1;1;3;17;
Kendrick Perkins;C;12:51;1;1;0;0;1;2;1;2;3;1;0;0;2;3;3;
Thabo Sefolosha;G;22:44;1;4;0;2;0;0;2;2;4;0;1;1;1;2;2;
Russell Westbrook;G;36:13;9;16;1;4;2;4;1;12;13;8;0;0;8;1;21;
Steven Adams;;9:22;0;1;0;0;1;2;1;1;2;0;0;0;1;3;1;
Nick Collison;;20:47;4;7;0;1;0;0;2;4;6;0;1;2;1;3;8;
Reggie Jackson;;19:54;4;10;0;2;0;0;0;2;2;2;2;0;2;1;8;
Jeremy Lamb;;21:34;4;9;1;5;0;0;0;6;6;3;2;1;0;3;9;
Derek Fisher;;19:55;2;5;1;4;1;1;0;1;1;2;1;0;0;0;6;
Perry Jones;;6:24;0;1;0;0;0;0;0;0;0;0;1;0;0;0;0;
Andre Roberson;;1:16;0;0;0;0;0;0;0;0;0;0;0;0;0;0;0;
DEN
Wilson Chandler;F;30:39;6;15;1;4;0;1;0;2;2;3;0;0;0;5;13;
Kenneth Faried;F;27:40;6;12;0;0;1;2;3;4;7;1;1;1;1;0;13;
JJ Hickson;C;28:56;7;13;0;0;6;9;5;9;14;1;0;1;1;1;20;
Randy Foye;G;24:08;1;5;0;3;1;1;0;1;1;2;1;0;0;4;3;
Ty Lawson;G;37:08;6;11;1;2;4;5;0;3;3;13;4;0;4;1;17;
Nate Robinson;;24:41;4;9;2;6;2;2;0;1;1;2;1;0;4;1;12;
Timofey Mozgov;;15:00;2;5;0;0;0;0;3;1;4;0;1;1;3;2;4;
Darrell Arthur;;16:08;0;4;0;0;2;2;0;5;5;2;0;0;0;2;2;
Jordan Hamilton;;16:15;2;6;0;3;0;0;1;4;5;1;1;0;1;2;4;
Andre Miller;;5:40;0;2;0;0;0;0;1;0;1;0;0;0;1;0;0;
Evan Fournier;;12:39;2;5;1;1;0;0;0;0;0;0;0;0;0;2;5;
Quincy Miller;;1:06;0;0;0;0;0;0;0;0;0;0;0;0;0;0;0;
