02-02;ORL-BOS;89-96;
19-27;26-27;19-17;25-25;
ORL
Tobias Harris;F;28:12;6;12;1;3;0;0;2;3;5;1;0;0;0;3;13;
Glen Davis;F;32:49;6;12;1;1;2;2;1;2;3;2;2;1;1;2;15;
Nikola Vucevic;C;29:41;7;14;0;0;0;0;5;6;11;1;0;0;2;1;14;
Arron Afflalo;G;35:18;6;12;1;3;5;8;1;2;3;4;0;0;3;2;18;
Victor Oladipo;G;37:52;3;16;1;4;5;6;0;3;3;5;1;0;3;0;12;
Kyle O'Quinn;;21:57;1;3;0;0;2;2;0;2;2;3;2;0;1;2;4;
Andrew Nicholson;;9:09;0;1;0;0;0;0;2;1;3;0;1;3;1;2;0;
Maurice Harkless;;21:10;2;5;1;1;4;4;2;5;7;2;2;0;0;0;9;
E'Twaun Moore;;10:08;1;3;0;1;0;0;0;0;0;0;1;0;2;0;2;
Doron Lamb;;13:44;1;2;0;1;0;0;0;2;2;0;0;0;1;1;2;
BOS
Jeff Green;F;36:25;2;13;1;5;3;3;0;2;2;5;2;1;4;2;8;
Brandon Bass;F;36:29;9;15;0;0;1;1;3;6;9;1;0;1;0;3;19;
Jared Sullinger;C;38:30;10;15;1;3;0;0;3;9;12;1;0;1;2;3;21;
Avery Bradley;G;32:30;6;12;0;0;5;6;0;2;2;2;1;0;1;2;17;
Rajon Rondo;G;26:37;9;11;1;3;0;0;0;6;6;10;3;0;4;4;19;
Kris Humphries;;13:16;1;4;0;0;0;0;1;2;3;0;0;0;2;1;2;
Jerryd Bayless;;21:20;3;7;0;0;0;0;1;2;3;3;1;0;1;0;6;
Chris Johnson;;18:57;1;3;1;2;0;0;2;1;3;0;0;0;1;1;3;
Kelly Olynyk;;7:45;0;0;0;0;1;2;0;2;2;0;0;0;0;2;1;
Phil Pressey;;8:11;0;2;0;1;0;0;0;2;2;2;0;0;1;0;0;
