11-15;SAS-UTA;91-82;
16-29;25-17;19-21;31-15;
SAS
Kawhi Leonard;F;29:24;3;8;0;2;0;0;1;8;9;1;2;0;2;5;6;
Tim Duncan;F;34:07;7;16;0;0;0;1;2;7;9;2;0;3;1;0;14;
Tiago Splitter;C;25:33;2;4;0;0;2;2;1;4;5;0;1;0;1;0;6;
Danny Green;G;23:14;3;7;2;4;0;0;1;5;6;1;0;0;1;3;8;
Tony Parker;G;37:34;8;18;0;1;6;10;0;0;0;6;1;0;5;1;22;
Manu Ginobili;;30:08;3;9;1;3;2;2;2;7;9;5;1;0;3;2;9;
Marco Belinelli;;12:52;1;2;0;1;1;1;0;0;0;1;0;0;0;1;3;
Jeff Ayres;;7:45;0;0;0;0;2;2;0;0;0;0;0;0;0;2;2;
Boris Diaw;;28:13;6;9;1;3;4;4;0;5;5;2;2;2;2;1;17;
Patty Mills;;10:26;2;3;0;1;0;0;0;0;0;1;1;0;2;0;4;
Cory Joseph;;0:22;0;0;0;0;0;0;0;0;0;0;0;0;0;0;0;
Aron Baynes;;0:22;0;0;0;0;0;0;0;0;0;0;0;0;0;0;0;
UTA
Richard Jefferson;F;43:16;5;9;3;5;1;2;0;3;3;1;2;0;5;5;14;
Derrick Favors;F;36:32;10;19;0;0;0;0;6;12;18;2;3;3;2;4;20;
Enes Kanter;C;31:55;5;12;0;0;0;0;4;5;9;1;0;0;1;3;10;
Gordon Hayward;G;43:13;5;23;1;7;4;6;1;8;9;3;1;1;3;1;15;
Alec Burks;G;29:10;5;12;1;1;1;1;0;0;0;4;1;0;1;5;12;
Marvin Williams;;22:37;1;4;0;2;0;0;1;4;5;2;1;0;0;2;2;
Diante Garrett;;17:28;1;7;0;1;0;0;0;0;0;3;1;0;3;0;2;
John Lucas III;;9:00;2;3;0;0;0;0;0;0;0;0;0;0;0;2;4;
Michael Harris;;3:14;0;0;0;0;0;0;1;0;1;0;0;0;0;0;0;
Rudy Gobert;;3:35;1;2;0;0;1;2;3;2;5;0;0;0;3;1;3;
