03-28;IND-WAS;78-91;
21-24;16-20;19-30;22-17;
IND
Paul George;F;38:06;6;22;1;5;6;6;2;7;9;0;3;1;5;1;19;
David West;F;32:18;4;10;0;0;2;2;1;6;7;0;0;1;4;4;10;
Roy Hibbert;C;31:58;3;8;0;0;2;5;1;1;2;1;0;5;3;4;8;
Lance Stephenson;G;35:29;3;13;0;5;7;8;4;10;14;4;0;0;2;2;13;
George Hill;G;37:34;3;6;0;0;2;2;1;2;3;6;2;0;1;2;8;
Luis Scola;;13:39;5;8;0;0;0;0;1;2;3;1;0;0;0;3;10;
Evan Turner;;14:02;0;4;0;1;0;0;0;2;2;1;0;0;1;2;0;
Donald Sloan;;10:26;3;4;1;1;0;0;0;1;1;0;0;0;1;0;7;
Ian Mahinmi;;13:49;1;2;0;0;1;2;3;3;6;0;0;2;0;1;3;
Chris Copeland;;6:30;0;2;0;1;0;0;0;0;0;0;0;0;0;0;0;
Rasual Butler;;2:03;0;0;0;0;0;0;0;1;1;0;0;0;0;0;0;
Solomon Hill;;2:03;0;0;0;0;0;0;0;0;0;0;0;0;0;0;0;
Lavoy Allen;;2:03;0;0;0;0;0;0;0;0;0;0;0;0;0;0;0;
WAS
Trevor Ariza;F;34:04;2;12;1;5;6;6;2;3;5;4;1;0;0;2;11;
Trevor Booker;F;19:29;3;3;0;0;0;0;1;3;4;0;0;0;1;3;6;
Marcin Gortat;C;34:08;8;15;0;0;1;1;4;8;12;0;1;2;0;3;17;
Bradley Beal;G;35:14;2;13;1;3;2;2;0;3;3;2;0;0;0;3;7;
John Wall;G;37:60;9;21;1;6;1;1;0;2;2;8;2;1;4;3;20;
Martell Webster;;24:14;3;6;3;6;2;2;1;2;3;2;1;0;2;1;11;
Al Harrington;;22:05;5;10;1;3;1;1;1;0;1;1;0;0;0;1;12;
Drew Gooden;;20:18;1;5;0;0;1;2;0;6;6;1;0;0;1;4;3;
Andre Miller;;10:42;1;2;0;0;2;2;2;4;6;2;1;1;0;1;4;
Garrett Temple;;1:46;0;0;0;0;0;0;1;0;1;0;0;0;0;0;0;
