02-03;ORL-IND;79-98;
22-29;28-30;13-16;16-23;
ORL
Tobias Harris;F;30:20;4;8;1;1;2;2;1;5;6;1;0;0;1;2;11;
Glen Davis;F;35:30;3;9;0;0;1;2;2;2;4;2;1;3;1;3;7;
Nikola Vucevic;C;34:33;8;16;0;0;0;1;4;9;13;0;0;0;2;3;16;
Arron Afflalo;G;33:56;8;18;4;7;0;0;0;2;2;2;0;1;2;3;20;
Victor Oladipo;G;34:49;2;11;0;3;2;2;1;4;5;11;4;0;4;3;6;
Andrew Nicholson;;12:30;1;6;0;0;0;0;0;1;1;1;0;0;1;1;2;
Maurice Harkless;;19:43;2;4;0;1;0;0;1;3;4;0;0;0;1;2;4;
E'Twaun Moore;;13:30;2;5;1;2;1;2;0;1;1;2;0;0;1;0;6;
Doron Lamb;;11:42;1;2;1;2;0;0;0;0;0;1;0;0;0;0;3;
Kyle O'Quinn;;13:27;2;4;0;0;0;1;0;2;2;1;0;0;0;1;4;
IND
Paul George;F;26:47;5;12;2;5;3;3;1;3;4;2;2;0;3;1;15;
David West;F;26:11;4;9;0;0;0;0;2;5;7;1;0;1;0;2;8;
Roy Hibbert;C;25:44;4;6;0;0;1;2;0;8;8;0;0;0;2;2;9;
Lance Stephenson;G;37:21;5;11;1;3;4;5;4;8;12;5;1;1;3;1;15;
George Hill;G;19:21;1;8;0;6;0;0;1;1;2;3;1;0;0;1;2;
Danny Granger;;24:37;5;9;3;5;3;3;0;4;4;3;0;0;0;2;16;
Luis Scola;;21:49;4;13;0;0;2;2;1;3;4;4;0;0;0;3;10;
CJ Watson;;25:39;5;10;2;5;0;0;0;4;4;3;0;1;0;1;12;
Ian Mahinmi;;18:01;3;7;0;0;1;2;3;2;5;0;0;2;0;0;7;
Rasual Butler;;4:15;0;0;0;0;0;0;0;1;1;0;0;0;0;0;0;
Chris Copeland;;4:15;1;3;0;0;0;0;1;0;1;0;0;0;0;0;2;
Orlando Johnson;;3:00;1;1;0;0;0;0;0;0;0;0;0;0;0;0;2;
Donald Sloan;;3:00;0;1;0;1;0;0;0;0;0;0;0;0;1;0;0;
