01-14;SAC-IND;92-116;
20-25;25-34;29-27;18-30;
SAC
Rudy Gay;F;29:34;6;14;0;1;0;0;0;0;0;2;3;0;2;1;12;
Jason Thompson;F;19:08;0;4;0;0;1;2;1;1;2;0;0;0;0;3;1;
DeMarcus Cousins;C;30:02;12;21;0;0;7;7;6;7;13;2;2;1;4;3;31;
Marcus Thornton;G;27:50;3;7;1;2;0;0;2;2;4;0;0;0;0;2;7;
Isaiah Thomas;G;27:11;3;9;1;2;0;0;0;1;1;1;1;0;3;3;7;
Quincy Acy;;23:22;3;4;0;0;0;0;1;3;4;1;0;1;2;1;6;
Jimmer Fredette;;20:49;4;10;1;3;0;0;0;4;4;4;1;0;1;0;9;
Derrick Williams;;25:13;4;11;0;2;1;4;4;2;6;2;0;1;1;2;9;
Ben McLemore;;18:51;3;9;1;2;0;0;1;2;3;0;0;0;0;3;7;
Aaron Gray;;10:24;1;2;0;0;1;4;0;3;3;0;1;0;1;3;3;
Travis Outlaw;;7:36;0;1;0;1;0;0;0;0;0;1;0;2;1;0;0;
IND
Paul George;F;34:11;10;18;4;7;7;8;0;3;3;2;1;0;5;2;31;
David West;F;27:36;7;11;0;0;2;2;2;6;8;3;1;0;3;1;16;
Roy Hibbert;C;27:56;4;8;0;0;2;3;1;3;4;2;1;2;1;3;10;
Lance Stephenson;G;29:54;5;7;0;1;3;4;1;4;5;5;1;0;2;0;13;
George Hill;G;26:43;4;9;1;2;0;0;4;1;5;3;0;0;0;0;9;
Danny Granger;;21:21;3;8;1;4;2;2;0;3;3;2;0;1;0;3;9;
Luis Scola;;15:33;4;6;0;0;1;2;2;5;7;2;0;0;0;2;9;
CJ Watson;;16:26;5;6;0;1;0;0;0;3;3;3;1;0;0;0;10;
Ian Mahinmi;;20:04;0;1;0;0;2;2;1;3;4;1;2;1;2;4;2;
Rasual Butler;;6:42;1;3;0;1;0;0;0;0;0;0;0;1;0;0;2;
Chris Copeland;;4:51;2;3;0;0;0;0;0;1;1;1;0;0;0;2;4;
Donald Sloan;;4:51;0;2;0;0;0;0;0;1;1;0;0;0;0;0;0;
Orlando Johnson;;3:52;0;0;0;0;1;2;0;2;2;0;0;0;0;0;1;
