01-29;PHI-BOS;95-94;
23-26;30-21;21-24;21-23;
PHI
Evan Turner;F;37:56;6;17;0;5;4;6;0;6;6;8;2;0;0;2;16;
Thaddeus Young;F;31:59;7;14;2;5;0;4;1;3;4;5;1;0;0;1;16;
Spencer Hawes;C;35:19;7;14;4;6;2;2;0;8;8;2;1;0;1;5;20;
James Anderson;G;28:56;6;8;1;2;0;0;1;5;6;4;0;0;1;1;13;
Michael Carter-Williams;G;35:27;4;14;0;2;2;5;0;5;5;7;1;2;3;3;10;
Hollis Thompson;;16:32;0;0;0;0;4;6;0;1;1;0;0;0;0;3;4;
Lavoy Allen;;13:52;1;8;0;0;0;0;5;0;5;0;0;0;1;4;2;
Tony Wroten;;14:18;3;6;0;1;2;2;0;1;1;0;3;0;2;0;8;
Dewayne Dedmon;;14:50;2;3;0;0;0;0;0;4;4;0;0;1;1;3;4;
Elliot Williams;;10:53;1;2;0;0;0;0;0;0;0;0;0;0;1;2;2;
BOS
Jeff Green;F;37:33;5;13;2;3;6;8;2;4;6;5;0;0;3;1;18;
Brandon Bass;F;20:38;4;8;0;0;3;4;2;3;5;0;1;2;1;4;11;
Jared Sullinger;C;35:09;9;25;0;2;6;6;8;9;17;2;1;0;3;5;24;
Gerald Wallace;G;33:39;0;1;0;0;1;2;2;6;8;3;0;2;0;1;1;
Phil Pressey;G;21:08;1;7;0;2;0;0;0;1;1;2;2;0;5;2;2;
Kris Humphries;;21:34;3;5;0;0;7;8;3;6;9;0;0;1;1;1;13;
Jerryd Bayless;;30:08;4;13;2;6;0;2;0;4;4;1;3;0;2;4;10;
Chris Johnson;;21:32;2;7;2;3;0;0;0;5;5;4;1;0;1;1;6;
Kelly Olynyk;;18:39;4;8;1;3;0;0;1;3;4;3;0;2;1;2;9;
