01-17;GSW-OKC;121-127;
32-39;33-32;26-30;30-26;
GSW
Andre Iguodala;F;29:33;1;8;0;3;0;2;2;1;3;2;2;0;0;0;2;
David Lee;F;32:24;6;14;0;0;1;2;2;7;9;1;0;0;2;5;13;
Andrew Bogut;C;21:40;4;5;0;0;0;5;2;3;5;0;2;0;2;2;8;
Klay Thompson;G;41:10;9;17;6;9;2;2;0;1;1;3;1;1;1;5;26;
Stephen Curry;G;37:57;11;18;6;10;9;11;2;1;3;11;3;0;7;2;37;
Harrison Barnes;;18:31;0;4;0;1;0;0;0;0;0;0;0;0;2;5;0;
Draymond Green;;26:11;3;4;1;1;3;6;2;3;5;3;1;0;0;4;10;
Marreese Speights;;13:41;4;4;1;1;4;6;2;3;5;0;0;0;0;4;13;
Jordan Crawford;;15:20;3;4;2;2;0;0;0;1;1;2;0;0;2;2;8;
Kent Bazemore;;1:49;0;1;0;0;0;0;0;1;1;0;1;0;1;0;0;
MarShon Brooks;;1:44;2;3;0;0;0;0;0;0;0;0;0;0;0;0;4;
OKC
Kevin Durant;F;43:30;19;28;5;9;11;13;1;3;4;6;2;1;5;1;54;
Serge Ibaka;F;34:54;8;11;0;1;5;7;4;4;8;2;1;0;1;2;21;
Kendrick Perkins;C;24:06;3;5;0;0;0;2;2;10;12;2;2;0;2;3;6;
Thabo Sefolosha;G;29:37;1;3;1;2;1;2;1;3;4;0;2;1;3;0;4;
Reggie Jackson;G;32:03;6;13;1;3;1;1;0;2;2;6;3;0;4;2;14;
Jeremy Lamb;;26:13;5;9;2;4;0;0;0;3;3;3;0;1;0;1;12;
Nick Collison;;15:40;0;1;0;0;3;4;1;0;1;3;0;1;1;5;3;
Steven Adams;;10:57;3;4;0;0;0;0;3;2;5;0;1;0;1;6;6;
Derek Fisher;;15:12;2;5;0;2;3;4;0;0;0;1;2;0;0;4;7;
Perry Jones;;7:48;0;2;0;1;0;0;0;2;2;0;0;0;0;2;0;
