11-24;UTA-OKC;73-95;
13-22;17-25;13-28;30-20;
UTA
Richard Jefferson;F;23:18;3;6;2;4;0;0;0;1;1;1;0;0;1;1;8;
Marvin Williams;F;21:45;2;8;0;3;0;0;0;3;3;0;1;1;0;3;4;
Derrick Favors;C;22:14;3;7;0;0;2;4;4;5;9;0;1;0;2;2;8;
Gordon Hayward;G;25:16;2;9;1;2;0;0;0;4;4;1;1;0;6;3;5;
Trey Burke;G;20:11;2;9;0;2;0;0;0;2;2;4;0;0;1;0;4;
John Lucas III;;7:07;0;1;0;1;0;1;0;0;0;1;0;0;0;0;0;
Enes Kanter;;24:39;3;5;0;0;4;8;1;2;3;0;1;0;4;3;10;
Alec Burks;;28:18;3;8;0;1;2;5;0;1;1;4;0;0;0;1;8;
Jeremy Evans;;17:35;1;2;0;0;0;0;1;5;6;1;1;1;2;1;2;
Diante Garrett;;20:42;3;6;1;3;0;0;0;1;1;2;1;0;0;1;7;
Ian Clark;;10:59;2;5;0;2;1;2;0;0;0;2;0;0;2;3;5;
Rudy Gobert;;9:45;3;3;0;0;4;9;0;3;3;1;1;2;0;1;10;
Michael Harris;;8:11;1;2;0;0;0;0;0;0;0;0;2;0;0;0;2;
OKC
Kevin Durant;F;26:21;3;9;1;1;12;13;0;9;9;2;2;0;3;1;19;
Serge Ibaka;F;29:36;8;13;0;0;1;2;2;9;11;0;0;3;1;1;17;
Kendrick Perkins;C;21:22;2;4;0;0;0;0;1;0;1;2;0;1;0;5;4;
Thabo Sefolosha;G;27:20;3;6;1;3;2;2;0;3;3;3;2;0;1;0;9;
Reggie Jackson;G;25:43;5;8;0;1;0;0;0;3;3;7;2;0;2;1;10;
Derek Fisher;;9:29;1;2;0;0;0;0;0;2;2;3;1;0;0;0;2;
Steven Adams;;26:38;1;5;0;0;1;2;0;7;7;2;1;0;4;4;3;
Jeremy Lamb;;24:54;7;13;0;2;1;1;0;2;2;2;1;0;2;3;15;
Perry Jones;;19:04;5;7;3;3;0;0;0;3;3;1;1;0;1;4;13;
Nick Collison;;6:24;0;0;0;0;0;0;1;1;2;1;0;0;1;0;0;
Andre Roberson;;12:48;0;0;0;0;1;2;1;1;2;1;0;0;1;4;1;
Ryan Gomes;;10:21;1;4;0;2;0;0;0;1;1;0;0;0;0;1;2;
