12-06;GSW-HOU;83-105;
12-31;25-30;29-26;17-18;
GSW
Harrison Barnes;F;36:11;5;16;0;2;4;4;1;6;7;2;4;1;3;3;14;
David Lee;F;21:43;4;7;0;0;3;4;1;2;3;0;0;0;1;1;11;
Andrew Bogut;C;18:22;2;3;0;0;0;0;2;3;5;0;0;1;0;5;4;
Klay Thompson;G;34:59;2;10;0;4;1;1;0;3;3;1;1;0;3;4;5;
Stephen Curry;G;32:28;5;14;1;5;11;11;0;1;1;5;3;0;8;4;22;
Draymond Green;;29:49;0;4;0;1;1;2;2;6;8;1;0;0;1;4;1;
Nemanja Nedovic;;11:26;0;2;0;1;0;0;0;1;1;0;0;0;2;1;0;
Jermaine O'Neal;;16:54;2;5;0;0;1;4;2;3;5;0;0;0;1;2;5;
Marreese Speights;;21:20;3;9;0;0;3;4;2;5;7;0;0;1;1;1;9;
Kent Bazemore;;16:48;4;6;1;3;3;4;0;3;3;1;1;0;2;2;12;
HOU
Chandler Parsons;F;34:15;3;13;2;5;0;0;1;3;4;5;3;0;2;5;8;
Terrence Jones;F;31:04;7;12;1;4;1;2;3;7;10;1;3;3;0;2;16;
Dwight Howard;C;35:14;5;8;0;0;12;20;6;12;18;1;3;1;3;2;22;
James Harden;G;39:38;13;22;1;3;7;9;0;7;7;4;1;1;4;2;34;
Patrick Beverley;G;32:40;2;6;0;3;2;4;1;0;1;0;2;0;3;4;6;
Francisco Garcia;;17:37;0;4;0;3;0;0;0;6;6;1;0;4;0;1;0;
Aaron Brooks;;17:03;3;7;2;5;0;0;1;0;1;2;1;0;1;1;8;
Omri Casspi;;16:56;1;4;0;2;0;0;0;2;2;1;1;0;2;3;2;
Donatas Motiejunas;;12:46;3;7;0;3;3;4;2;1;3;0;0;0;0;1;9;
Ronnie Brewer;;2:47;0;0;0;0;0;0;0;0;0;0;0;0;0;0;0;
