12-10;BOS-BKN;96-104;
20-31;27-25;25-29;24-19;
BOS
Jeff Green;F;37:11;6;13;4;4;3;4;1;5;6;1;2;0;3;3;19;
Brandon Bass;F;28:58;4;12;0;0;5;8;4;7;11;1;0;1;0;2;13;
Jared Sullinger;C;35:24;6;16;2;6;1;1;3;2;5;3;0;0;0;3;15;
Avery Bradley;G;37:21;8;16;3;6;3;3;0;3;3;0;2;0;1;4;22;
Jordan Crawford;G;34:17;6;14;2;5;1;3;0;2;2;4;1;0;1;1;15;
Vitor Faverani;;4:27;0;0;0;0;0;0;0;0;0;0;0;0;0;2;0;
Gerald Wallace;;23:09;1;2;0;1;0;0;0;6;6;2;0;0;3;2;2;
Kris Humphries;;16:38;2;4;0;0;0;0;2;0;2;1;2;0;0;3;4;
Phil Pressey;;3:09;1;1;0;0;0;0;0;0;0;0;0;0;0;1;2;
Courtney Lee;;19:26;1;2;0;0;2;2;0;0;0;2;1;0;1;1;4;
BKN
Alan Anderson;F;34:51;6;7;1;2;2;2;1;3;4;1;1;0;0;1;15;
Kevin Garnett;F;25:53;5;10;0;0;1;2;2;7;9;3;0;0;0;3;11;
Brook Lopez;C;37:23;10;13;0;0;4;5;1;2;3;2;0;1;1;4;24;
Joe Johnson;G;38:21;3;9;1;4;0;0;0;3;3;0;0;0;3;1;7;
Deron Williams;G;36:46;10;16;1;5;4;7;0;3;3;7;0;0;2;1;25;
Paul Pierce;;22:14;0;3;0;1;4;4;1;6;7;3;1;0;3;1;4;
Andray Blatche;;20:05;4;11;0;0;3;3;3;6;9;2;1;1;1;1;11;
Shaun Livingston;;12:42;1;1;0;0;1;1;0;2;2;1;0;0;2;4;3;
Mason Plumlee;;10:37;0;0;0;0;4;4;0;1;1;0;1;0;1;0;4;
Tornike Shengelia;;0:34;0;0;0;0;0;0;0;1;1;0;0;0;0;0;0;
Tyshawn Taylor;;0:34;0;0;0;0;0;0;0;0;0;0;0;0;0;0;0;
