02-27;NYK-MIA;82-108;
22-28;28-27;14-32;18-21;
NYK
Carmelo Anthony;F;35:52;11;20;3;8;4;6;3;4;7;2;0;1;4;4;29;
J.R. Smith;F;28:22;4;9;1;2;2;4;0;1;1;5;0;0;2;2;11;
Tyson Chandler;C;31:50;6;9;0;0;7;8;6;10;16;0;0;0;2;2;19;
Pablo Prigioni;G;25:14;0;3;0;3;0;0;1;2;3;4;2;0;0;1;0;
Raymond Felton;G;30:57;1;7;0;2;0;0;1;1;2;5;3;0;2;3;2;
Tim Hardaway Jr.;;33:51;2;15;0;8;2;2;1;2;3;0;0;0;1;4;6;
Amar'e Stoudemire;;19:11;2;6;0;0;0;0;1;2;3;0;0;0;1;3;4;
Shannon Brown;;15:58;3;7;0;0;0;0;0;0;0;0;2;0;0;0;6;
Jeremy Tyler;;6:49;0;1;0;0;1;2;0;2;2;0;0;0;0;1;1;
Earl Clark;;5:58;1;3;0;0;0;0;1;2;3;0;0;0;0;1;2;
Toure Murry;;5:58;1;3;0;0;0;0;0;0;0;0;0;0;1;0;2;
MIA
LeBron James;F;36:38;13;19;1;2;4;6;0;4;4;4;0;0;1;0;31;
Shane Battier;F;35:22;3;6;2;4;0;0;0;5;5;5;3;0;0;3;8;
Chris Bosh;C;24:14;3;6;0;1;0;0;1;6;7;0;0;1;0;2;6;
Dwyane Wade;G;27:10;10;13;0;0;3;4;0;2;2;1;1;0;4;1;23;
Mario Chalmers;G;20:03;5;8;1;3;0;0;0;3;3;1;0;0;3;3;11;
Norris Cole;;29:27;5;9;0;1;1;2;0;2;2;2;1;0;1;4;11;
Ray Allen;;19:39;4;6;1;3;2;2;1;1;2;3;0;0;1;0;11;
Chris Andersen;;16:41;0;1;0;0;0;0;1;6;7;0;0;2;0;3;0;
Michael Beasley;;10:22;1;4;1;1;1;2;0;4;4;0;0;0;1;1;4;
Greg Oden;;8:48;1;2;0;0;1;2;0;1;1;0;0;0;1;5;3;
Rashard Lewis;;6:49;0;0;0;0;0;0;0;0;0;0;0;0;0;0;0;
Toney Douglas;;4:47;0;0;0;0;0;0;0;2;2;2;0;0;0;0;0;
