11-15;DET-SAC;97-90;
27-21;27-30;26-19;17-20;
DET
Josh Smith;F;44:13;6;13;2;6;7;10;0;8;8;7;5;4;4;3;21;
Greg Monroe;F;29:46;4;9;0;0;0;1;0;4;4;0;2;0;1;5;8;
Andre Drummond;C;36:28;7;13;0;0;1;3;8;10;18;1;2;0;4;2;15;
Kentavious Caldwell-Pope;G;21:19;2;5;0;2;3;3;0;2;2;2;0;0;0;1;7;
Brandon Jennings;G;39:29;5;14;1;5;0;2;2;4;6;9;1;0;1;3;11;
Kyle Singler;;22:31;5;11;1;5;0;0;1;2;3;1;0;1;0;3;11;
Rodney Stuckey;;30:25;6;13;1;3;3;3;1;3;4;4;0;1;1;2;16;
Will Bynum;;7:36;0;2;0;0;0;0;1;0;1;1;0;0;1;0;0;
Gigi Datome;;1:10;1;3;0;1;0;0;0;0;0;0;0;0;0;0;2;
Jonas Jerebko;;7:03;2;2;1;1;1;2;0;0;0;1;0;0;0;1;6;
SAC
John Salmons;F;16:04;1;4;1;2;0;0;1;3;4;1;0;0;0;3;3;
Jason Thompson;F;27:31;2;8;0;0;0;0;3;6;9;1;0;0;1;3;4;
DeMarcus Cousins;C;35:55;12;23;0;0;2;3;3;10;13;2;0;3;4;4;26;
Ben McLemore;G;31:41;2;6;1;4;2;2;1;5;6;2;1;1;0;2;7;
Greivis Vasquez;G;28:39;5;10;3;6;0;0;0;0;0;6;0;0;8;3;13;
Travis Outlaw;;4:53;0;1;0;1;2;2;0;0;0;0;0;0;0;0;2;
Isaiah Thomas;;31:27;6;11;3;4;3;6;0;2;2;7;0;0;4;1;18;
Marcus Thornton;;23:04;1;6;1;5;2;2;1;3;4;2;0;0;0;0;5;
Patrick Patterson;;3:32;0;1;0;1;0;0;0;0;0;0;1;0;0;0;0;
Charles Hayes;;8:08;1;3;0;0;1;2;2;1;3;0;1;0;0;2;3;
Luc Mbah a Moute;;29:05;4;7;1;2;0;0;0;2;2;1;1;1;0;1;9;
