03-05;UTA-WAS;91-104;
23-28;21-26;27-25;20-25;
UTA
Richard Jefferson;F;21:59;3;7;2;4;0;0;0;1;1;3;0;0;0;0;8;
Marvin Williams;F;21:25;3;9;1;5;0;0;3;6;9;3;0;0;1;1;7;
Derrick Favors;C;26:22;2;4;0;0;1;2;1;4;5;1;0;4;2;4;5;
Gordon Hayward;G;36:38;5;12;0;2;2;5;1;5;6;6;3;0;4;3;12;
Trey Burke;G;35:36;5;14;2;6;2;2;1;3;4;3;0;0;3;2;14;
Enes Kanter;;23:21;4;8;0;0;3;3;5;3;8;0;0;0;0;1;11;
Alec Burks;;37:23;6;11;2;3;5;10;0;1;1;4;1;0;2;3;19;
Jeremy Evans;;24:52;4;8;0;0;0;0;1;3;4;0;0;1;0;0;8;
Diante Garrett;;12:24;3;5;1;3;0;0;0;0;0;0;0;0;1;1;7;
WAS
Trevor Ariza;F;36:25;9;14;4;6;4;4;1;4;5;1;1;0;1;2;26;
Trevor Booker;F;15:55;1;1;0;0;2;2;2;2;4;1;1;0;1;2;4;
Marcin Gortat;C;28:51;7;11;0;0;2;2;3;6;9;4;0;0;0;4;16;
Bradley Beal;G;34:41;9;19;2;6;2;2;0;5;5;1;1;0;1;3;22;
John Wall;G;33:43;7;15;0;2;0;0;0;2;2;10;1;2;3;1;14;
Otto Porter;;22:12;0;1;0;0;0;0;0;2;2;0;2;0;1;3;0;
Chris Singleton;;10:52;0;0;0;0;0;0;1;2;3;0;0;0;3;1;0;
Andre Miller;;13:09;1;4;0;0;0;0;1;2;3;6;1;0;0;0;2;
Drew Gooden;;19:09;6;7;0;0;0;0;0;3;3;2;1;0;1;2;12;
Al Harrington;;21:13;4;8;0;1;0;0;0;4;4;3;0;0;1;2;8;
Garrett Temple;;3:50;0;1;0;0;0;0;0;1;1;0;1;0;0;0;0;
