11-07;LAL-HOU;99-98;
36-19;28-31;17-27;18-21;
LAL
Nick Young;F;21:59;3;9;1;5;4;4;2;2;4;2;2;0;2;3;11;
Pau Gasol;F;31:59;1;10;0;0;0;0;1;11;12;2;0;0;3;4;2;
Chris Kaman;C;19:39;3;5;0;0;0;0;2;8;10;1;2;2;4;3;6;
Steve Blake;G;33:58;5;10;4;6;0;0;0;3;3;2;0;0;0;4;14;
Steve Nash;G;27:58;3;11;2;5;4;4;1;0;1;6;1;0;4;4;12;
Xavier Henry;;13:56;1;5;0;0;1;2;1;0;1;1;1;0;3;3;3;
Wesley Johnson;;28:22;6;15;3;8;1;2;3;1;4;0;1;2;2;3;16;
Jordan Farmar;;20:01;5;12;1;4;0;0;2;3;5;7;1;0;3;4;11;
Jodie Meeks;;26:07;6;9;5;7;1;1;0;3;3;2;0;0;1;4;18;
Jordan Hill;;16:01;3;6;0;0;0;2;1;3;4;3;0;2;2;4;6;
HOU
Chandler Parsons;F;36:44;6;11;1;3;3;4;0;3;3;1;1;0;1;1;16;
Dwight Howard;F;36:31;5;10;0;0;5;16;1;13;14;2;0;1;4;4;15;
Omer Asik;C;23:19;1;3;0;0;4;6;1;8;9;1;1;0;3;2;6;
James Harden;G;43:54;9;24;3;9;14;16;3;6;9;5;4;2;3;0;35;
Patrick Beverley;G;33:49;1;10;1;5;0;0;3;1;4;4;1;1;1;5;3;
Jeremy Lin;;31:06;5;8;1;2;5;8;0;1;1;3;3;2;3;1;16;
Omri Casspi;;20:25;1;5;1;3;2;2;0;3;3;1;1;0;1;1;5;
Francisco Garcia;;14:12;1;6;0;5;0;0;0;1;1;0;1;1;1;3;2;
