04-06;NOP-POR;94-100;
25-25;30-23;14-29;25-23;
NOP
Darius Miller;F;23:30;1;3;1;1;0;0;0;1;1;1;1;0;1;3;3;
Anthony Davis;F;34:00;6;18;0;0;3;3;0;5;5;1;0;4;0;3;15;
Greg Stiemsma;C;17:17;2;4;0;0;0;0;2;1;3;1;2;0;0;2;4;
Tyreke Evans;G;33:37;4;9;0;0;2;3;2;3;5;8;1;0;2;3;10;
Brian Roberts;G;36:19;6;17;0;5;1;2;1;3;4;4;2;0;3;1;13;
Anthony Morrow;;33:15;6;12;2;5;3;3;2;2;4;2;1;0;2;2;17;
Austin Rivers;;24:10;5;11;1;1;3;4;0;0;0;1;1;0;1;1;14;
Jeff Withey;;3:02;0;1;0;0;1;2;0;0;0;0;0;0;0;0;1;
Alexis Ajinca;;14:00;6;11;0;0;1;1;4;3;7;0;2;0;0;2;13;
Al-Farouq Aminu;;20:50;2;4;0;0;0;0;2;7;9;3;0;0;1;2;4;
POR
Nicolas Batum;F;39:09;7;12;2;7;0;0;2;10;12;4;1;1;1;1;16;
LaMarcus Aldridge;F;36:18;11;25;0;0;3;4;8;10;18;4;0;4;3;1;25;
Robin Lopez;C;22:53;2;2;0;0;0;0;1;1;2;2;0;0;3;5;4;
Wesley Matthews;G;31:01;7;13;3;7;4;4;0;5;5;1;0;0;2;4;21;
Damian Lillard;G;38:38;9;19;0;2;2;3;0;6;6;5;3;0;1;1;20;
Mo Williams;;32:52;3;9;0;3;2;2;0;0;0;2;1;0;4;1;8;
Thomas Robinson;;10:58;0;1;0;0;0;0;0;1;1;0;0;0;0;2;0;
Will Barton;;5:15;0;1;0;0;0;0;0;1;1;0;0;0;0;0;0;
Dorell Wright;;18:59;1;4;0;3;2;2;2;1;3;2;0;1;0;0;4;
Meyers Leonard;;3:57;1;1;0;0;0;0;1;1;2;0;0;0;0;2;2;
