03-23;BKN-DAL;107-104;
15-29;26-19;24-24;26-19;16-13;
BKN
Joe Johnson;F;37:07;8;16;2;4;4;5;1;4;5;2;0;1;2;0;22;
Paul Pierce;F;30:46;3;10;0;4;9;12;0;4;4;3;1;0;2;5;15;
Mason Plumlee;C;21:44;2;8;0;0;1;2;4;2;6;3;1;0;2;5;5;
Shaun Livingston;G;33:51;4;7;0;0;4;4;4;3;7;1;3;0;0;5;12;
Deron Williams;G;41:41;3;9;1;5;8;8;1;3;4;3;2;0;2;0;15;
Andray Blatche;;25:32;2;6;1;1;0;0;1;2;3;3;0;0;2;5;5;
Andrei Kirilenko;;6:52;0;3;0;0;0;0;0;0;0;0;0;0;2;0;0;
Marcus Thornton;;24:24;7;11;4;7;2;2;1;6;7;1;0;0;1;1;20;
Mirza Teletovic;;19:48;3;9;3;7;0;0;0;7;7;0;1;0;0;3;9;
Alan Anderson;;18:14;2;4;0;2;0;0;2;2;4;1;0;0;0;4;4;
Jason Collins;;5:02;0;1;0;0;0;0;0;0;0;0;0;1;0;1;0;
DAL
Shawn Marion;F;34:27;5;10;2;3;0;0;2;4;6;1;0;0;1;3;12;
Dirk Nowitzki;F;38:28;2;12;0;3;6;6;0;8;8;2;0;0;2;4;10;
Samuel Dalembert;C;34:57;4;5;0;0;4;6;5;10;15;1;0;7;0;2;12;
Monta Ellis;G;41:01;11;24;2;8;8;11;0;1;1;4;1;1;4;5;32;
Jose Calderon;G;0:45;0;0;0;0;0;0;0;0;0;0;0;0;0;0;0;
Devin Harris;;40:28;4;15;3;8;0;0;3;4;7;6;0;0;4;5;11;
Jae Crowder;;16:08;1;6;1;4;2;2;1;2;3;2;1;0;0;1;5;
Vince Carter;;28:13;4;13;2;5;2;2;6;4;10;4;0;0;2;3;12;
Brandan Wright;;17:48;2;2;0;0;1;2;1;1;2;0;0;1;0;0;5;
Shane Larkin;;12:46;2;4;0;0;1;2;0;0;0;1;0;0;0;2;5;
