03-07;DET-MIN;101-114;
21-39;24-27;24-31;32-17;
DET
Josh Smith;F;28:46;4;14;0;1;5;8;2;5;7;4;0;1;4;2;13;
Greg Monroe;F;32:26;8;17;0;0;4;4;7;8;15;1;0;0;1;4;20;
Andre Drummond;C;21:17;3;7;0;0;0;0;3;4;7;0;0;2;0;6;6;
Kyle Singler;G;29:32;3;8;1;3;0;0;2;0;2;1;0;1;0;3;7;
Brandon Jennings;G;30:48;6;13;1;3;4;8;0;5;5;5;1;0;1;1;17;
Rodney Stuckey;;15:38;1;4;0;0;0;0;0;1;1;0;0;0;0;0;2;
Jonas Jerebko;;17:32;4;7;0;0;2;4;1;6;7;1;1;0;2;1;10;
Will Bynum;;21:21;6;14;2;2;3;3;3;0;3;3;1;0;2;1;17;
Kentavious Caldwell-Pope;;20:15;2;5;0;2;3;3;0;4;4;1;3;0;2;3;7;
Gigi Datome;;14:19;0;3;0;1;0;0;1;1;2;1;0;0;0;0;0;
Charlie Villanueva;;8:06;1;2;0;1;0;0;0;2;2;0;0;0;0;2;2;
MIN
Corey Brewer;F;33:31;4;9;0;1;0;0;0;3;3;4;0;0;0;3;8;
Kevin Love;F;36:22;10;18;3;7;5;6;5;9;14;4;2;0;2;1;28;
Nikola Pekovic;C;28:51;5;14;0;0;7;10;2;7;9;0;2;0;1;3;17;
Kevin Martin;G;32:15;9;16;1;5;5;5;0;1;1;1;0;0;2;0;24;
Ricky Rubio;G;35:52;2;6;1;3;6;8;1;7;8;10;3;0;3;2;11;
Dante Cunningham;;16:58;2;8;0;0;0;0;2;1;3;0;0;1;1;3;4;
Chase Budinger;;15:45;3;5;1;3;0;0;1;2;3;0;0;0;0;3;7;
Jose Juan Barea;;15:29;2;8;0;1;0;0;0;2;2;6;0;0;0;0;4;
Luc Mbah a Moute;;7:50;3;3;0;0;0;0;2;2;4;0;0;0;0;1;6;
Shabazz Muhammad;;10:20;0;2;0;0;3;4;0;0;0;0;0;0;0;0;3;
Gorgui Dieng;;6:47;1;2;0;0;0;0;1;2;3;0;0;2;1;3;2;
