12-20;SAC-MIA;103-122;
36-33;25-34;21-31;21-24;
SAC
Rudy Gay;F;34:38;7;13;0;3;0;2;0;6;6;6;3;1;7;3;14;
Jason Thompson;F;21:51;5;6;0;0;1;2;1;2;3;1;0;0;1;1;11;
DeMarcus Cousins;C;31:52;11;15;0;0;5;8;1;7;8;5;2;0;3;2;27;
Ben McLemore;G;32:37;8;13;4;7;0;0;2;2;4;1;1;0;2;2;20;
Isaiah Thomas;G;35:36;4;11;1;6;2;5;0;2;2;7;1;0;3;2;11;
Derrick Williams;;27:27;3;5;0;1;1;5;0;2;2;3;3;0;0;2;7;
Travis Outlaw;;23:02;2;4;2;3;0;0;0;2;2;1;2;0;0;3;6;
Quincy Acy;;14:45;2;3;0;1;1;2;1;1;2;0;0;0;0;0;5;
Jimmer Fredette;;3:53;0;0;0;0;0;0;0;0;0;0;0;0;2;0;0;
Marcus Thornton;;9:13;1;2;0;0;0;0;2;0;2;0;2;0;1;1;2;
Ray McCallum;;5:06;0;2;0;1;0;0;0;1;1;1;0;0;1;0;0;
MIA
LeBron James;F;30:40;8;11;1;2;1;2;2;4;6;8;1;1;1;1;18;
Shane Battier;F;24:20;3;7;3;7;0;0;0;4;4;1;0;0;0;1;9;
Chris Bosh;C;25:27;11;16;0;0;3;3;2;6;8;1;1;0;3;1;25;
Dwyane Wade;G;30:55;9;16;2;3;0;1;1;4;5;5;3;0;2;1;20;
Mario Chalmers;G;32:54;5;7;1;2;5;6;0;1;1;5;4;1;4;5;16;
Ray Allen;;26:03;8;13;2;6;0;0;0;1;1;5;1;0;4;4;18;
Norris Cole;;17:58;2;3;0;0;0;0;0;1;1;5;1;0;2;1;4;
Chris Andersen;;20:47;3;5;0;1;0;0;1;6;7;0;2;0;0;2;6;
Rashard Lewis;;19:15;2;4;1;1;0;0;1;2;3;2;1;0;0;0;5;
Roger Mason Jr.;;5:06;0;1;0;1;0;0;0;1;1;0;1;0;0;0;0;
Udonis Haslem;;3:47;0;0;0;0;0;0;0;2;2;0;0;1;1;0;0;
James Jones;;1:42;0;0;0;0;1;2;0;0;0;0;0;0;0;0;1;
Joel Anthony;;1:06;0;0;0;0;0;0;0;0;0;0;0;0;0;0;0;
