11-01;DET-MEM;108-111;
21-17;20-30;28-20;26-28;13-16;
DET
Josh Smith;F;43:46;7;23;3;11;2;3;2;6;8;5;3;3;5;5;19;
Greg Monroe;F;41:12;6;10;0;0;4;4;1;7;8;1;3;0;3;5;16;
Andre Drummond;C;47:43;6;13;0;0;0;1;8;8;16;0;3;2;2;3;12;
Chauncey Billups;G;31:48;1;7;1;5;2;4;1;0;1;6;0;1;2;4;5;
Will Bynum;G;32:29;7;11;1;1;3;5;0;2;2;6;0;0;3;5;18;
Rodney Stuckey;;23:29;8;13;1;3;2;3;0;1;1;2;1;0;2;1;19;
Kentavious Caldwell-Pope;;18:06;4;7;1;1;4;4;0;0;0;1;0;0;0;1;13;
Kyle Singler;;19:49;3;5;0;0;0;0;1;0;1;0;0;0;1;2;6;
Jonas Jerebko;;6:38;0;0;0;0;0;0;2;2;4;0;0;0;1;0;0;
MEM
Tayshaun Prince;F;20:22;3;6;1;2;1;2;0;2;2;2;0;0;1;0;8;
Zach Randolph;F;36:09;7;12;0;0;2;2;1;9;10;2;2;0;4;0;16;
Marc Gasol;C;37:01;4;8;0;0;7;9;2;6;8;5;1;2;2;1;15;
Tony Allen;G;35:17;6;10;0;0;4;4;2;1;3;4;5;1;2;2;16;
Mike Conley;G;36:03;7;12;1;4;7;7;0;5;5;4;2;0;5;6;22;
Jerryd Bayless;;17:28;3;6;1;3;2;2;0;2;2;1;1;0;0;3;9;
Quincy Pondexter;;17:47;2;6;1;4;1;2;0;0;0;3;0;0;2;3;6;
Mike Miller;;32:03;3;9;2;5;0;0;0;2;2;3;1;0;1;5;8;
Ed Davis;;16:51;2;2;0;0;1;2;1;2;3;0;0;0;2;0;5;
Kosta Koufos;;15:59;3;6;0;0;0;0;0;3;3;1;1;1;1;1;6;
