11-17;POR-TOR;118-110;
31-29;26-25;22-15;23-33;16-8;
POR
Nicolas Batum;F;41:19;8;15;5;8;3;3;1;5;6;4;1;2;3;3;24;
LaMarcus Aldridge;F;42:22;11;27;0;0;3;7;2;9;11;4;2;0;0;1;25;
Robin Lopez;C;23:46;1;2;0;0;4;4;2;3;5;0;0;2;1;6;6;
Wesley Matthews;G;39:22;6;12;4;7;1;2;2;4;6;1;0;1;0;1;17;
Damian Lillard;G;41:21;10;22;3;10;2;2;1;4;5;8;1;0;3;3;25;
Joel Freeland;;12:26;1;2;0;0;0;0;2;0;2;1;1;0;0;5;2;
Mo Williams;;32:37;4;7;3;5;2;2;2;3;5;7;0;0;4;3;13;
Dorell Wright;;13:38;1;4;0;2;0;0;1;2;3;0;0;0;1;2;2;
Thomas Robinson;;18:09;2;8;0;0;0;0;2;1;3;0;0;1;3;1;4;
TOR
Rudy Gay;F;41:40;12;27;1;3;5;7;3;7;10;0;0;1;3;4;30;
Amir Johnson;F;34:32;3;5;0;0;2;2;4;3;7;4;1;0;3;6;8;
Jonas Valanciunas;C;35:00;8;11;0;0;3;3;3;6;9;0;0;1;3;3;19;
DeMar DeRozan;G;46:49;11;27;1;5;6;8;0;3;3;3;0;0;4;2;29;
Kyle Lowry;G;45:16;3;11;1;7;3;4;0;7;7;10;4;0;0;3;10;
Tyler Hansbrough;;16:58;2;3;0;0;2;3;3;2;5;0;1;0;0;2;6;
Terrence Ross;;13:56;0;3;0;0;0;0;0;0;0;0;0;0;1;0;0;
Quincy Acy;;6:50;0;0;0;0;0;0;1;4;5;0;0;1;1;1;0;
Dwight Buycks;;7:54;2;3;0;0;1;2;0;1;1;0;0;0;1;0;5;
Landry Fields;;8:55;1;1;0;0;1;2;1;1;2;0;0;0;0;2;3;
Steve Novak;;7:10;0;3;0;2;0;0;0;2;2;0;0;0;0;0;0;
