11-30;MIN-DAL;112-106;
29-24;25-23;30-30;28-29;
MIN
Corey Brewer;F;33:32;5;8;3;5;0;0;0;3;3;3;1;0;1;0;13;
Kevin Love;F;35:10;6;14;2;5;7;11;3;8;11;2;0;1;1;1;21;
Nikola Pekovic;C;31:35;10;13;0;0;1;2;5;4;9;0;0;0;2;2;21;
Kevin Martin;G;36:19;7;14;3;6;10;11;0;1;1;3;0;1;2;3;27;
Ricky Rubio;G;32:19;4;12;1;5;3;3;0;2;2;7;2;0;1;0;12;
Dante Cunningham;;24:38;4;6;0;1;0;0;1;4;5;2;0;0;1;2;8;
Jose Juan Barea;;15:41;2;5;2;4;0;0;0;4;4;6;1;0;3;0;6;
Luc Mbah a Moute;;26:09;2;5;0;0;0;3;4;3;7;1;0;2;3;1;4;
Gorgui Dieng;;4:37;0;2;0;0;0;0;1;1;2;0;1;0;0;0;0;
DAL
Shawn Marion;F;33:24;3;11;0;4;0;0;1;1;2;3;1;2;3;4;6;
Dirk Nowitzki;F;32:35;10;13;1;1;2;2;0;5;5;6;1;0;2;3;23;
Samuel Dalembert;C;25:13;6;7;0;0;0;2;3;4;7;0;0;1;1;3;12;
Monta Ellis;G;36:57;9;15;3;5;5;5;2;4;6;6;2;0;2;2;26;
Gal Mekel;G;26:28;3;12;0;3;0;0;1;1;2;7;0;0;1;1;6;
Vince Carter;;30:07;4;12;1;3;1;1;2;3;5;4;1;1;0;1;10;
DeJuan Blair;;22:21;5;8;0;0;1;1;2;6;8;1;2;0;0;5;11;
Jae Crowder;;12:48;2;6;1;5;0;0;1;0;1;1;0;0;2;4;5;
Shane Larkin;;16:45;2;6;0;2;0;0;0;0;0;1;2;0;0;1;4;
Wayne Ellington;;2:57;1;2;1;1;0;0;0;0;0;0;0;0;0;2;3;
Bernard James;;0:26;0;0;0;0;0;0;1;0;1;0;0;0;0;0;0;
