02-07;OKC-ORL;102-103;
36-23;29-28;23-29;14-23;
OKC
Kevin Durant;F;40:13;10;22;2;6;7;7;0;5;5;12;0;1;6;3;29;
Serge Ibaka;F;39:34;10;13;1;1;5;6;1;5;6;1;0;5;0;2;26;
Kendrick Perkins;C;19:10;2;2;0;0;0;0;1;3;4;1;1;1;2;3;4;
Thabo Sefolosha;G;29:06;3;7;2;4;0;0;0;4;4;2;1;0;1;2;8;
Reggie Jackson;G;32:59;4;14;0;3;4;4;0;2;2;4;3;0;1;2;12;
Steven Adams;;11:28;0;0;0;0;0;0;1;3;4;0;0;0;3;2;0;
Derek Fisher;;15:01;2;4;2;4;0;0;0;0;0;1;1;0;0;1;6;
Jeremy Lamb;;25:51;3;6;2;2;0;0;0;4;4;4;0;1;2;2;8;
Nick Collison;;16:05;1;1;0;0;2;2;1;2;3;0;0;1;1;2;4;
Perry Jones;;10:34;2;4;1;2;0;0;0;2;2;0;0;0;0;1;5;
ORL
Tobias Harris;F;34:13;6;17;0;1;6;6;2;3;5;2;2;1;1;2;18;
Glen Davis;F;27:42;7;8;0;0;0;0;2;3;5;1;1;0;0;1;14;
Nikola Vucevic;C;31:43;4;12;0;0;2;2;3;7;10;2;0;0;2;2;10;
Arron Afflalo;G;37:00;3;11;1;2;9;10;0;2;2;5;1;0;1;0;16;
Jameer Nelson;G;28:02;3;8;3;7;0;0;0;0;0;5;0;0;3;1;9;
Kyle O'Quinn;;18:22;4;7;0;0;1;2;1;2;3;1;2;0;0;2;9;
Victor Oladipo;;21:29;5;7;1;1;3;4;0;5;5;3;2;1;1;2;14;
Maurice Harkless;;21:46;0;2;0;0;1;2;1;2;3;3;1;0;0;1;1;
Andrew Nicholson;;6:13;3;4;0;0;0;0;0;1;1;1;1;0;0;1;6;
E'Twaun Moore;;13:30;3;4;0;1;0;0;1;1;2;2;0;0;1;1;6;
