12-28;DAL-CHI;105-83;
30-19;31-15;25-22;19-27;
DAL
Shawn Marion;F;33:12;7;11;0;0;0;0;5;8;13;2;1;0;0;2;14;
Dirk Nowitzki;F;30:37;6;15;4;4;2;2;0;3;3;5;1;3;3;4;18;
Samuel Dalembert;C;24:23;1;2;0;0;0;0;0;5;5;0;1;1;3;4;2;
Monta Ellis;G;36:49;9;19;2;6;2;2;0;2;2;5;0;0;4;4;22;
Jose Calderon;G;35:42;4;11;1;6;0;0;2;2;4;7;2;0;1;0;9;
DeJuan Blair;;11:45;2;3;0;0;0;1;0;3;3;1;0;0;0;1;4;
Vince Carter;;21:56;6;9;3;5;3;3;0;4;4;3;1;1;2;1;18;
Jae Crowder;;15:56;2;2;2;2;3;3;0;2;2;1;0;1;1;0;9;
Brandan Wright;;15:32;3;3;0;0;0;0;0;2;2;0;2;1;0;2;6;
Shane Larkin;;12:02;1;3;1;3;0;0;0;1;1;1;0;0;2;2;3;
Gal Mekel;;1:03;0;0;0;0;0;0;0;0;0;1;0;0;0;0;0;
Bernard James;;1:03;0;0;0;0;0;0;0;0;0;0;0;0;0;0;0;
CHI
Mike Dunleavy;F;18:10;3;9;0;2;0;0;1;2;3;4;1;0;0;3;6;
Carlos Boozer;F;29:19;6;15;0;0;1;2;0;4;4;1;1;0;0;3;13;
Joakim Noah;C;36:32;8;11;0;0;4;5;3;7;10;3;1;1;2;2;20;
Jimmy Butler;G;45:43;2;10;1;7;6;6;1;5;6;5;1;0;7;1;11;
Kirk Hinrich;G;25:35;2;4;1;1;0;0;0;1;1;3;2;0;0;1;5;
D.J. Augustin;;31:23;5;8;1;1;0;0;0;2;2;3;3;0;3;3;11;
Taj Gibson;;26:04;5;7;0;1;3;4;1;4;5;2;0;1;3;3;13;
Tony Snell;;22:06;0;8;0;5;2;2;0;1;1;1;0;0;0;1;2;
Nazr Mohammed;;4:05;0;1;0;0;0;0;1;1;2;0;0;1;0;0;0;
Erik Murphy;;1:03;1;1;0;0;0;0;0;0;0;0;0;0;0;0;2;
