03-22;MIA-NOP;95-105;
22-22;21-23;29-31;23-29;
MIA
LeBron James;F;41:59;10;18;2;4;3;3;1;7;8;9;0;1;3;1;25;
Chris Bosh;F;33:53;5;10;0;3;2;2;0;6;6;3;1;1;2;2;12;
Udonis Haslem;C;17:24;1;2;0;0;1;2;1;5;6;0;0;0;2;4;3;
Toney Douglas;G;13:52;1;3;1;3;0;0;0;1;1;1;0;0;1;4;3;
Mario Chalmers;G;36:10;7;12;3;6;2;4;2;0;2;7;1;1;3;3;19;
Ray Allen;;31:12;3;10;2;9;2;2;0;3;3;1;0;0;2;0;10;
Shane Battier;;17:34;1;5;0;1;0;0;1;1;2;2;0;0;0;2;2;
Chris Andersen;;15:08;1;1;0;0;3;4;0;2;2;0;2;3;1;3;5;
Norris Cole;;14:46;0;0;0;0;0;0;0;0;0;4;0;0;0;0;0;
Michael Beasley;;18:02;8;12;0;0;0;0;0;3;3;0;0;0;1;0;16;
NOP
Luke Babbitt;F;27:41;4;10;3;8;0;0;0;2;2;2;0;0;1;1;11;
Al-Farouq Aminu;F;45:03;5;8;0;2;2;2;1;7;8;2;1;0;1;3;12;
Anthony Davis;C;39:27;13;22;0;0;4;5;3;8;11;0;3;1;1;2;30;
Tyreke Evans;G;33:59;7;14;0;0;2;4;3;1;4;8;2;0;0;2;16;
Brian Roberts;G;24:47;3;7;2;4;0;0;0;0;0;6;2;1;1;0;8;
Austin Rivers;;23:13;3;6;0;0;3;4;1;0;1;3;2;0;0;1;9;
Anthony Morrow;;21:22;4;12;2;3;0;0;0;4;4;2;0;0;2;2;10;
Greg Stiemsma;;7:52;0;0;0;0;0;0;1;1;2;0;2;1;0;1;0;
Jeff Withey;;4:02;1;1;0;0;0;0;1;1;2;0;0;1;0;0;2;
Alexis Ajinca;;12:36;3;4;0;0;1;2;1;3;4;0;0;0;0;2;7;
