01-15;SAC-MIN;111-108;
24-23;34-24;25-26;28-35;
SAC
Rudy Gay;F;37:17;12;19;3;3;6;6;1;4;5;6;2;1;2;2;33;
Jason Thompson;F;37:25;3;7;0;0;0;0;0;10;10;0;1;1;1;2;6;
DeMarcus Cousins;C;34:14;9;19;0;0;2;2;3;8;11;0;0;1;5;5;20;
Marcus Thornton;G;28:25;0;5;0;3;2;2;0;3;3;1;0;0;2;1;2;
Isaiah Thomas;G;41:46;10;16;2;5;4;4;1;2;3;7;2;0;7;4;26;
Derrick Williams;;28:16;7;11;0;1;2;3;2;3;5;2;1;0;1;3;16;
Ben McLemore;;6:38;0;0;0;0;0;0;0;1;1;0;0;1;0;2;0;
Quincy Acy;;13:26;1;1;0;0;0;2;2;3;5;1;0;0;0;1;2;
Jimmer Fredette;;6:14;1;2;0;0;0;0;0;0;0;2;0;0;1;0;2;
Aaron Gray;;2:12;2;2;0;0;0;0;0;1;1;0;0;0;0;2;4;
Travis Outlaw;;4:07;0;0;0;0;0;0;0;1;1;0;0;0;0;0;0;
MIN
Corey Brewer;F;34:36;4;8;0;1;4;5;2;1;3;2;1;1;2;4;12;
Kevin Love;F;37:21;9;16;4;6;5;6;3;8;11;5;1;0;1;2;27;
Nikola Pekovic;C;36:05;5;12;0;0;4;5;2;6;8;2;1;3;3;5;14;
Kevin Martin;G;23:35;6;14;0;0;2;2;0;2;2;1;0;0;0;1;14;
Ricky Rubio;G;24:23;2;6;1;2;0;0;0;2;2;5;3;0;5;2;5;
Alexey Shved;;24:25;4;10;1;4;4;5;0;2;2;4;3;0;1;1;13;
Ronny Turiaf;;14:39;2;2;0;0;0;2;2;2;4;0;0;0;0;2;4;
Jose Juan Barea;;23:37;5;14;1;5;3;4;0;3;3;2;0;0;0;5;14;
Chase Budinger;;13:24;1;4;1;2;0;0;0;0;0;2;1;0;0;1;3;
Dante Cunningham;;7:55;1;2;0;0;0;0;0;0;0;0;1;0;0;0;2;
