01-31;MEM-MIN;94-90;
30-22;20-15;16-30;28-23;
MEM
Tayshaun Prince;F;33:17;5;11;1;4;0;2;2;3;5;1;0;0;2;2;11;
Zach Randolph;F;40:05;11;20;0;0;4;7;4;8;12;4;1;0;1;1;26;
Marc Gasol;C;40:13;4;10;0;0;1;1;0;6;6;2;2;2;1;2;9;
Courtney Lee;G;34:01;5;7;1;1;5;7;1;4;5;1;1;1;2;1;16;
Mike Conley;G;29:49;4;14;0;2;4;4;0;3;3;8;3;0;0;0;12;
Nick Calathes;;11:34;3;5;1;1;0;0;0;0;0;0;2;0;2;3;7;
Ed Davis;;13:32;3;5;0;0;0;1;0;3;3;0;0;1;0;0;6;
James Johnson;;12:33;1;4;0;2;0;0;2;1;3;2;1;2;1;1;2;
Mike Miller;;24:56;2;4;1;2;0;0;0;1;1;1;0;0;0;1;5;
MIN
Corey Brewer;F;34:09;2;7;0;1;2;2;0;2;2;0;0;0;1;3;6;
Kevin Love;F;37:12;12;20;3;7;1;1;2;14;16;2;0;1;2;2;28;
Ronny Turiaf;C;28:06;3;4;0;0;1;2;2;8;10;2;1;1;2;2;7;
Kevin Martin;G;38:12;7;17;0;2;0;0;1;2;3;1;1;0;2;2;14;
Ricky Rubio;G;27:29;2;7;0;1;2;2;0;3;3;8;1;0;4;2;6;
Gorgui Dieng;;12:35;0;1;0;0;0;0;2;1;3;0;1;2;2;2;0;
Jose Juan Barea;;20:31;5;11;2;5;0;0;0;0;0;4;0;0;1;2;12;
Chase Budinger;;17:52;1;5;1;5;0;0;0;2;2;1;0;0;0;2;3;
Alexey Shved;;5:48;1;3;0;1;0;0;0;0;0;0;0;0;0;0;2;
Dante Cunningham;;18:07;6;9;0;0;0;0;2;5;7;0;1;0;0;3;12;
