03-26;TOR-BOS;99-90;
31-22;24-24;22-16;22-28;
TOR
Terrence Ross;F;36:44;9;16;5;9;1;1;0;3;3;2;1;0;1;1;24;
Amir Johnson;F;30:02;4;6;1;2;1;2;3;4;7;2;0;0;2;5;10;
Jonas Valanciunas;C;35:02;7;12;0;0;1;1;3;11;14;2;0;0;3;2;15;
DeMar DeRozan;G;39:44;5;13;0;1;10;11;1;6;7;3;0;0;4;4;20;
Kyle Lowry;G;34:11;8;17;4;8;3;3;1;8;9;4;0;0;2;3;23;
Greivis Vasquez;;16:53;3;10;1;3;0;0;0;2;2;3;1;0;2;2;7;
Charles Hayes;;26:57;0;4;0;0;0;0;3;3;6;1;1;3;1;2;0;
John Salmons;;13:19;0;1;0;0;0;0;0;0;0;0;1;0;0;0;0;
Nando De Colo;;3:09;0;1;0;0;0;0;0;0;0;0;0;0;1;0;0;
Tyler Hansbrough;;3:59;0;0;0;0;0;0;0;0;0;0;0;0;0;2;0;
BOS
Jeff Green;F;20:13;3;9;0;2;0;0;0;2;2;0;0;1;1;2;6;
Brandon Bass;F;26:13;2;3;0;0;0;0;1;4;5;0;0;0;0;0;4;
Kris Humphries;C;16:41;1;6;0;0;2;2;1;3;4;1;0;1;0;1;4;
Avery Bradley;G;36:46;6;15;2;6;2;2;0;3;3;0;0;0;1;2;16;
Rajon Rondo;G;31:58;3;9;0;2;3;4;1;3;4;15;2;0;1;3;9;
Jared Sullinger;;31:19;8;17;4;6;6;8;2;6;8;1;1;2;0;3;26;
Chris Babb;;1:31;0;0;0;0;0;0;0;0;0;0;0;0;0;1;0;
Kelly Olynyk;;21:47;3;7;1;1;0;0;2;3;5;1;3;0;2;1;7;
Jerryd Bayless;;15:01;1;3;1;1;0;0;0;2;2;1;0;0;2;1;3;
Chris Johnson;;26:16;5;8;1;3;2;4;0;1;1;0;1;1;1;1;13;
Phil Pressey;;12:15;0;2;0;1;2;2;1;1;2;4;1;0;1;1;2;
