04-04;MIL-CHI;90-102;
15-27;20-24;27-31;28-20;
MIL
Khris Middleton;F;33:01;2;4;0;1;6;6;0;6;6;2;0;0;3;3;10;
Jeff Adrien;F;36:45;9;12;0;0;3;6;3;6;9;2;1;3;3;3;21;
Zaza Pachulia;C;40:08;5;10;0;0;3;4;2;7;9;3;0;1;2;3;13;
Ramon Sessions;G;39:39;4;13;0;2;6;8;1;4;5;2;2;1;2;1;14;
Brandon Knight;G;38:10;8;17;2;5;4;5;0;3;3;3;1;1;4;6;22;
John Henson;;19:07;2;6;0;0;2;2;2;1;3;0;0;1;3;2;6;
Giannis Antetokounmpo;;32:48;1;6;0;0;2;4;1;2;3;5;3;2;3;6;4;
DJ Stephens;;0:22;0;0;0;0;0;0;0;0;0;0;0;0;0;0;0;
CHI
Mike Dunleavy;F;31:36;5;8;2;4;0;0;1;3;4;2;1;2;1;2;12;
Carlos Boozer;F;24:00;6;16;0;0;2;2;3;8;11;5;1;1;1;2;14;
Joakim Noah;C;37:46;2;14;0;0;7;9;6;7;13;4;2;0;5;3;11;
Jimmy Butler;G;40:56;5;11;1;6;6;9;2;4;6;5;1;1;1;2;17;
Kirk Hinrich;G;31:48;4;12;2;5;7;10;1;1;2;1;3;0;1;4;17;
D.J. Augustin;;30:58;3;8;2;5;6;6;1;1;2;6;1;0;1;3;14;
Taj Gibson;;28:31;4;9;0;0;5;6;2;2;4;0;2;1;0;5;13;
Nazr Mohammed;;5:21;1;1;0;0;0;0;0;1;1;1;0;0;1;2;2;
Tony Snell;;8:20;1;5;0;2;0;0;0;1;1;0;1;0;0;1;2;
Jimmer Fredette;;0:22;0;0;0;0;0;0;0;0;0;0;0;0;0;0;0;
Tornike Shengelia;;0:22;0;0;0;0;0;0;0;0;0;0;1;0;0;0;0;
