02-21;NYK-ORL;121-129;
30-31;30-22;26-26;20-27;7-7;8-16;
NYK
J.R. Smith;F;43:42;4;12;2;5;0;0;0;5;5;4;2;0;1;1;10;
Carmelo Anthony;F;45:19;14;24;4;7;4;5;2;9;11;4;1;0;2;3;36;
Tyson Chandler;C;37:05;5;8;0;0;4;8;1;9;10;3;2;1;1;1;14;
Raymond Felton;G;39:52;7;13;1;5;0;0;0;4;4;8;1;2;2;3;15;
Pablo Prigioni;G;24:40;3;4;3;4;0;0;1;1;2;4;0;0;2;1;9;
Tim Hardaway Jr.;;40:32;6;15;3;5;0;0;1;2;3;0;0;0;1;3;15;
Amar'e Stoudemire;;17:54;3;6;0;0;4;6;1;3;4;1;0;0;1;3;10;
Metta World Peace;;7:02;0;2;0;1;0;0;0;1;1;0;0;1;1;1;0;
Jeremy Tyler;;8:54;1;1;0;0;2;2;1;1;2;0;0;0;2;1;4;
ORL
Arron Afflalo;F;40:22;10;17;4;4;6;9;0;3;3;2;0;0;1;0;30;
Tobias Harris;F;35:41;7;11;0;0;4;4;1;6;7;1;1;0;2;4;18;
Nikola Vucevic;C;38:56;7;12;0;0;0;0;3;10;13;1;1;0;1;5;14;
Victor Oladipo;G;44:16;8;18;2;3;4;4;3;4;7;14;2;0;3;0;22;
Jameer Nelson;G;24:26;1;8;0;3;1;2;0;3;3;4;1;0;2;1;3;
Kyle O'Quinn;;14:56;2;2;0;0;0;0;0;2;2;1;0;1;0;3;4;
E'Twaun Moore;;28:34;4;10;1;2;1;1;0;1;1;2;0;0;0;0;10;
Andrew Nicholson;;11:46;0;2;0;1;0;0;0;1;1;0;0;0;2;2;0;
Maurice Harkless;;23:13;4;9;2;3;0;0;0;5;5;0;2;0;0;1;10;
Doron Lamb;;2:50;1;1;0;0;0;0;0;0;0;0;0;0;0;0;2;
