03-21;NYK-PHI;93-92;
21-24;20-12;31-29;21-27;
NYK
Carmelo Anthony;F;35:01;5;16;2;5;9;12;0;8;8;5;1;1;1;2;21;
Amar'e Stoudemire;F;27:57;10;15;0;0;2;2;2;8;10;1;0;0;0;3;22;
Tyson Chandler;C;30:53;7;10;0;1;3;4;4;6;10;2;1;1;1;1;17;
J.R. Smith;G;25:05;2;10;2;9;0;0;1;2;3;2;1;0;3;2;6;
Raymond Felton;G;26:39;2;8;0;2;3;4;0;3;3;6;0;0;1;0;7;
Iman Shumpert;;26:41;4;7;3;6;0;0;0;0;0;2;1;0;0;3;11;
Tim Hardaway Jr.;;27:21;3;11;0;5;0;1;0;1;1;2;2;0;0;3;6;
Cole Aldrich;;11:31;1;2;0;0;0;0;1;5;6;0;0;0;1;1;2;
Pablo Prigioni;;17:50;0;1;0;1;0;0;1;3;4;9;0;0;1;1;0;
Jeremy Tyler;;3:47;0;2;0;0;0;0;0;0;0;0;0;0;0;1;0;
Shannon Brown;;3:47;0;0;0;0;0;0;0;1;1;0;0;0;2;0;0;
Toure Murry;;3:32;0;0;0;0;1;2;0;1;1;0;0;0;1;0;1;
PHI
James Anderson;F;34:44;3;14;1;10;1;3;2;4;6;1;2;0;2;2;8;
Thaddeus Young;F;40:16;6;21;3;9;6;6;3;4;7;2;4;0;0;4;21;
Henry Sims;C;29:12;6;10;0;0;4;4;8;5;13;2;0;0;1;4;16;
Tony Wroten;G;32:46;4;9;2;6;2;6;1;2;3;4;0;0;1;1;12;
Michael Carter-Williams;G;39:25;10;21;2;6;0;0;4;9;13;9;2;1;2;4;22;
Jarvis Varnado;;16:48;1;1;0;0;1;2;0;3;3;0;0;0;0;3;3;
Elliot Williams;;14:03;1;2;0;1;0;0;1;1;2;1;0;0;2;2;2;
Hollis Thompson;;11:37;1;4;0;2;0;0;0;1;1;0;0;0;1;0;2;
Byron Mullens;;10:11;1;5;1;4;0;0;0;3;3;0;0;0;1;1;3;
James Nunnally;;10:38;1;4;1;3;0;0;0;2;2;1;0;0;0;1;3;
Darius Johnson-Odom;;0:20;0;0;0;0;0;0;0;0;0;0;0;0;0;0;0;
