01-18;MIA-CHA;104-96;
27-29;26-31;22-16;15-14;14-6;
MIA
LeBron James;F;44:52;13;25;0;3;8;10;2;6;8;6;1;0;2;4;34;
Shane Battier;F;19:22;0;0;0;0;0;0;1;2;3;1;0;1;0;2;0;
Chris Bosh;C;37:13;10;16;3;6;2;3;2;5;7;0;0;0;3;3;25;
Ray Allen;G;40:16;5;11;1;5;1;1;0;9;9;1;0;0;1;1;12;
Mario Chalmers;G;38:11;3;8;0;1;3;4;0;2;2;5;3;1;5;3;9;
Norris Cole;;20:38;1;6;1;2;0;0;0;2;2;1;1;0;0;3;3;
Udonis Haslem;;30:48;2;6;0;0;2;5;3;7;10;1;0;3;0;1;6;
Rashard Lewis;;15:27;3;5;1;3;0;0;0;0;0;0;0;0;0;0;7;
Michael Beasley;;6:27;1;1;1;1;2;4;0;2;2;1;0;0;0;1;5;
Roger Mason Jr.;;6:55;1;1;0;0;0;0;0;0;0;0;0;0;0;2;2;
Greg Oden;;4:51;0;0;0;0;1;2;0;0;0;0;0;0;1;3;1;
CHA
Michael Kidd-Gilchrist;F;16:27;2;3;1;1;0;0;3;2;5;1;0;1;1;4;5;
Josh McRoberts;F;38:13;3;6;2;4;2;2;0;2;2;6;1;0;1;4;10;
Al Jefferson;C;43:16;10;23;0;0;2;6;0;14;14;3;1;1;1;4;22;
Gerald Henderson;G;40:11;4;11;0;0;3;3;0;3;3;5;1;1;2;5;11;
Kemba Walker;G;22:10;1;7;0;3;4;5;0;1;1;8;2;1;1;1;6;
Cody Zeller;;14:47;2;4;0;0;1;1;0;1;1;2;0;0;1;2;5;
Ramon Sessions;;37:34;6;10;0;2;4;4;0;3;3;5;0;0;5;1;16;
Anthony Tolliver;;36:33;4;7;3;6;0;0;0;2;2;1;1;1;1;0;11;
Bismack Biyombo;;9:44;3;3;0;0;1;2;1;2;3;0;0;1;0;1;7;
Chris Douglas-Roberts;;6:05;1;1;1;1;0;0;0;0;0;0;0;0;0;1;3;
