11-06;PHX-SAS;96-99;
21-29;32-22;20-22;23-26;
PHX
Gerald Green;F;35:25;6;13;3;8;0;0;0;2;2;1;0;1;5;3;15;
Miles Plumlee;F;28:19;7;12;0;0;1;2;2;4;6;1;1;2;1;3;15;
Channing Frye;C;19:47;1;4;1;2;0;0;0;4;4;0;0;0;0;1;3;
PJ Tucker;G;28:34;1;7;1;2;0;0;1;3;4;2;2;2;3;1;3;
Eric Bledsoe;G;30:28;6;12;1;3;1;3;1;1;2;5;0;0;0;0;14;
Marcus Morris;;25:29;5;11;1;2;0;0;1;5;6;2;1;0;2;2;11;
Markieff Morris;;30:25;11;13;0;1;1;2;0;12;12;1;1;0;3;4;23;
Ish Smith;;17:32;2;6;0;1;2;2;0;2;2;1;0;0;0;2;6;
Dionte Christmas;;14:50;1;2;0;0;0;0;0;4;4;0;1;0;1;0;2;
Archie Goodwin;;9:11;2;5;0;0;0;0;0;1;1;1;1;0;3;1;4;
SAS
Kawhi Leonard;F;27:15;4;9;0;2;0;0;1;5;6;1;1;0;3;3;8;
Tim Duncan;F;28:27;7;12;0;0;3;4;1;4;5;5;0;1;2;1;17;
Boris Diaw;C;26:42;5;14;0;2;1;2;2;3;5;3;0;1;1;0;11;
Danny Green;G;35:45;8;11;3;6;0;0;0;5;5;2;2;4;2;2;19;
Tony Parker;G;30:51;9;15;1;1;1;1;0;1;1;6;0;0;1;1;20;
Patty Mills;;17:09;1;5;0;0;0;0;0;1;1;3;0;0;0;3;2;
Manu Ginobili;;26:41;4;11;1;4;0;0;1;4;5;3;2;0;1;3;9;
Marco Belinelli;;31:28;1;6;1;1;1;2;0;4;4;0;0;1;1;2;4;
Tiago Splitter;;10:43;2;2;0;0;5;6;1;6;7;0;0;0;1;1;9;
Jeff Ayres;;2:41;0;0;0;0;0;0;0;0;0;1;0;0;2;1;0;
Cory Joseph;;2:18;0;0;0;0;0;0;0;0;0;1;0;0;0;0;0;
