12-11;LAC-BOS;96-88;
20-23;19-22;27-19;30-24;
LAC
Jared Dudley;F;36:57;3;9;1;3;2;2;2;4;6;2;1;1;0;1;9;
Blake Griffin;F;41:32;7;16;0;1;4;4;1;6;7;4;1;0;4;3;18;
DeAndre Jordan;C;31:44;2;3;0;0;1;6;1;5;6;0;1;1;0;4;5;
Willie Green;G;19:08;3;6;2;3;0;0;0;1;1;0;0;1;0;2;8;
Chris Paul;G;36:28;8;16;0;2;6;8;1;6;7;9;2;0;3;0;22;
Jamal Crawford;;27:24;7;14;2;2;5;6;0;3;3;3;1;2;2;1;21;
Stephen Jackson;;12:18;0;3;0;3;0;0;0;0;0;0;0;0;0;0;0;
Darren Collison;;22:34;3;7;0;1;4;6;2;3;5;2;2;0;2;5;10;
Antawn Jamison;;8:42;1;2;1;2;0;2;1;0;1;0;0;1;2;0;3;
Ryan Hollins;;3:14;0;0;0;0;0;0;0;1;1;0;1;0;0;1;0;
BOS
Jeff Green;F;44:04;10;23;3;7;6;6;0;4;4;1;0;1;1;2;29;
Brandon Bass;F;41:25;6;12;0;0;5;7;1;11;12;1;2;2;1;2;17;
Jared Sullinger;C;31:25;5;13;0;3;0;0;4;5;9;1;0;0;1;5;10;
Avery Bradley;G;33:18;3;8;2;2;0;0;0;3;3;2;1;1;2;3;8;
Jordan Crawford;G;39:04;7;17;1;4;5;6;1;4;5;9;1;0;3;3;20;
Vitor Faverani;;5:17;0;1;0;0;0;0;0;0;0;0;0;0;0;0;0;
Courtney Lee;;14:42;0;2;0;0;0;0;1;1;2;2;0;1;2;6;0;
Gerald Wallace;;17:38;1;2;0;1;0;0;1;2;3;1;0;0;2;1;2;
Phil Pressey;;8:56;0;1;0;0;0;0;0;1;1;2;1;0;1;0;0;
MarShon Brooks;;4:11;1;1;0;0;0;0;0;1;1;1;0;0;3;1;2;
