03-08;ORL-SAS;112-121;
27-31;34-28;22-29;29-33;
ORL
Maurice Harkless;F;35:52;4;14;1;4;3;4;4;6;10;2;2;1;0;3;12;
Kyle O'Quinn;F;17:42;4;8;0;0;1;2;2;3;5;1;1;1;0;1;9;
Nikola Vucevic;C;29:57;8;16;0;0;3;4;3;10;13;3;1;0;2;4;19;
Arron Afflalo;G;34:56;7;18;2;3;1;1;1;2;3;4;0;0;3;3;17;
Jameer Nelson;G;29:29;3;10;1;6;2;2;0;1;1;5;0;0;2;2;9;
Tobias Harris;;32:09;11;16;0;0;1;2;1;7;8;0;2;2;0;1;23;
Ronnie Price;;17:02;1;2;0;1;0;0;0;0;0;2;1;0;0;3;2;
Andrew Nicholson;;9:39;3;4;0;0;0;0;0;0;0;0;0;0;2;5;6;
E'Twaun Moore;;16:34;3;4;2;3;0;0;0;4;4;4;0;0;0;2;8;
Doron Lamb;;13:42;1;3;1;1;2;2;1;0;1;3;1;0;0;1;5;
Adonis Thomas;;1:29;0;0;0;0;0;0;0;0;0;0;0;0;0;0;0;
Dewayne Dedmon;;1:29;1;1;0;0;0;0;0;0;0;0;0;0;0;1;2;
SAS
Kawhi Leonard;F;37:53;5;6;1;2;6;7;0;7;7;4;2;2;3;1;17;
Tim Duncan;F;28:35;4;13;0;0;3;5;1;9;10;2;1;3;1;2;11;
Tiago Splitter;C;18:00;5;9;0;0;4;5;3;3;6;1;0;1;2;2;14;
Danny Green;G;31:36;4;4;4;4;0;0;1;5;6;4;0;2;2;0;12;
Tony Parker;G;34:00;11;19;1;2;7;8;0;1;1;5;0;0;2;3;30;
Manu Ginobili;;27:13;10;17;2;7;2;3;1;2;3;5;1;0;1;1;24;
Boris Diaw;;21:46;3;5;0;1;2;5;2;6;8;2;0;0;0;2;8;
Marco Belinelli;;18:30;0;2;0;1;0;0;0;3;3;2;0;0;0;0;0;
Aron Baynes;;4:40;0;0;0;0;2;2;0;0;0;1;0;0;1;1;2;
Patty Mills;;14:33;1;6;1;3;0;0;0;0;0;0;0;0;1;2;3;
Cory Joseph;;1:37;0;0;0;0;0;0;0;0;0;0;0;0;0;1;0;
Matt Bonner;;1:37;0;0;0;0;0;0;0;0;0;0;0;0;0;0;0;
