04-04;WAS-NYK;90-89;
27-21;12-22;25-24;26-22;
WAS
Trevor Ariza;F;35:42;3;9;1;5;3;5;1;3;4;1;0;0;1;3;10;
Trevor Booker;F;29:28;2;4;0;0;0;0;2;4;6;2;1;0;0;2;4;
Marcin Gortat;C;33:00;6;10;0;0;1;3;3;7;10;2;0;0;1;2;13;
Bradley Beal;G;39:10;12;22;1;8;3;5;2;3;5;0;2;0;1;0;28;
John Wall;G;34:13;8;14;1;2;2;2;0;4;4;9;1;0;7;3;19;
Martell Webster;;31:31;2;6;2;4;0;0;0;3;3;0;3;0;1;2;6;
Andre Miller;;15:17;3;7;0;0;0;0;1;3;4;3;0;0;1;1;6;
Drew Gooden;;14:60;2;4;0;0;0;0;3;2;5;1;0;0;2;2;4;
Al Harrington;;6:38;0;2;0;0;0;0;0;0;0;0;0;0;1;0;0;
NYK
Carmelo Anthony;F;38:22;5;14;0;4;0;0;1;7;8;5;4;0;9;3;10;
Amar'e Stoudemire;F;29:42;6;9;0;0;4;4;0;4;4;0;0;1;1;1;16;
Tyson Chandler;C;30:38;3;7;0;0;0;0;2;6;8;0;1;0;0;0;6;
Raymond Felton;G;27:51;2;8;2;2;3;4;1;4;5;7;1;0;0;3;9;
J.R. Smith;G;43:27;12;23;8;16;0;0;1;2;3;1;0;0;2;3;32;
Iman Shumpert;;28:32;2;5;1;2;0;0;3;1;4;2;3;0;1;2;5;
Tim Hardaway Jr.;;21:18;2;6;1;3;0;0;0;0;0;1;0;0;1;1;5;
Pablo Prigioni;;20:09;2;4;2;4;0;0;0;2;2;7;0;0;2;1;6;
