04-09;CHI-MIN;102-87;
26-25;22-28;27-17;27-17;
CHI
Mike Dunleavy;F;38:29;4;7;2;4;5;5;1;4;5;3;0;1;0;2;15;
Carlos Boozer;F;23:54;3;13;0;0;0;0;1;3;4;0;1;0;4;5;6;
Joakim Noah;C;40:38;7;13;0;0;1;2;5;8;13;10;1;2;3;4;15;
Jimmy Butler;G;46:00;5;11;3;6;1;2;1;4;5;7;0;0;0;1;14;
Kirk Hinrich;G;25:57;7;9;2;4;0;0;0;3;3;4;0;2;1;1;16;
D.J. Augustin;;29:35;8;14;4;7;1;1;0;2;2;2;1;0;5;3;21;
Taj Gibson;;27:06;6;14;0;0;1;2;1;4;5;2;1;3;0;2;13;
Nazr Mohammed;;4:22;1;1;0;0;0;0;0;0;0;1;0;0;0;0;2;
Tony Snell;;3:59;0;0;0;0;0;0;0;0;0;0;0;0;0;0;0;
MIN
Robbie Hummel;F;31:37;3;6;0;1;1;1;2;3;5;0;0;0;0;1;7;
Kevin Love;F;32:36;7;20;2;8;1;1;1;9;10;3;0;1;3;2;17;
Gorgui Dieng;C;31:22;3;8;0;0;3;3;4;4;8;0;0;3;2;3;9;
Corey Brewer;G;32:19;4;9;0;2;1;2;0;1;1;1;4;0;2;3;9;
Ricky Rubio;G;32:28;5;14;1;2;4;4;0;1;1;6;0;0;0;1;15;
Luc Mbah a Moute;;20:37;1;1;0;0;0;0;0;3;3;0;0;0;0;0;2;
Dante Cunningham;;15:24;3;7;0;0;0;0;1;1;2;1;1;0;1;0;6;
Ronny Turiaf;;16:38;5;7;0;0;1;1;2;3;5;0;0;1;0;1;11;
Othyus Jeffers;;11:27;0;1;0;1;2;2;0;3;3;0;0;0;1;1;2;
Alexey Shved;;15:32;3;7;1;3;2;2;1;1;2;5;0;0;3;2;9;
