12-28;MIA-POR;108-107;
30-34;28-28;25-26;25-19;
MIA
Michael Beasley;F;26:15;5;10;1;2;1;1;0;6;6;0;0;0;3;1;12;
Shane Battier;F;16:10;0;0;0;0;0;0;1;1;2;1;1;0;0;1;0;
Chris Bosh;C;38:54;15;26;3;3;4;4;4;6;10;1;2;0;2;4;37;
Dwyane Wade;G;33:48;8;20;0;0;0;1;1;3;4;7;1;1;3;2;16;
Mario Chalmers;G;35:39;3;6;0;0;3;3;0;9;9;9;1;0;2;2;9;
Ray Allen;;25:55;4;11;1;6;0;0;0;2;2;2;3;0;1;1;9;
Rashard Lewis;;16:35;4;5;2;2;0;0;0;0;0;0;2;0;0;1;10;
Norris Cole;;26:35;5;7;1;1;0;0;0;0;0;3;1;0;0;0;11;
Udonis Haslem;;20:09;1;3;0;0;2;2;1;2;3;1;2;0;1;1;4;
Joel Anthony;;0:01;0;0;0;0;0;0;0;0;0;0;0;0;0;0;0;
POR
Nicolas Batum;F;36:17;2;6;1;4;6;7;0;6;6;9;1;3;1;0;11;
LaMarcus Aldridge;F;36:52;9;20;0;0;4;4;1;6;7;4;0;1;2;2;22;
Robin Lopez;C;32:44;7;10;0;0;3;4;1;4;5;0;0;1;3;3;17;
Wesley Matthews;G;33:36;9;14;5;8;0;0;1;2;3;1;2;0;1;0;23;
Damian Lillard;G;35:17;5;9;4;7;2;2;0;1;1;7;1;0;4;0;16;
Mo Williams;;26:06;1;5;1;4;2;2;0;1;1;9;2;0;5;2;5;
Joel Freeland;;14:44;2;4;0;0;1;2;3;9;12;1;0;0;0;2;5;
Dorell Wright;;13:16;1;4;0;2;0;0;0;1;1;1;0;1;0;2;2;
Meyers Leonard;;11:08;3;5;0;1;0;0;1;4;5;0;0;0;1;1;6;
