11-16;DEN-HOU;111-122;
23-33;23-30;29-27;36-32;
DEN
Jordan Hamilton;F;14:26;4;8;0;3;0;0;1;0;1;0;1;0;1;3;8;
Kenneth Faried;F;25:20;4;11;0;0;0;0;5;5;10;1;1;0;1;4;8;
JJ Hickson;C;27:27;7;12;0;0;0;1;5;3;8;1;1;1;0;4;14;
Randy Foye;G;25:15;2;12;2;7;2;2;0;0;0;0;1;1;1;4;8;
Ty Lawson;G;39:22;11;19;2;4;4;6;0;2;2;17;2;1;5;3;28;
Wilson Chandler;;28:34;5;10;2;6;2;2;0;3;3;1;0;0;0;2;14;
Timofey Mozgov;;16:33;3;6;0;0;3;4;6;4;10;0;0;1;0;2;9;
Darrell Arthur;;13:08;3;5;0;0;0;0;0;3;3;0;0;0;2;2;6;
Evan Fournier;;21:23;4;10;1;3;1;2;1;1;2;0;0;2;1;6;10;
Andre Miller;;15:33;0;3;0;0;0;0;0;2;2;1;1;0;2;2;0;
Nate Robinson;;11:53;1;2;0;0;1;1;0;2;2;1;1;1;0;1;3;
Quincy Miller;;1:06;1;1;1;1;0;0;0;0;0;0;0;0;0;0;3;
HOU
Chandler Parsons;F;34:04;8;13;1;2;3;3;2;4;6;3;1;0;3;0;20;
Terrence Jones;F;31:45;6;11;1;2;1;4;4;8;12;2;1;3;3;2;14;
Dwight Howard;C;28:34;4;6;0;0;17;24;0;7;7;1;0;1;4;5;25;
James Harden;G;35:41;5;16;2;6;5;5;2;3;5;9;1;1;3;5;17;
Patrick Beverley;G;27:02;4;7;3;4;0;0;2;3;5;2;0;1;0;2;11;
Jeremy Lin;;32:23;6;11;0;2;4;6;0;4;4;7;1;1;1;3;16;
Omri Casspi;;18:23;3;9;1;3;0;0;0;4;4;0;1;1;1;1;7;
Donatas Motiejunas;;16:12;5;6;1;1;1;2;2;1;3;1;1;1;0;5;12;
Francisco Garcia;;13:56;0;2;0;1;0;0;0;1;1;2;0;0;1;0;0;
Ronnie Brewer;;0:60;0;0;0;0;0;0;0;0;0;0;0;0;0;0;0;
Aaron Brooks;;0:60;0;0;0;0;0;0;0;0;0;0;0;0;0;0;0;
