01-19;MIL-SAS;82-110;
16-29;22-24;22-31;22-26;
MIL
Giannis Antetokounmpo;F;30:05;4;10;3;6;0;0;1;3;4;1;0;0;2;2;11;
Ersan Ilyasova;F;19:28;1;6;0;1;0;0;0;3;3;1;0;0;0;2;2;
Larry Sanders;C;20:36;4;8;0;0;2;4;3;4;7;0;4;1;0;2;10;
Luke Ridnour;G;11:02;1;5;0;0;0;0;0;0;0;3;0;0;0;1;2;
Brandon Knight;G;32:16;8;16;2;4;3;3;0;1;1;3;0;0;3;1;21;
O.J. Mayo;;19:02;0;4;0;2;0;0;0;1;1;2;0;2;1;0;0;
Khris Middleton;;26:27;4;7;0;2;0;2;0;0;0;2;4;0;0;1;8;
John Henson;;23:48;5;11;0;0;0;1;3;8;11;1;1;2;0;5;10;
Miroslav Raduljica;;7:06;1;3;0;0;0;0;1;2;3;0;0;0;1;2;2;
Ekpe Udoh;;20:18;1;3;0;0;2;2;0;4;4;0;1;0;0;1;4;
Gary Neal;;17:52;1;8;1;5;0;0;1;1;2;3;0;0;1;1;3;
Nate Wolters;;12:00;3;7;0;1;3;5;1;0;1;3;0;1;0;0;9;
SAS
Kawhi Leonard;F;20:58;5;9;0;1;1;1;0;5;5;1;0;1;1;1;11;
Tim Duncan;F;27:45;4;7;0;0;3;7;1;12;13;2;0;3;0;1;11;
Boris Diaw;C;20:50;2;3;0;0;0;1;1;0;1;3;0;0;4;2;4;
Marco Belinelli;G;25:43;5;8;2;3;2;2;0;3;3;3;0;0;0;1;14;
Cory Joseph;G;26:01;4;8;2;3;2;2;1;3;4;3;0;0;1;2;12;
Patty Mills;;26:43;8;12;4;6;0;0;0;2;2;7;3;0;1;2;20;
Manu Ginobili;;22:09;0;3;0;1;1;2;0;2;2;7;1;0;3;2;1;
Jeff Ayres;;14:43;5;6;0;0;3;3;2;4;6;0;0;0;1;2;13;
Aron Baynes;;15:19;4;6;0;0;1;1;1;5;6;0;0;1;2;1;9;
Nando De Colo;;25:09;5;10;3;4;0;0;0;4;4;2;2;1;1;2;13;
Malcolm Thomas;;14:40;1;4;0;0;0;2;1;8;9;0;0;2;1;0;2;
