02-26;ATL-BOS;104-115;
27-25;29-33;23-23;25-34;
ATL
Kyle Korver;F;31:17;6;9;4;5;1;1;0;2;2;1;1;0;1;4;17;
DeMarre Carroll;F;37:07;8;11;3;5;5;6;3;4;7;0;1;1;2;3;24;
Elton Brand;C;34:19;5;9;0;0;0;0;3;4;7;5;1;5;3;5;10;
Shelvin Mack;G;30:33;1;5;1;2;3;4;0;3;3;8;0;0;4;2;6;
Jeff Teague;G;32:30;10;18;0;1;6;7;0;3;3;3;2;0;3;2;26;
Lou Williams;;32:22;5;13;1;3;2;4;0;3;3;4;0;0;1;1;13;
Mike Scott;;17:11;0;6;0;2;0;0;0;1;1;1;0;0;1;3;0;
Dennis Schroder;;17:18;2;3;0;0;0;0;0;3;3;1;1;0;2;2;4;
Cartier Martin;;6:53;1;2;0;1;2;2;0;0;0;0;0;0;1;3;4;
Dexter Pittman;;0:30;0;0;0;0;0;0;0;0;0;0;0;0;0;0;0;
BOS
Jeff Green;F;40:05;7;15;1;4;2;2;1;7;8;0;1;0;3;3;17;
Brandon Bass;F;27:08;5;11;0;0;4;4;2;6;8;1;1;1;3;2;14;
Kris Humphries;C;16:57;4;8;0;0;2;2;2;3;5;0;1;0;0;2;10;
Jerryd Bayless;G;35:34;12;21;5;8;0;0;1;1;2;2;1;0;2;5;29;
Rajon Rondo;G;35:36;8;14;1;4;5;6;0;0;0;11;3;0;3;4;22;
Gerald Wallace;;32:43;4;8;0;0;4;5;3;7;10;4;0;0;2;3;12;
Chris Johnson;;25:27;1;7;1;5;2;2;3;4;7;2;1;0;1;3;5;
Joel Anthony;;8:09;2;3;0;0;0;0;1;1;2;0;1;0;0;1;4;
Phil Pressey;;18:21;0;3;0;1;2;2;1;3;4;4;1;0;0;1;2;
