03-31;MIL-DET;111-116;
30-34;31-18;21-29;29-35;
MIL
Khris Middleton;F;31:46;6;16;2;7;0;0;0;1;1;1;2;1;2;3;14;
Jeff Adrien;F;26:52;7;13;0;0;2;2;4;4;8;1;0;0;1;2;16;
Zaza Pachulia;C;34:54;6;13;0;0;0;0;7;6;13;6;0;3;3;2;12;
Ramon Sessions;G;43:40;5;10;1;4;9;11;2;3;5;11;1;0;3;3;20;
Brandon Knight;G;38:06;7;21;0;4;11;14;3;6;9;7;0;0;0;3;25;
Giannis Antetokounmpo;;30:28;4;6;2;2;4;5;0;5;5;2;1;1;1;0;14;
John Henson;;17:23;3;8;0;0;1;2;1;4;5;0;1;0;2;4;7;
Ekpe Udoh;;16:51;1;1;0;0;1;2;1;3;4;0;0;0;1;3;3;
DET
Josh Smith;F;29:35;11;19;2;4;2;3;0;1;1;3;1;1;3;4;26;
Greg Monroe;F;39:30;12;21;0;0;4;6;4;10;14;1;0;2;1;1;28;
Andre Drummond;C;28:13;5;9;0;0;0;0;8;8;16;0;2;0;2;4;10;
Kyle Singler;G;28:25;5;10;2;5;2;2;3;2;5;2;0;1;2;3;14;
Brandon Jennings;G;38:26;7;17;5;9;1;3;1;2;3;13;1;0;1;5;20;
Rodney Stuckey;;20:15;2;5;0;0;0;1;0;0;0;0;0;0;2;1;4;
Jonas Jerebko;;11:21;0;4;0;1;0;0;3;4;7;1;0;0;0;3;0;
Kentavious Caldwell-Pope;;13:27;1;4;0;1;0;0;0;1;1;0;0;0;0;1;2;
Will Bynum;;23:17;3;6;0;1;6;6;0;2;2;8;1;0;0;3;12;
Charlie Villanueva;;7:32;0;2;0;2;0;0;0;1;1;0;0;1;0;1;0;
