12-01;DEN-TOR;112-98;
25-31;22-14;29-27;36-26;
DEN
Wilson Chandler;F;30:22;2;6;1;3;0;0;0;2;2;3;2;0;0;3;5;
Kenneth Faried;F;20:04;5;10;0;0;2;2;6;6;12;3;0;0;2;2;12;
JJ Hickson;C;17:29;1;2;0;0;1;2;0;2;2;0;0;2;2;2;3;
Randy Foye;G;18:58;1;7;0;4;2;2;0;1;1;1;1;0;2;3;4;
Ty Lawson;G;29:03;6;13;1;3;3;4;0;4;4;6;1;0;5;2;16;
Timofey Mozgov;;31:15;6;12;0;0;4;6;7;8;15;1;2;2;2;1;16;
Darrell Arthur;;22:38;7;7;0;0;0;0;0;3;3;2;3;1;0;1;14;
Nate Robinson;;23:31;9;14;5;8;0;1;1;0;1;5;0;0;1;4;23;
Andre Miller;;23:06;4;7;1;1;0;0;0;4;4;7;1;0;0;2;9;
Jordan Hamilton;;17:38;3;8;2;4;2;2;0;3;3;1;0;1;1;2;10;
Evan Fournier;;5:56;0;1;0;0;0;0;0;0;0;0;0;0;0;0;0;
TOR
Rudy Gay;F;38:18;10;23;0;2;3;4;2;7;9;3;3;2;2;1;23;
Tyler Hansbrough;F;34:02;2;4;0;0;3;4;2;3;5;1;0;0;1;4;7;
Jonas Valanciunas;C;36:42;8;16;0;0;2;4;8;3;11;0;0;3;1;4;18;
DeMar DeRozan;G;35:27;5;14;1;3;6;8;1;6;7;4;1;1;3;3;17;
Kyle Lowry;G;38:40;5;15;3;9;4;4;0;3;3;7;2;0;5;3;17;
Amir Johnson;;14:26;0;1;0;0;0;0;0;3;3;0;0;0;1;3;0;
Terrence Ross;;21:26;3;8;2;4;2;2;1;0;1;0;0;0;0;2;10;
Steve Novak;;11:39;2;4;2;3;0;0;0;1;1;1;1;0;0;0;6;
Julyan Stone;;9:20;0;2;0;1;0;0;0;2;2;2;1;0;0;0;0;
