04-05;CHI-WAS;96-78;
28-16;24-10;24-35;20-17;
CHI
Mike Dunleavy;F;32:17;3;8;0;3;2;2;0;7;7;2;1;0;3;3;8;
Carlos Boozer;F;24:00;6;12;0;0;4;4;1;3;4;1;2;0;2;2;16;
Joakim Noah;C;36:14;9;13;0;0;3;3;4;8;12;3;0;1;1;3;21;
Jimmy Butler;G;41:40;1;9;0;4;1;2;2;4;6;9;0;0;2;1;3;
Kirk Hinrich;G;28:07;4;6;3;4;0;0;0;2;2;5;1;0;0;1;11;
Taj Gibson;;27:24;3;8;0;0;3;4;4;3;7;0;0;2;1;1;9;
D.J. Augustin;;29:58;8;19;6;11;3;4;0;4;4;4;2;0;0;0;25;
Nazr Mohammed;;6:32;0;0;0;0;0;0;0;1;1;0;0;1;1;2;0;
Tony Snell;;8:42;0;1;0;1;1;2;0;2;2;0;1;0;0;1;1;
Jimmer Fredette;;3:16;0;1;0;0;0;0;0;0;0;0;0;0;0;0;0;
Tornike Shengelia;;1:50;1;2;0;0;0;0;0;0;0;0;0;0;0;0;2;
WAS
Trevor Ariza;F;29:42;1;9;0;3;0;0;3;4;7;0;2;1;1;1;2;
Trevor Booker;F;26:37;3;9;0;0;0;0;1;4;5;1;0;2;1;2;6;
Marcin Gortat;C;35:55;8;11;0;0;3;4;2;6;8;0;0;0;4;3;19;
Bradley Beal;G;38:24;7;16;0;3;0;2;2;1;3;5;2;0;1;2;14;
John Wall;G;36:09;8;17;2;4;2;3;0;3;3;6;0;0;1;3;20;
Drew Gooden;;21:39;2;5;0;1;0;0;1;3;4;0;0;0;0;3;4;
Martell Webster;;17:15;1;4;0;2;0;0;1;2;3;1;1;0;1;3;2;
Otto Porter;;7:23;2;4;1;2;0;0;2;1;3;1;0;0;1;0;5;
Andre Miller;;8:35;0;3;0;0;0;0;0;0;0;0;0;0;1;0;0;
Al Harrington;;4:54;0;2;0;1;0;0;0;1;1;1;1;0;0;2;0;
Kevin Seraphin;;6:55;1;3;0;0;0;0;2;0;2;1;0;1;0;0;2;
Garrett Temple;;3:16;1;2;0;0;1;1;0;0;0;0;0;0;0;0;3;
Chris Singleton;;3:16;0;1;0;0;1;2;0;1;1;0;0;0;0;0;1;
