01-13;PHX-NYK;96-98;
21-28;22-24;25-23;24-17;4-6;
PHX
Channing Frye;F;40:35;3;12;2;7;2;4;0;5;5;0;1;0;0;4;10;
PJ Tucker;F;25:41;2;5;0;1;2;2;1;5;6;3;0;0;1;5;6;
Miles Plumlee;C;32:51;4;9;0;0;4;4;6;5;11;1;3;2;1;5;12;
Goran Dragic;G;47:54;9;22;4;8;6;6;4;4;8;4;1;1;3;2;28;
Gerald Green;G;42:10;2;16;0;7;0;0;1;8;9;3;1;0;2;3;4;
Marcus Morris;;24:17;4;9;1;4;3;4;0;2;2;0;0;0;1;3;12;
Markieff Morris;;9:04;1;5;0;0;0;0;2;0;2;1;0;0;1;0;2;
Leandro Barbosa;;30:10;8;15;0;3;5;6;1;2;3;2;0;0;1;2;21;
Ish Smith;;5:01;0;0;0;0;0;0;0;0;0;0;0;0;0;0;0;
Viacheslav Kravtsov;;0:06;0;0;0;0;1;2;0;0;0;0;0;0;0;0;1;
Archie Goodwin;;1:18;0;0;0;0;0;0;0;0;0;0;0;0;0;0;0;
Dionte Christmas;;5:54;0;0;0;0;0;0;2;1;3;0;0;0;0;1;0;
Alex Len;;None;0;0;0;0;0;0;0;0;0;0;0;0;0;0;0;
NYK
Carmelo Anthony;F;45:48;9;24;3;6;8;9;3;13;16;4;1;1;5;5;29;
Kenyon Martin;F;34:60;4;9;0;0;0;0;4;5;9;2;0;1;3;5;8;
Andrea Bargnani;C;33:28;3;8;0;2;4;4;1;6;7;1;0;1;2;3;10;
Raymond Felton;G;43:59;8;16;2;6;1;2;0;1;1;1;1;1;2;5;19;
Iman Shumpert;G;37:58;2;5;1;4;1;2;2;7;9;1;1;0;2;3;6;
Amar'e Stoudemire;;19:26;2;5;0;0;5;6;1;6;7;0;0;0;3;5;9;
Tim Hardaway Jr.;;15:11;1;1;1;1;2;2;0;1;1;0;0;0;0;2;5;
J.R. Smith;;25:11;5;11;0;1;0;2;0;2;2;2;0;1;0;2;10;
Toure Murry;;8:59;1;2;0;0;0;0;1;0;1;0;0;0;1;0;2;
