03-28;MIA-DET;110-78;
28-23;29-19;35-18;18-18;
MIA
LeBron James;F;29:46;7;13;1;3;2;2;2;8;10;12;1;0;1;0;17;
Chris Bosh;F;26:04;6;10;2;3;1;1;1;8;9;3;0;2;0;4;15;
Udonis Haslem;C;21:17;8;11;0;0;1;2;0;5;5;0;0;1;0;0;17;
James Jones;G;27:16;3;8;3;6;1;2;0;1;1;3;0;1;0;1;10;
Toney Douglas;G;29:47;3;7;0;0;3;4;3;2;5;5;1;0;0;3;9;
Norris Cole;;31:43;4;9;1;2;3;5;1;4;5;7;1;0;2;3;12;
Rashard Lewis;;18:40;4;6;1;2;0;0;0;1;1;1;1;0;1;0;9;
Chris Andersen;;21:59;4;6;0;0;5;6;1;5;6;0;1;0;1;1;13;
Shane Battier;;24:00;3;6;0;2;0;0;0;2;2;0;0;0;0;2;6;
Justin Hamilton;;4:44;0;1;0;1;0;0;1;0;1;0;1;0;1;0;0;
Michael Beasley;;4:44;1;2;0;0;0;0;1;1;2;0;0;0;2;0;2;
DET
Josh Smith;F;26:58;4;14;1;5;0;0;0;2;2;3;1;1;3;4;9;
Greg Monroe;F;29:14;5;14;0;0;2;4;4;4;8;1;0;2;1;3;12;
Andre Drummond;C;34:58;4;7;0;0;1;2;6;8;14;0;1;0;1;3;9;
Kyle Singler;G;25:24;4;9;0;4;3;3;1;0;1;2;0;0;1;2;11;
Brandon Jennings;G;28:16;2;8;0;4;4;6;0;0;0;7;1;0;1;1;8;
Rodney Stuckey;;23:07;4;7;0;1;0;0;0;1;1;1;0;0;1;0;8;
Jonas Jerebko;;23:50;3;7;0;2;0;0;0;6;6;2;0;0;0;3;6;
Will Bynum;;15:00;3;5;1;3;5;6;0;1;1;2;1;0;1;0;12;
Kentavious Caldwell-Pope;;19:01;1;4;1;3;0;0;0;1;1;1;0;1;1;5;3;
Peyton Siva;;4:44;0;2;0;2;0;0;0;1;1;1;1;0;1;0;0;
Gigi Datome;;4:44;0;2;0;0;0;0;1;0;1;0;0;0;0;0;0;
Tony Mitchell;;4:44;0;0;0;0;0;0;0;0;0;0;1;0;0;1;0;
