03-05;GSW-BOS;108-88;
30-22;31-18;23-14;24-34;
GSW
Andre Iguodala;F;22:56;5;9;1;1;0;0;1;3;4;1;1;0;1;2;11;
David Lee;F;24:44;9;17;0;0;0;0;5;5;10;3;2;0;1;3;18;
Andrew Bogut;C;23:46;2;4;0;0;0;0;4;4;8;4;1;4;1;4;4;
Klay Thompson;G;27:46;7;15;1;8;3;3;0;1;1;4;3;0;0;1;18;
Stephen Curry;G;21:51;6;10;1;4;1;1;0;3;3;4;1;0;0;3;14;
Jermaine O'Neal;;12:10;3;6;0;0;1;1;0;4;4;0;1;1;0;1;7;
Steve Blake;;27:01;2;6;0;4;0;0;0;2;2;6;0;0;0;1;4;
Harrison Barnes;;25:04;1;8;1;3;0;0;1;1;2;0;2;0;0;2;3;
Draymond Green;;23:16;3;7;0;2;1;2;1;4;5;4;2;1;3;4;7;
Jordan Crawford;;19:26;7;12;1;5;0;0;1;0;1;1;0;0;2;2;15;
Marreese Speights;;12:00;1;4;0;1;5;5;2;3;5;1;0;0;3;1;7;
BOS
Jeff Green;F;24:19;2;7;0;1;0;0;1;2;3;2;0;2;2;1;4;
Brandon Bass;F;23:32;4;5;0;0;3;3;3;5;8;1;0;0;1;0;11;
Kris Humphries;C;15:45;1;5;0;0;0;0;0;3;3;0;0;1;3;0;2;
Jerryd Bayless;G;22:11;3;8;0;1;4;5;1;2;3;0;0;0;1;2;10;
Rajon Rondo;G;37:11;6;14;1;5;1;4;0;5;5;7;1;1;7;3;14;
Jared Sullinger;;25:31;1;7;0;3;9;10;1;3;4;0;1;0;3;4;11;
Chris Johnson;;25:49;2;8;1;4;0;0;1;1;2;1;1;0;1;0;5;
Phil Pressey;;10:49;3;4;1;2;0;0;0;1;1;5;1;0;2;0;7;
Kelly Olynyk;;27:21;6;12;3;6;4;4;2;3;5;3;0;1;2;4;19;
Chris Babb;;23:41;2;5;1;4;0;0;1;4;5;0;0;0;0;0;5;
Joel Anthony;;3:51;0;1;0;0;0;0;1;0;1;0;0;0;0;2;0;
