10-30;MIL-NYK;83-90;
18-24;13-32;33-18;19-16;
MIL
Caron Butler;F;33:26;5;9;2;3;2;2;1;3;4;1;1;0;7;4;14;
Khris Middleton;F;19:15;1;4;0;1;0;0;0;0;0;1;0;0;3;3;2;
Larry Sanders;C;12:21;0;3;0;0;0;0;1;3;4;0;0;1;2;5;0;
Brandon Knight;G;1:45;0;0;0;0;0;0;0;1;1;0;0;0;1;0;0;
O.J. Mayo;G;35:57;6;12;0;3;1;1;0;5;5;3;1;0;2;1;13;
Nate Wolters;;29:41;3;12;1;4;2;2;1;0;1;4;1;1;2;2;9;
Ersan Ilyasova;;19:43;5;6;0;0;0;0;0;2;2;1;3;0;2;1;10;
Gary Neal;;31:49;6;16;2;5;2;2;0;2;2;5;0;0;0;0;16;
Zaza Pachulia;;33:53;6;10;0;0;1;1;2;9;11;3;2;0;2;4;13;
Giannis Antetokounmpo;;4:43;0;0;0;0;1;2;0;0;0;0;0;0;1;2;1;
John Henson;;17:27;2;2;0;0;1;2;0;1;1;1;2;2;1;0;5;
NYK
Carmelo Anthony;F;37:39;7;16;0;2;5;6;2;8;10;1;1;0;3;2;19;
Iman Shumpert;F;33:07;5;13;1;5;5;5;0;4;4;1;0;1;1;2;16;
Tyson Chandler;C;31:47;5;7;0;0;0;0;2;4;6;1;3;5;5;3;10;
Raymond Felton;G;34:18;7;12;0;1;4;4;1;0;1;3;3;0;3;2;18;
Pablo Prigioni;G;37:27;3;3;1;1;0;0;0;3;3;5;3;0;4;1;7;
Metta World Peace;;17:57;2;4;0;0;0;0;0;4;4;0;1;0;1;0;4;
Andrea Bargnani;;17:09;3;9;0;3;0;0;0;2;2;1;1;0;3;2;6;
Beno Udrih;;10:33;1;4;0;0;0;0;0;1;1;2;0;0;2;2;2;
Tim Hardaway Jr.;;15:05;2;2;1;1;0;0;0;0;0;2;0;0;0;2;5;
Kenyon Martin;;4:58;1;1;0;0;1;2;1;2;3;1;0;0;0;0;3;
