11-01;MIL-BOS;105-98;
16-29;31-34;24-20;34-15;
MIL
Ersan Ilyasova;F;22:55;2;7;1;3;0;0;0;4;4;1;2;1;1;3;5;
Caron Butler;F;27:00;2;8;2;4;2;2;2;4;6;1;1;0;0;1;8;
Larry Sanders;C;18:24;2;5;0;0;0;0;1;2;3;1;0;4;1;2;4;
O.J. Mayo;G;22:46;2;9;0;1;4;4;2;2;4;2;2;0;3;4;8;
Gary Neal;G;25:31;4;11;2;3;4;6;0;1;1;1;1;0;1;0;14;
Nate Wolters;;29:17;5;10;1;2;3;3;1;1;2;6;0;0;1;1;14;
Khris Middleton;;26:59;5;8;0;1;3;3;0;1;1;2;2;0;0;4;13;
John Henson;;25:05;6;11;0;0;2;4;5;4;9;0;0;1;0;2;14;
Zaza Pachulia;;29:36;5;10;0;0;10;10;6;3;9;4;2;1;0;4;20;
Giannis Antetokounmpo;;12:27;2;5;0;1;1;2;0;2;2;0;0;0;0;3;5;
BOS
Gerald Wallace;F;36:01;5;9;2;5;2;7;0;6;6;4;1;0;4;2;14;
Brandon Bass;F;34:40;6;11;0;0;5;6;3;5;8;2;0;1;0;3;17;
Vitor Faverani;C;37:07;4;6;0;1;4;6;6;12;18;1;1;6;3;4;12;
Jeff Green;G;38:10;4;13;1;3;4;7;4;5;9;1;0;0;4;3;13;
Avery Bradley;G;32:35;4;14;0;3;0;0;0;2;2;2;1;0;4;6;8;
Courtney Lee;;25:42;6;11;1;3;0;0;0;4;4;1;2;0;0;3;13;
Kelly Olynyk;;13:50;2;5;0;1;0;0;2;0;2;1;0;0;1;4;4;
Jordan Crawford;;11:32;1;1;0;0;5;5;0;0;0;1;0;0;0;0;7;
Jared Sullinger;;10:23;2;6;0;0;6;7;3;0;3;0;0;0;1;4;10;
