03-22;SAS-GSW;99-90;
32-22;18-25;26-22;23-21;
SAS
Kawhi Leonard;F;33:43;5;14;2;4;4;4;2;5;7;0;1;2;2;2;16;
Boris Diaw;F;31:40;2;14;0;4;1;2;0;3;3;5;1;0;0;1;5;
Tiago Splitter;C;35:29;6;10;0;0;5;8;1;13;14;3;1;1;1;4;17;
Danny Green;G;40:11;6;13;5;9;1;2;1;5;6;1;2;1;0;2;18;
Tony Parker;G;27:51;8;16;0;1;4;4;0;0;0;5;1;0;2;0;20;
Patty Mills;;20:09;1;9;1;5;1;1;1;0;1;5;4;0;1;2;4;
Marco Belinelli;;27:07;5;9;2;5;3;4;0;3;3;3;0;0;1;3;15;
Aron Baynes;;8:26;1;2;0;0;0;0;2;2;4;1;0;0;1;1;2;
Cory Joseph;;4:49;0;0;0;0;0;0;0;0;0;0;0;0;0;1;0;
Jeff Ayres;;6:59;1;1;0;0;0;0;2;0;2;0;0;1;3;2;2;
Austin Daye;;3:36;0;1;0;0;0;0;0;0;0;1;0;1;0;0;0;
GSW
Harrison Barnes;F;26:46;1;6;0;3;2;2;1;4;5;2;0;0;0;0;4;
David Lee;F;28:06;5;11;0;0;3;4;1;6;7;1;0;0;5;3;13;
Andrew Bogut;C;26:48;1;7;0;0;0;0;6;11;17;2;0;4;1;4;2;
Klay Thompson;G;37:09;7;16;1;3;1;2;0;2;2;3;1;0;3;3;16;
Stephen Curry;G;39:25;5;13;1;4;9;9;0;6;6;6;1;0;6;0;20;
Draymond Green;;21:42;3;5;0;1;2;2;0;6;6;1;2;2;0;3;8;
Steve Blake;;21:37;2;4;1;1;0;0;0;1;1;3;0;0;3;3;5;
Jermaine O'Neal;;17:53;3;6;0;0;3;4;3;4;7;1;0;2;0;3;9;
Jordan Crawford;;13:28;2;7;0;3;3;4;0;2;2;1;0;0;0;0;7;
Marreese Speights;;7:06;2;2;0;0;2;2;0;1;1;1;0;0;0;1;6;
