02-12;DEN-MIN;90-117;
19-31;22-30;23-28;26-28;
DEN
Darrell Arthur;F;10:59;0;4;0;0;0;0;0;1;1;1;0;0;0;5;0;
Kenneth Faried;F;19:03;2;6;0;0;2;2;1;1;2;1;2;2;2;3;6;
JJ Hickson;C;25:23;6;11;0;0;2;2;6;7;13;3;0;0;3;4;14;
Wilson Chandler;G;29:50;4;10;4;7;0;0;1;7;8;0;0;0;1;2;12;
Randy Foye;G;33:10;3;12;2;6;2;2;0;1;1;4;0;1;8;2;10;
Jordan Hamilton;;33:15;7;14;2;4;0;0;2;4;6;7;3;0;1;0;16;
Timofey Mozgov;;31:10;3;8;0;1;3;6;1;5;6;1;1;3;2;3;9;
Evan Fournier;;32:38;4;9;1;3;4;4;1;4;5;1;0;0;3;4;13;
Anthony Randolph;;14:43;4;8;0;2;1;2;0;2;2;1;1;0;0;2;9;
Quincy Miller;;9:49;0;2;0;1;1;2;1;0;1;0;0;1;1;0;1;
MIN
Corey Brewer;F;36:02;9;14;1;3;3;4;0;2;2;1;5;0;3;2;22;
Kevin Love;F;36:54;11;20;6;11;4;4;2;9;11;8;0;1;1;2;32;
Ronny Turiaf;C;28:54;1;6;0;0;1;3;1;10;11;3;0;4;1;1;3;
Chase Budinger;G;26:36;4;13;3;7;1;2;0;1;1;1;2;0;0;2;12;
Ricky Rubio;G;32:48;4;6;0;0;3;4;1;0;1;12;7;0;1;2;11;
Jose Juan Barea;;18:26;8;8;2;2;0;0;0;1;1;3;0;0;1;4;18;
Dante Cunningham;;16:03;3;7;0;0;0;0;2;3;5;1;0;0;0;2;6;
Alexey Shved;;6:50;0;1;0;1;0;0;0;0;0;0;0;0;0;1;0;
Luc Mbah a Moute;;9:32;1;1;0;0;0;0;0;1;1;0;0;0;1;0;2;
Gorgui Dieng;;7:57;0;0;0;0;2;4;0;4;4;1;0;0;1;1;2;
A.J. Price;;7:34;2;4;0;2;0;0;0;1;1;1;0;0;1;0;4;
Shabazz Muhammad;;6:13;2;4;0;0;1;2;0;0;0;0;0;0;0;1;5;
Robbie Hummel;;6:13;0;2;0;0;0;0;0;2;2;0;0;0;0;2;0;
