01-18;DET-WAS;104-98;
22-29;24-25;33-22;25-22;
DET
Josh Smith;F;35:26;8;17;0;3;6;10;0;8;8;1;2;1;4;5;22;
Greg Monroe;F;30:49;5;7;0;0;2;5;5;5;10;1;1;0;3;2;12;
Andre Drummond;C;27:13;5;6;0;0;0;2;2;11;13;0;0;0;1;4;10;
Kentavious Caldwell-Pope;G;40:55;2;10;1;6;0;0;0;5;5;0;1;1;0;1;5;
Brandon Jennings;G;31:58;4;13;3;8;3;4;1;1;2;8;3;0;3;1;14;
Rodney Stuckey;;31:27;8;15;0;1;4;5;0;0;0;0;1;1;2;3;20;
Kyle Singler;;22:23;5;6;2;3;2;4;3;1;4;1;1;0;0;5;14;
Will Bynum;;19:49;3;7;0;0;1;1;0;2;2;6;0;0;1;3;7;
WAS
Trevor Ariza;F;40:18;1;7;1;4;4;4;1;7;8;7;3;0;1;4;7;
Nene;F;35:10;5;9;0;0;4;10;0;4;4;3;0;1;4;2;14;
Marcin Gortat;C;35:05;4;6;0;0;2;2;3;9;12;0;0;0;2;2;10;
Bradley Beal;G;30:10;2;14;1;7;2;3;0;3;3;2;2;0;3;2;7;
John Wall;G;36:43;15;23;2;2;2;4;0;4;4;6;1;0;4;2;34;
Trevor Booker;;6:24;0;0;0;0;0;0;0;0;0;1;0;0;0;1;0;
Martell Webster;;28:38;6;8;3;5;0;0;0;2;2;2;1;0;4;6;15;
Garrett Temple;;12:14;1;4;1;3;1;2;0;0;0;0;0;0;1;2;4;
Jan Vesely;;15:18;3;5;0;0;1;4;2;0;2;1;0;0;0;5;7;
