12-09;LAC-PHI;94-83;
23-17;21-19;32-24;18-23;
LAC
Jared Dudley;F;38:36;4;15;1;8;1;1;2;1;3;2;2;0;0;4;10;
Blake Griffin;F;39:33;9;14;0;2;8;14;0;8;8;0;1;3;1;5;26;
DeAndre Jordan;C;38:43;5;7;0;0;1;2;6;15;21;0;1;0;2;3;11;
Willie Green;G;35:27;3;11;1;6;2;2;0;5;5;2;1;1;1;3;9;
Chris Paul;G;34:21;10;18;2;3;3;5;0;1;1;13;3;0;4;3;25;
Jamal Crawford;;23:07;3;12;1;6;1;1;0;2;2;1;0;0;1;0;8;
Darren Collison;;13:47;0;1;0;0;2;2;0;3;3;2;1;0;2;1;2;
Ryan Hollins;;6:19;0;0;0;0;1;2;0;0;0;0;0;0;1;1;1;
Antawn Jamison;;10:07;1;4;0;2;0;0;1;5;6;0;1;0;0;2;2;
PHI
Evan Turner;F;39:34;11;23;1;2;2;3;2;6;8;5;1;0;3;4;25;
Thaddeus Young;F;33:55;8;16;0;1;0;0;2;9;11;3;0;0;3;5;16;
Spencer Hawes;C;22:37;1;6;0;2;0;0;0;4;4;3;0;0;2;2;2;
Hollis Thompson;G;39:06;1;7;1;5;5;7;3;2;5;1;3;0;2;2;8;
Tony Wroten;G;36:29;2;12;1;5;4;6;1;9;10;7;1;0;4;3;9;
James Anderson;;17:20;4;9;0;4;0;0;0;0;0;2;0;0;0;0;8;
Lavoy Allen;;22:54;3;7;0;0;0;0;3;3;6;1;1;0;0;3;6;
Lorenzo Brown;;11:31;1;6;0;2;2;2;1;0;1;4;1;0;1;4;4;
Brandon Davies;;13:16;2;5;0;0;1;1;1;2;3;0;0;0;1;2;5;
Daniel Orton;;3:17;0;1;0;0;0;0;1;1;2;0;0;0;0;1;0;
