11-22;ATL-DET;96-89;
27-22;22-22;24-24;23-21;
ATL
DeMarre Carroll;F;27:32;4;9;1;4;3;4;4;0;4;1;3;0;1;4;12;
Paul Millsap;F;34:24;6;14;0;1;2;3;2;5;7;1;2;0;0;3;14;
Al Horford;C;32:36;7;14;0;0;3;6;3;8;11;3;1;0;3;0;17;
Kyle Korver;G;32:54;5;8;4;6;0;0;0;3;3;2;0;0;1;3;14;
Jeff Teague;G;33:48;7;17;0;2;4;5;2;4;6;9;2;1;4;1;18;
John Jenkins;;18:13;2;6;1;4;1;1;0;5;5;0;0;0;2;0;6;
Mike Scott;;13:36;3;6;2;3;1;2;0;4;4;0;0;0;0;0;9;
Cartier Martin;;12:56;1;5;0;3;0;0;0;1;1;0;0;0;0;0;2;
Gustavo Ayon;;15:24;0;0;0;0;0;0;0;4;4;2;1;1;0;2;0;
Shelvin Mack;;18:37;2;6;0;0;0;0;0;1;1;2;1;0;3;1;4;
DET
Kyle Singler;F;41:14;9;13;1;2;3;4;0;3;3;1;1;1;2;4;22;
Greg Monroe;F;28:45;4;9;0;0;3;4;3;8;11;1;1;1;2;1;11;
Andre Drummond;C;35:17;6;7;0;0;3;8;4;12;16;0;0;2;0;3;15;
Kentavious Caldwell-Pope;G;28:13;4;14;1;5;0;0;2;1;3;1;4;0;0;0;9;
Brandon Jennings;G;38:12;4;16;0;4;0;0;1;1;2;14;1;0;5;4;8;
Rodney Stuckey;;30:48;6;15;0;0;5;6;0;5;5;1;0;0;1;3;17;
Josh Smith;;19:32;0;7;0;1;0;0;0;7;7;1;1;3;2;0;0;
Peyton Siva;;4:24;0;0;0;0;0;0;0;0;0;0;0;0;3;0;0;
Josh Harrellson;;11:13;3;3;1;1;0;0;1;4;5;0;0;0;0;1;7;
Jonas Jerebko;;2:22;0;0;0;0;0;0;0;0;0;0;0;0;0;0;0;
