03-13;MIL-ATL;97-102;
30-23;23-24;14-21;30-34;
MIL
Khris Middleton;F;34:21;4;15;0;4;0;0;0;2;2;4;3;0;1;1;8;
Ersan Ilyasova;F;30:26;10;20;0;3;2;2;7;3;10;3;2;0;1;2;22;
Zaza Pachulia;C;23:09;2;6;0;0;0;0;1;4;5;1;1;0;3;2;4;
Nate Wolters;G;22:46;2;7;1;3;2;2;0;1;1;1;1;0;1;3;7;
Brandon Knight;G;34:33;6;13;1;2;7;8;2;3;5;4;0;0;0;4;20;
Giannis Antetokounmpo;;25:46;1;4;1;4;2;4;1;3;4;5;1;0;0;1;5;
John Henson;;24:51;5;6;0;0;2;2;1;4;5;2;2;2;1;2;12;
Jeff Adrien;;17:34;5;10;0;0;2;4;2;4;6;0;2;1;0;2;12;
Ramon Sessions;;26:34;2;8;0;3;3;4;2;3;5;4;1;0;1;4;7;
ATL
DeMarre Carroll;F;37:46;5;11;4;6;1;2;2;4;6;1;0;2;1;4;15;
Paul Millsap;F;30:20;6;12;2;4;3;4;0;8;8;4;0;2;2;4;17;
Pero Antic;C;25:35;3;8;1;4;1;2;1;6;7;1;0;0;3;2;8;
Kyle Korver;G;35:27;4;6;3;5;4;4;0;2;2;1;2;0;1;1;15;
Jeff Teague;G;32:55;7;10;2;3;6;6;0;3;3;8;0;2;7;1;22;
Elton Brand;;19:48;3;7;0;0;0;0;2;5;7;2;1;0;0;4;6;
Shelvin Mack;;13:21;2;5;0;1;0;0;0;1;1;0;0;0;1;1;4;
Mike Scott;;17:40;0;5;0;4;2;2;0;4;4;1;0;0;2;2;2;
Cartier Martin;;9:26;2;3;1;2;0;0;0;1;1;0;0;0;0;1;5;
Dennis Schroder;;15:05;4;6;0;0;0;0;1;0;1;5;0;0;0;1;8;
Mike Muscala;;2:38;0;1;0;0;0;0;1;0;1;0;0;0;0;1;0;
