03-09;DEN-NOP;107-111;
29-17;25-26;19-30;21-21;13-17;
DEN
Wilson Chandler;F;45:42;6;14;2;4;0;0;1;6;7;3;1;1;3;4;14;
Kenneth Faried;F;38:32;9;12;0;0;4;6;4;10;14;2;0;0;3;5;22;
Timofey Mozgov;C;19:55;4;8;0;0;2;2;1;4;5;0;1;1;3;2;10;
Randy Foye;G;44:58;3;12;1;9;0;0;0;3;3;4;1;0;4;6;7;
Ty Lawson;G;43:43;3;12;0;3;9;11;0;0;0;12;2;0;6;2;15;
JJ Hickson;;19:13;6;9;0;0;0;2;3;6;9;1;1;2;7;3;12;
Evan Fournier;;13:09;2;3;2;3;0;0;0;2;2;2;1;0;1;3;6;
Aaron Brooks;;22:26;4;9;2;4;5;5;2;1;3;4;1;0;0;1;15;
Darrell Arthur;;9:16;1;4;0;0;0;0;1;0;1;0;2;1;0;3;2;
Jan Vesely;;7:31;2;2;0;0;0;0;0;1;1;0;1;1;0;1;4;
Anthony Randolph;;0:35;0;0;0;0;0;0;0;0;0;0;0;0;0;0;0;
NOP
Tyreke Evans;F;39:19;8;14;1;3;3;4;0;2;2;3;2;1;5;3;20;
Anthony Davis;F;45:10;10;20;0;0;12;16;7;10;17;3;1;6;3;3;32;
Alexis Ajinca;C;11:10;0;0;0;0;0;0;0;2;2;0;0;0;2;3;0;
Eric Gordon;G;35:46;4;12;1;2;1;2;0;3;3;1;0;0;4;2;10;
Brian Roberts;G;27:04;3;7;0;2;2;2;0;1;1;5;1;0;2;3;8;
Greg Stiemsma;;26:53;0;0;0;0;1;2;4;4;8;1;1;1;2;4;1;
Anthony Morrow;;21:37;6;14;2;3;0;0;2;1;3;1;3;1;3;1;14;
Austin Rivers;;25:56;6;11;1;3;0;0;1;1;2;5;1;1;2;5;13;
Al-Farouq Aminu;;17:26;3;8;0;1;3;5;3;5;8;0;0;2;1;1;9;
Jeff Withey;;14:40;1;4;0;0;2;2;1;1;2;2;2;1;0;0;4;
