12-01;CHA-MIA;98-99;
21-24;27-23;25-14;25-38;
CHA
Michael Kidd-Gilchrist;F;24:23;1;2;0;0;4;4;1;4;5;0;0;0;0;4;6;
Josh McRoberts;F;28:31;4;8;1;3;1;2;0;3;3;1;0;0;1;4;10;
Al Jefferson;C;38:06;7;14;0;0;2;3;3;10;13;0;3;0;0;4;16;
Gerald Henderson;G;33:22;6;12;0;1;5;5;1;5;6;4;2;1;3;3;17;
Kemba Walker;G;41:37;10;22;2;8;5;6;1;1;2;6;2;0;6;0;27;
Jeff Taylor;;23:24;3;5;1;2;0;0;0;3;3;0;0;0;4;3;7;
Cody Zeller;;19:29;1;6;0;0;0;0;0;2;2;3;0;0;0;1;2;
Bismack Biyombo;;9:54;1;1;0;0;0;0;0;4;4;0;0;1;0;0;2;
Ramon Sessions;;14:38;2;6;0;1;6;6;0;1;1;1;1;0;0;0;10;
Ben Gordon;;6:35;0;0;0;0;1;2;0;0;0;1;0;0;0;1;1;
MIA
LeBron James;F;38:16;8;13;1;3;9;10;0;5;5;4;1;1;3;0;26;
Shane Battier;F;26:07;3;5;2;4;0;0;0;1;1;0;1;2;0;0;8;
Chris Bosh;C;34:37;8;13;3;4;3;4;1;8;9;0;1;0;1;2;22;
Dwyane Wade;G;34:58;6;10;0;1;5;6;0;3;3;4;1;2;5;4;17;
Mario Chalmers;G;33:04;5;9;1;4;1;3;0;4;4;6;0;2;1;4;12;
Ray Allen;;15:41;1;4;0;1;0;0;0;0;0;2;2;0;2;4;2;
Rashard Lewis;;6:11;0;1;0;0;0;0;0;2;2;0;0;0;0;0;0;
Chris Andersen;;13:24;1;2;0;0;1;2;0;0;0;0;0;2;1;2;3;
Norris Cole;;22:59;2;4;1;1;0;0;0;3;3;3;1;0;1;2;5;
Michael Beasley;;14:43;2;8;0;0;0;0;3;4;7;0;1;0;0;1;4;
