03-11;POR-MEM;99-109;
23-22;24-32;22-24;30-31;
POR
Nicolas Batum;F;37:38;5;13;3;5;2;4;1;7;8;1;0;0;0;0;15;
LaMarcus Aldridge;F;37:34;8;23;0;0;3;4;5;5;10;1;0;2;1;3;19;
Robin Lopez;C;27:04;2;2;0;0;2;4;4;2;6;1;0;0;0;3;6;
Wesley Matthews;G;34:34;1;7;0;2;3;4;1;1;2;3;2;0;0;1;5;
Damian Lillard;G;38:38;8;21;4;8;12;13;2;2;4;7;0;0;2;4;32;
Mo Williams;;11:10;2;5;0;1;0;0;0;0;0;3;0;0;1;2;4;
Meyers Leonard;;14:10;4;6;0;0;0;0;2;3;5;0;0;0;0;2;8;
CJ McCollum;;20:10;0;2;0;1;0;0;0;0;0;1;1;0;2;2;0;
Thomas Robinson;;17:12;4;6;0;0;0;0;1;3;4;0;0;0;2;4;8;
Victor Claver;;0:55;1;1;0;0;0;0;0;0;0;0;0;0;0;0;2;
Will Barton;;0:55;0;0;0;0;0;0;0;1;1;1;0;0;0;0;0;
MEM
Tayshaun Prince;F;22:32;4;6;0;0;1;1;0;4;4;1;0;1;1;0;9;
Zach Randolph;F;37:34;8;19;0;0;2;3;7;5;12;4;1;0;1;4;18;
Marc Gasol;C;37:33;8;14;0;1;3;5;0;9;9;7;0;1;2;3;19;
Courtney Lee;G;25:18;7;12;1;4;1;1;0;1;1;0;1;0;1;1;16;
Mike Conley;G;28:54;7;14;2;3;1;1;0;4;4;4;2;0;0;2;17;
Kosta Koufos;;19:58;1;2;0;0;0;0;1;3;4;0;0;2;3;1;2;
Nick Calathes;;19:06;3;4;1;1;0;0;0;2;2;9;1;0;1;2;7;
Tony Allen;;22:42;3;3;1;1;0;0;0;3;3;2;1;0;0;3;7;
Mike Miller;;25:28;6;10;1;2;1;2;1;1;2;0;1;0;2;2;14;
Jon Leuer;;0:55;0;0;0;0;0;0;0;0;0;0;0;0;0;0;0;
