11-25;DEN-DAL;110-96;
32-27;24-24;29-26;25-19;
DEN
Wilson Chandler;F;18:47;4;6;1;2;2;2;0;1;1;1;1;0;1;4;11;
Kenneth Faried;F;25:09;4;7;0;0;2;4;3;7;10;0;2;1;1;1;10;
JJ Hickson;C;33:49;8;11;0;0;6;8;3;5;8;1;3;1;2;3;22;
Randy Foye;G;25:37;3;7;1;5;0;0;0;1;1;1;0;0;3;4;7;
Ty Lawson;G;30:20;7;11;2;3;3;6;0;3;3;11;0;0;1;2;19;
Nate Robinson;;23:44;5;9;3;6;4;4;0;1;1;3;1;0;0;2;17;
Darrell Arthur;;26:52;3;7;0;0;0;0;0;2;2;0;0;0;1;4;6;
Andre Miller;;19:06;2;3;0;0;0;0;3;3;6;3;0;0;1;1;4;
Jordan Hamilton;;18:24;4;8;1;2;2;2;0;7;7;2;3;0;1;0;11;
Timofey Mozgov;;8:00;1;3;0;0;1;2;1;1;2;0;0;0;2;1;3;
Evan Fournier;;6:25;0;1;0;1;0;0;0;1;1;1;0;0;0;0;0;
Anthony Randolph;;2:57;0;1;0;1;0;0;0;0;0;0;0;0;0;2;0;
Quincy Miller;;0:50;0;1;0;0;0;0;0;0;0;0;0;0;0;0;0;
DAL
Shawn Marion;F;34:46;6;10;0;2;1;2;4;8;12;4;1;0;0;1;13;
Dirk Nowitzki;F;31:06;7;15;0;1;4;5;1;5;6;2;1;0;2;1;18;
DeJuan Blair;C;18:52;5;9;0;0;0;0;2;6;8;0;1;0;2;3;10;
Monta Ellis;G;35:51;8;15;0;2;6;6;0;0;0;4;1;0;1;2;22;
Jose Calderon;G;29:43;4;6;3;4;1;2;0;0;0;4;0;0;2;3;12;
Vince Carter;;22:57;3;13;0;4;2;2;2;0;2;3;0;1;1;3;8;
Bernard James;;7:39;0;0;0;0;0;0;1;0;1;0;0;0;2;2;0;
Wayne Ellington;;13:36;0;3;0;2;0;0;0;0;0;0;1;0;0;1;0;
Shane Larkin;;4:18;0;1;0;0;0;0;0;0;0;0;0;0;1;0;0;
Samuel Dalembert;;17:45;1;1;0;0;0;0;0;3;3;0;0;2;0;3;2;
Jae Crowder;;12:14;2;5;2;4;0;0;0;1;1;0;0;0;1;2;6;
Gal Mekel;;9:32;2;3;0;0;1;2;0;1;1;1;0;0;1;1;5;
Ricky Ledo;;1:41;0;1;0;0;0;0;0;2;2;0;0;0;0;0;0;
