12-06;ORL-NYK;83-121;
31-28;23-31;15-30;14-32;
ORL
Arron Afflalo;F;35:42;8;15;2;5;2;2;0;1;1;3;0;0;1;1;20;
Andrew Nicholson;F;27:48;4;6;0;0;0;0;0;3;3;0;0;1;2;4;8;
Glen Davis;C;29:55;1;7;0;0;2;4;0;9;9;2;1;0;2;4;4;
Jameer Nelson;G;30:15;4;8;3;6;2;2;0;2;2;9;3;0;0;2;13;
Victor Oladipo;G;39:45;5;13;2;5;5;8;1;8;9;3;1;2;3;0;17;
Maurice Harkless;;19:54;3;6;0;1;0;0;1;1;2;1;0;0;0;5;6;
E'Twaun Moore;;19:42;1;5;0;3;0;0;0;0;0;1;0;0;2;0;2;
Jason Maxiell;;5:11;0;0;0;0;1;2;1;0;1;0;0;0;0;0;1;
Ronnie Price;;7:38;2;4;2;3;0;0;0;1;1;0;0;0;0;1;6;
Solomon Jones;;6:18;0;0;0;0;0;0;0;0;0;0;0;0;0;1;0;
Doron Lamb;;8:56;1;2;1;2;1;2;0;0;0;0;0;0;1;0;4;
Kyle O'Quinn;;8:56;1;4;0;0;0;0;1;2;3;0;0;0;1;1;2;
NYK
Carmelo Anthony;F;29:42;6;10;0;0;8;9;0;11;11;4;3;1;1;1;20;
Kenyon Martin;F;19:34;1;3;0;0;1;2;1;3;4;0;0;2;0;3;3;
Andrea Bargnani;C;28:23;6;16;2;6;3;4;6;2;8;0;0;2;1;0;17;
Raymond Felton;G;26:38;6;10;2;5;0;0;2;2;4;5;0;0;0;2;14;
Iman Shumpert;G;25:22;4;9;0;3;2;2;0;4;4;0;0;0;1;4;10;
J.R. Smith;;28:29;6;11;5;9;0;0;0;6;6;1;0;0;2;3;17;
Pablo Prigioni;;14:49;1;1;1;1;0;0;0;0;0;6;3;0;2;1;3;
Metta World Peace;;24:46;4;7;2;3;2;2;0;2;2;2;1;0;0;4;12;
Tim Hardaway Jr.;;22:38;5;7;5;7;0;0;0;1;1;3;1;0;0;0;15;
Toure Murry;;6:33;3;5;0;0;0;0;0;2;2;0;0;0;2;2;6;
Cole Aldrich;;6:33;1;2;0;0;0;0;1;1;2;1;0;0;0;0;2;
Beno Udrih;;6:33;1;2;0;0;0;0;0;1;1;3;0;0;1;0;2;
