12-13;NYK-BOS;86-90;
26-29;22-25;25-14;13-22;
NYK
Carmelo Anthony;F;41:53;9;24;3;7;5;6;2;2;4;3;0;0;0;2;26;
Kenyon Martin;F;23:36;4;5;0;0;0;0;0;7;7;0;4;0;1;3;8;
Andrea Bargnani;C;37:45;9;22;0;5;4;4;2;5;7;4;1;0;1;2;22;
Pablo Prigioni;G;38:35;1;6;1;3;2;2;3;1;4;8;0;0;0;1;5;
Iman Shumpert;G;23:21;1;8;1;4;0;0;1;4;5;1;0;0;1;0;3;
Amar'e Stoudemire;;30:17;7;9;0;0;4;5;0;5;5;0;1;1;0;4;18;
J.R. Smith;;26:17;0;1;0;1;2;2;1;5;6;3;1;0;1;3;2;
Tim Hardaway Jr.;;8:35;0;2;0;0;0;0;0;0;0;0;0;0;0;2;0;
Beno Udrih;;9:19;1;3;0;1;0;0;0;0;0;1;0;0;2;2;2;
Metta World Peace;;0:11;0;0;0;0;0;0;0;0;0;0;0;0;0;0;0;
Cole Aldrich;;0:11;0;0;0;0;0;0;0;0;0;0;0;0;0;0;0;
BOS
Jeff Green;F;28:35;3;7;1;3;1;3;1;3;4;2;0;1;0;1;8;
Brandon Bass;F;36:32;5;9;0;0;0;0;1;7;8;1;0;0;3;3;10;
Jared Sullinger;C;31:15;6;9;0;1;7;7;2;4;6;3;0;1;2;4;19;
Avery Bradley;G;31:20;5;12;2;3;1;4;0;6;6;0;0;1;0;2;13;
Jordan Crawford;G;31:57;0;8;0;5;2;3;0;2;2;6;0;0;2;1;2;
Vitor Faverani;;13:54;3;4;1;2;0;0;0;4;4;1;0;1;1;2;7;
Gerald Wallace;;20:17;3;6;0;2;1;2;1;5;6;2;1;0;1;1;7;
Courtney Lee;;19:05;6;8;3;3;3;4;0;0;0;0;0;0;1;1;18;
Kelly Olynyk;;14:20;1;1;0;0;2;2;1;3;4;0;0;1;3;2;4;
Phil Pressey;;12:48;1;4;0;2;0;0;0;2;2;2;0;0;2;2;2;
