12-08;TOR-LAL;106-94;
30-20;21-27;22-21;33-26;
TOR
Landry Fields;F;30:52;0;6;0;3;0;0;0;5;5;1;1;0;1;2;0;
Amir Johnson;F;35:36;14;17;0;1;4;4;4;6;10;1;2;2;3;4;32;
Jonas Valanciunas;C;28:14;2;6;0;0;1;2;1;5;6;1;0;0;0;3;5;
DeMar DeRozan;G;41:18;8;19;0;3;10;11;0;5;5;5;3;2;2;4;26;
Kyle Lowry;G;36:38;8;13;1;5;6;6;1;4;5;8;3;0;3;2;23;
Steve Novak;;27:57;1;9;1;9;0;0;0;3;3;0;0;0;0;0;3;
Terrence Ross;;28:03;4;9;2;5;1;2;0;3;3;0;2;0;1;1;11;
Julyan Stone;;11:22;3;3;0;0;0;0;0;1;1;3;0;0;1;2;6;
LAL
Wesley Johnson;F;24:40;1;3;0;1;0;0;0;3;3;2;0;1;0;3;2;
Pau Gasol;F;24:28;3;11;0;0;1;2;2;6;8;2;0;0;2;2;7;
Robert Sacre;C;9:55;1;3;0;0;0;0;0;1;1;0;0;0;0;2;2;
Kobe Bryant;G;27:56;2;9;0;3;5;7;1;7;8;4;2;0;8;3;9;
Steve Blake;G;30:18;1;6;1;5;0;0;1;2;3;4;0;0;4;3;3;
Shawne Williams;;23:18;4;6;2;4;0;0;1;1;2;1;2;0;0;1;10;
Jodie Meeks;;35:20;6;12;2;5;0;0;0;2;2;3;2;0;3;3;14;
Nick Young;;29:57;7;16;2;7;3;3;0;3;3;3;0;1;1;2;19;
Jordan Hill;;20:00;3;5;0;0;5;5;3;5;8;1;0;1;1;2;11;
Xavier Henry;;14:08;6;8;2;3;3;3;0;2;2;2;1;0;0;2;17;
