02-18;SAS-LAC;113-103;
24-26;32-25;26-25;31-27;
SAS
Danny Green;F;38:50;5;11;3;8;1;1;1;4;5;2;1;1;3;3;14;
Tim Duncan;F;37:36;8;19;0;0;3;4;4;9;13;7;0;1;4;5;19;
Boris Diaw;C;31:59;6;10;0;0;0;1;2;6;8;3;1;0;1;4;12;
Marco Belinelli;G;27:42;8;17;3;6;1;1;1;3;4;3;0;0;1;4;20;
Cory Joseph;G;23:35;3;6;1;1;0;0;2;1;3;1;1;0;0;4;7;
Manu Ginobili;;14:57;2;5;0;1;5;6;1;0;1;3;1;0;3;3;9;
Patty Mills;;27:15;9;15;2;3;5;6;0;5;5;5;0;1;1;4;25;
Jeff Ayres;;14:36;1;1;0;0;0;0;1;2;3;0;0;0;2;1;2;
Matt Bonner;;6:37;0;1;0;1;0;0;0;2;2;0;0;0;0;0;0;
Shannon Brown;;11:05;2;3;0;0;0;0;0;2;2;1;0;0;1;0;4;
Aron Baynes;;5:51;0;0;0;0;1;2;0;2;2;1;1;1;1;0;1;
LAC
Matt Barnes;F;24:31;2;7;0;3;1;2;1;0;1;1;1;0;1;2;5;
Blake Griffin;F;38:12;14;24;1;1;6;10;3;9;12;4;2;0;3;1;35;
DeAndre Jordan;C;38:43;2;3;0;0;3;5;4;14;18;0;1;6;1;3;7;
Jamal Crawford;G;38:13;8;15;3;9;6;8;0;0;0;2;2;0;4;2;25;
Chris Paul;G;37:39;1;10;0;1;9;10;0;3;3;9;4;0;2;4;11;
Darren Collison;;21:29;4;9;0;1;2;3;0;1;1;3;0;0;1;4;10;
Jared Dudley;;18:09;2;7;1;5;0;0;0;1;1;0;0;0;0;1;5;
Hedo Turkoglu;;10:19;0;2;0;0;0;0;1;1;2;0;1;0;0;2;0;
Ryan Hollins;;4:30;1;1;0;0;0;0;0;0;0;0;0;0;0;1;2;
Willie Green;;3:25;0;2;0;0;0;0;0;0;0;0;0;0;0;0;0;
Reggie Bullock;;4:52;1;1;1;1;0;0;0;0;0;0;0;0;0;0;3;
