03-30;UTA-OKC;96-116;
9-26;31-33;37-33;19-24;
UTA
Richard Jefferson;F;29:59;6;12;3;6;2;2;0;2;2;0;0;0;1;0;17;
Derrick Favors;F;35:14;3;12;0;0;2;3;5;8;13;2;1;2;2;2;8;
Enes Kanter;C;31:10;7;13;0;0;4;5;6;6;12;0;0;0;3;4;18;
Gordon Hayward;G;33:06;5;13;0;2;6;6;0;2;2;9;0;0;2;2;16;
Trey Burke;G;28:58;1;7;0;3;0;0;0;0;0;3;0;0;0;2;2;
Marvin Williams;;23:55;3;6;1;2;2;2;1;1;2;1;2;0;0;2;9;
Alec Burks;;21:20;5;10;0;2;2;6;2;1;3;1;1;0;2;2;12;
Diante Garrett;;8:58;1;4;0;1;0;0;0;0;0;3;1;0;0;1;2;
Ian Clark;;6:03;2;4;1;3;0;0;0;0;0;1;0;0;2;0;5;
Rudy Gobert;;5:32;1;1;0;0;0;0;0;1;1;0;0;2;0;1;2;
Brandon Rush;;5:32;0;2;0;1;0;0;1;3;4;1;0;0;2;0;0;
Jeremy Evans;;5:32;1;1;0;0;0;0;1;0;1;2;0;0;0;1;2;
John Lucas III;;4:41;1;1;1;1;0;0;0;0;0;0;0;0;0;0;3;
OKC
Kevin Durant;F;29:08;9;13;4;6;9;9;0;4;4;9;1;0;2;4;31;
Serge Ibaka;F;30:58;7;13;0;0;3;4;1;5;6;2;0;4;0;2;17;
Steven Adams;C;18:03;4;6;0;0;0;0;3;5;8;0;2;0;1;3;8;
Andre Roberson;G;18:28;0;2;0;0;0;0;1;2;3;0;0;0;0;1;0;
Russell Westbrook;G;24:36;5;11;0;2;9;9;0;5;5;4;1;0;2;3;19;
Hasheem Thabeet;;19:00;1;1;0;0;0;0;0;1;1;0;0;2;1;5;2;
Jeremy Lamb;;22:18;3;8;1;2;1;2;0;3;3;4;0;0;1;0;8;
Derek Fisher;;17:52;1;4;1;2;1;2;0;3;3;5;1;0;2;2;4;
Nick Collison;;23:49;4;5;0;0;0;0;2;5;7;1;0;1;2;5;8;
Caron Butler;;26:06;5;8;5;5;0;0;0;2;2;1;0;0;0;2;15;
Reggie Williams;;5:32;1;2;0;1;0;0;0;0;0;0;1;0;1;0;2;
Perry Jones;;4:10;1;1;0;0;0;0;0;0;0;0;0;0;0;0;2;
