01-06;ATL-BKN;86-91;
21-27;31-19;15-26;19-19;
ATL
DeMarre Carroll;F;34:03;4;9;0;2;2;2;2;5;7;1;1;0;0;1;10;
Paul Millsap;F;34:51;4;12;2;3;6;6;2;2;4;5;1;0;4;2;16;
Pero Antic;C;18:17;2;6;2;5;2;2;1;2;3;0;1;0;2;5;8;
Kyle Korver;G;36:49;1;5;1;3;4;4;1;6;7;6;1;0;1;2;7;
Jeff Teague;G;35:04;5;15;1;4;5;7;0;2;2;5;0;1;7;3;16;
Elton Brand;;29:37;4;5;0;0;2;2;3;4;7;0;0;3;1;5;10;
Cartier Martin;;4:18;0;0;0;0;0;0;0;1;1;0;0;0;0;1;0;
Lou Williams;;21:22;1;6;1;4;2;2;0;4;4;3;1;0;2;1;5;
Shelvin Mack;;12:31;2;5;1;2;0;0;0;0;0;1;0;0;1;1;5;
Mike Scott;;13:09;4;7;0;1;1;1;1;3;4;0;0;0;0;2;9;
BKN
Alan Anderson;F;32:12;4;12;2;5;4;6;2;3;5;1;1;0;1;3;14;
Paul Pierce;F;32:57;3;9;1;4;2;3;0;4;4;3;2;3;3;1;9;
Kevin Garnett;C;24:42;1;2;0;0;2;2;1;9;10;1;1;0;0;2;4;
Joe Johnson;G;36:13;10;22;1;5;2;2;2;1;3;4;1;0;3;3;23;
Shaun Livingston;G;34:19;6;11;0;0;0;0;3;2;5;1;3;1;0;4;12;
Andray Blatche;;11:38;1;3;0;0;1;1;1;0;1;0;1;1;1;4;3;
Andrei Kirilenko;;21:21;1;3;0;0;6;10;2;1;3;4;0;0;2;1;8;
Mirza Teletovic;;24:26;6;12;4;9;0;0;0;3;3;0;0;0;1;4;16;
Jason Terry;;10:32;0;5;0;4;0;0;1;2;3;2;0;0;0;1;0;
Reggie Evans;;11:40;1;1;0;0;0;2;3;3;6;1;1;0;0;2;2;
