12-04;PHX-HOU;97-88;
25-20;26-20;22-21;24-27;
PHX
PJ Tucker;F;40:25;8;13;2;2;0;2;4;2;6;4;4;0;1;4;18;
Channing Frye;F;33:04;6;12;2;6;0;0;0;6;6;3;2;1;0;4;14;
Miles Plumlee;C;20:55;2;7;0;0;0;0;4;5;9;0;0;2;2;3;4;
Eric Bledsoe;G;40:19;7;14;3;4;3;4;0;3;3;7;2;1;4;1;20;
Goran Dragic;G;40:56;6;11;2;5;5;6;0;2;2;1;4;1;4;4;19;
Gerald Green;;17:34;1;8;0;4;2;2;0;4;4;0;0;1;3;3;4;
Markieff Morris;;21:02;2;8;0;0;4;4;0;4;4;1;0;0;3;2;8;
Viacheslav Kravtsov;;0:16;0;0;0;0;0;0;0;0;0;0;0;0;0;0;0;
Marcus Morris;;21:40;3;5;2;3;0;0;0;6;6;1;1;0;0;2;8;
Archie Goodwin;;3:49;1;1;0;0;0;1;0;0;0;0;0;0;1;0;2;
HOU
Francisco Garcia;F;27:31;3;9;2;7;0;0;1;4;5;1;0;0;1;3;8;
Terrence Jones;F;23:38;4;9;0;1;0;0;3;4;7;1;0;1;2;2;8;
Dwight Howard;C;35:55;4;11;0;0;7;9;8;10;18;0;1;0;5;2;15;
James Harden;G;41:08;3;17;0;10;8;8;0;4;4;2;1;0;5;4;14;
Patrick Beverley;G;41:54;4;10;2;5;2;2;3;5;8;2;2;0;1;3;12;
Aaron Brooks;;33:27;7;18;3;5;0;0;2;2;4;6;3;0;2;3;17;
Omri Casspi;;30:50;6;13;2;3;0;0;3;4;7;1;1;0;5;3;14;
Donatas Motiejunas;;5:37;0;1;0;0;0;0;1;0;1;0;0;0;1;0;0;
