12-14;TOR-CHI;99-77;
24-21;27-20;22-25;26-11;
TOR
Terrence Ross;F;24:14;4;12;0;3;1;2;2;4;6;4;1;1;3;1;9;
Amir Johnson;F;29:36;6;11;0;0;2;3;2;6;8;3;0;2;3;3;14;
Jonas Valanciunas;C;30:44;6;11;0;0;3;4;2;9;11;1;1;4;1;4;15;
DeMar DeRozan;G;38:42;7;14;0;2;1;2;0;7;7;4;0;1;2;2;15;
Kyle Lowry;G;33:25;7;14;2;5;0;0;0;3;3;6;2;0;1;3;16;
Patrick Patterson;;20:36;4;5;2;2;2;2;1;2;3;0;0;2;1;2;12;
John Salmons;;27:49;3;8;1;2;0;0;0;0;0;2;1;1;0;1;7;
Tyler Hansbrough;;14:04;1;2;0;0;2;2;0;3;3;0;0;0;0;1;4;
Greivis Vasquez;;16:50;2;6;0;1;3;3;0;1;1;6;0;0;0;0;7;
Dwight Buycks;;1:00;0;0;0;0;0;0;0;0;0;0;0;0;0;0;0;
Austin Daye;;1:00;0;0;0;0;0;0;0;0;0;0;0;0;0;0;0;
Landry Fields;;1:00;0;0;0;0;0;0;0;1;1;0;0;0;0;0;0;
Steve Novak;;1:00;0;0;0;0;0;0;0;0;0;0;0;0;0;0;0;
CHI
Luol Deng;F;35:15;8;19;1;2;0;0;3;4;7;4;0;0;3;2;17;
Carlos Boozer;F;27:05;4;18;0;0;0;0;2;5;7;1;1;1;2;3;8;
Joakim Noah;C;35:25;4;10;0;0;2;2;4;8;12;4;1;2;1;4;10;
Jimmy Butler;G;29:32;4;6;2;3;1;3;1;3;4;0;1;1;1;0;11;
Marquis Teague;G;28:15;3;6;1;2;0;0;0;1;1;3;2;3;2;3;7;
Taj Gibson;;25:42;2;7;0;0;0;0;0;7;7;0;0;1;4;2;4;
Mike Dunleavy;;23:24;5;12;1;6;3;3;0;3;3;1;0;1;0;1;14;
Nazr Mohammed;;6:48;0;0;0;0;1;2;0;0;0;0;0;0;2;3;1;
D.J. Augustin;;19:45;1;7;1;5;2;2;0;0;0;6;0;0;0;2;5;
Tony Snell;;5:01;0;0;0;0;0;0;0;0;0;0;0;0;0;0;0;
Mike James;;2:48;0;1;0;0;0;0;0;0;0;0;0;0;0;0;0;
Erik Murphy;;1:00;0;0;0;0;0;0;0;0;0;0;0;0;0;0;0;
