12-21;NOP-POR;107-110;
26-21;27-31;25-31;29-27;
NOP
Al-Farouq Aminu;F;20:43;2;2;0;0;1;1;0;8;8;0;1;0;0;0;5;
Ryan Anderson;F;41:33;7;17;4;8;0;0;4;4;8;2;1;0;1;0;18;
Anthony Davis;C;37:44;8;13;0;0;5;8;4;5;9;1;0;2;2;3;21;
Eric Gordon;G;31:46;7;14;1;2;3;4;0;1;1;4;0;0;1;3;18;
Jrue Holiday;G;36:19;6;14;0;1;1;1;0;3;3;7;1;0;2;4;13;
Tyreke Evans;;27:19;9;22;0;2;3;5;3;3;6;6;2;0;2;3;21;
Alexis Ajinca;;16:41;2;4;0;0;0;0;5;6;11;1;0;1;3;5;4;
Austin Rivers;;13:18;1;5;0;2;0;0;0;1;1;1;0;0;0;2;2;
Anthony Morrow;;14:37;2;3;1;2;0;0;0;1;1;0;0;0;0;1;5;
POR
Nicolas Batum;F;35:20;4;10;1;7;2;2;1;7;8;7;0;0;0;2;11;
LaMarcus Aldridge;F;37:44;8;24;0;1;2;2;1;7;8;4;1;0;0;2;18;
Robin Lopez;C;30:43;6;11;0;0;2;2;6;1;7;2;0;1;2;1;14;
Wesley Matthews;G;33:43;7;16;2;6;2;2;2;4;6;0;2;1;0;1;18;
Damian Lillard;G;36:57;11;21;4;10;3;4;2;0;2;5;0;0;2;5;29;
Mo Williams;;23:44;2;8;0;3;3;3;1;1;2;5;0;0;2;5;7;
Joel Freeland;;17:15;2;4;0;0;0;0;4;2;6;0;0;0;0;2;4;
Dorell Wright;;14:17;2;3;1;2;2;3;0;2;2;0;0;0;1;1;7;
Meyers Leonard;;10:16;1;1;0;0;0;0;0;4;4;0;0;1;0;2;2;
