02-25;HOU-SAC;129-103;
42-17;27-34;35-26;25-26;
HOU
Chandler Parsons;F;29:44;3;8;1;3;3;3;0;8;8;4;0;0;3;2;10;
Terrence Jones;F;20:06;5;5;0;0;1;1;1;1;2;1;0;1;1;3;11;
Dwight Howard;C;24:31;7;9;0;0;6;10;1;10;11;3;0;2;1;4;20;
James Harden;G;31:10;11;20;6;9;15;16;0;2;2;8;3;0;5;2;43;
Patrick Beverley;G;26:02;2;4;1;3;0;0;0;2;2;0;1;0;1;2;5;
Donatas Motiejunas;;19:03;1;1;1;1;2;2;1;0;1;3;0;1;2;6;5;
Omer Asik;;23:29;3;4;0;0;1;1;1;7;8;0;0;1;2;4;7;
Jordan Hamilton;;24:22;4;7;2;3;2;2;1;4;5;2;1;1;0;3;12;
Jeremy Lin;;21:58;3;7;0;1;5;6;0;3;3;3;0;0;3;0;11;
Omri Casspi;;12:00;1;4;0;1;0;0;1;1;2;1;0;0;0;0;2;
Isaiah Canaan;;7:35;1;3;0;1;1;1;1;0;1;0;0;0;1;0;3;
SAC
Rudy Gay;F;33:49;10;16;2;3;3;3;0;3;3;6;2;1;3;2;25;
Jason Thompson;F;5:03;1;2;0;0;1;2;0;0;0;0;0;0;0;2;3;
DeMarcus Cousins;C;20:07;6;13;0;0;4;5;0;6;6;1;1;0;2;5;16;
Ben McLemore;G;38:15;4;16;1;7;6;6;0;1;1;0;4;0;0;1;15;
Isaiah Thomas;G;34:10;4;14;2;6;2;3;0;3;3;5;3;0;3;1;12;
Aaron Gray;;12:52;1;1;0;0;0;0;1;3;4;0;0;0;0;3;2;
Carl Landry;;9:40;2;4;0;0;0;0;0;0;0;0;0;0;0;1;4;
Derrick Williams;;22:59;2;5;0;1;6;6;1;3;4;0;0;0;2;3;10;
Travis Outlaw;;8:31;1;3;0;1;0;0;1;2;3;0;0;0;0;1;2;
Ray McCallum;;24:37;2;8;0;0;2;2;1;2;3;4;0;0;1;0;6;
Reggie Evans;;24:01;3;5;0;0;2;4;6;2;8;1;2;0;0;6;8;
Quincy Acy;;5:56;0;3;0;0;0;0;2;0;2;0;1;0;1;2;0;
