02-19;IND-MIN;91-104;
18-30;21-22;33-30;19-22;
IND
Paul George;F;36:05;11;22;3;6;10;10;1;10;11;2;3;1;7;2;35;
David West;F;27:19;2;10;0;0;0;0;2;5;7;3;2;0;2;5;4;
Roy Hibbert;C;23:37;2;5;0;0;0;0;1;4;5;2;0;0;1;3;4;
Lance Stephenson;G;37:15;5;15;0;4;0;2;2;8;10;4;0;0;2;3;10;
George Hill;G;31:41;4;8;2;3;3;4;0;6;6;1;1;1;2;3;13;
Luis Scola;;9:56;1;2;0;0;0;0;1;2;3;0;0;0;3;1;2;
CJ Watson;;15:06;3;7;0;2;0;0;0;1;1;1;0;0;1;2;6;
Danny Granger;;17:38;1;6;0;2;0;0;1;2;3;1;0;0;0;1;2;
Ian Mahinmi;;23:05;2;4;0;1;1;2;1;0;1;1;2;1;0;4;5;
Chris Copeland;;10:45;2;4;1;2;1;2;0;1;1;1;0;0;0;2;6;
Rasual Butler;;2:31;1;2;0;1;0;0;0;0;0;0;2;0;1;1;2;
Orlando Johnson;;2:31;1;2;0;1;0;0;0;1;1;1;0;0;1;0;2;
Donald Sloan;;2:31;0;0;0;0;0;0;0;0;0;0;0;0;1;0;0;
MIN
Corey Brewer;F;27:37;5;10;0;1;2;3;0;1;1;1;3;0;0;4;12;
Kevin Love;F;37:22;14;22;5;10;9;10;1;15;16;1;1;0;3;2;42;
Ronny Turiaf;C;29:32;5;7;0;0;1;8;1;3;4;0;1;2;0;3;11;
Chase Budinger;G;28:22;2;8;1;5;0;0;0;2;2;2;1;0;1;3;5;
Ricky Rubio;G;32:57;2;10;0;0;2;6;1;6;7;17;2;0;2;1;6;
Luc Mbah a Moute;;24:31;0;2;0;1;0;0;0;1;1;1;1;0;1;4;0;
Dante Cunningham;;24:16;4;9;0;0;2;2;2;5;7;0;1;2;2;1;10;
Alexey Shved;;14:18;2;5;0;2;2;2;0;4;4;1;0;0;2;0;6;
Jose Juan Barea;;14:35;6;10;0;1;0;0;0;1;1;3;0;0;2;1;12;
Gorgui Dieng;;4:00;0;0;0;0;0;0;0;1;1;0;0;1;1;1;0;
Robbie Hummel;;0:50;0;0;0;0;0;0;0;0;0;0;0;0;0;0;0;
Shabazz Muhammad;;0:50;0;0;0;0;0;0;0;0;0;0;1;0;1;0;0;
A.J. Price;;0:50;0;0;0;0;0;0;0;0;0;0;0;0;0;0;0;
