11-20;BKN-CHA;91-95;
29-30;21-23;20-30;21-12;
BKN
Paul Pierce;F;34:34;3;11;1;3;5;7;0;2;2;2;2;1;3;4;12;
Kevin Garnett;F;21:05;2;2;0;0;0;0;0;8;8;3;0;3;2;5;4;
Reggie Evans;C;16:50;0;1;0;0;0;0;0;3;3;0;0;0;0;2;0;
Joe Johnson;G;35:37;6;13;4;9;3;4;0;2;2;2;0;0;1;1;19;
Deron Williams;G;13:20;1;5;0;0;2;2;0;1;1;2;0;0;2;1;4;
Andray Blatche;;28:52;11;14;0;1;3;4;4;3;7;1;1;0;2;2;25;
Mason Plumlee;;21:49;3;3;0;0;3;6;1;2;3;0;0;0;2;3;9;
Alan Anderson;;28:47;5;10;4;6;2;2;0;1;1;2;1;0;0;2;16;
Shaun Livingston;;26:00;1;5;0;0;0;0;0;7;7;5;1;1;5;3;2;
Jason Terry;;4:25;0;1;0;0;0;0;0;0;0;1;1;0;0;2;0;
Tyshawn Taylor;;8:41;0;2;0;0;0;0;1;1;2;3;0;0;0;2;0;
CHA
Michael Kidd-Gilchrist;F;26:16;4;10;0;1;0;2;1;3;4;1;0;0;5;3;8;
Josh McRoberts;F;29:01;2;6;0;1;2;4;3;4;7;5;1;2;1;0;6;
Bismack Biyombo;C;22:33;4;6;0;0;1;3;1;5;6;0;0;0;0;4;9;
Gerald Henderson;G;30:45;4;12;1;2;4;5;2;0;2;5;2;0;1;2;13;
Kemba Walker;G;35:10;12;20;4;7;3;4;2;3;5;2;1;1;2;1;31;
Jeff Taylor;;17:09;0;4;0;0;0;0;0;1;1;2;1;0;1;2;0;
Cody Zeller;;19:00;2;6;0;0;2;3;3;1;4;1;2;0;2;4;6;
Ramon Sessions;;26:44;5;11;0;2;3;5;0;0;0;1;0;0;3;1;13;
Jeff Adrien;;25:26;2;5;0;0;3;4;5;5;10;0;0;1;0;3;7;
Anthony Tolliver;;7:56;1;1;0;0;0;0;0;2;2;0;0;0;0;0;2;
