01-20;LAL-CHI;100-102;
26-31;26-18;20-20;21-24;7-9;
LAL
Wesley Johnson;F;14:23;0;4;0;3;1;2;0;1;1;0;0;0;1;1;1;
Ryan Kelly;F;34:33;4;9;1;4;4;4;3;4;7;2;0;0;1;5;13;
Pau Gasol;C;36:41;8;15;0;1;4;5;5;14;19;1;3;5;5;3;20;
Jodie Meeks;G;43:34;4;10;2;4;6;6;0;3;3;7;2;0;2;2;16;
Kendall Marshall;G;39:42;1;4;1;4;0;0;0;2;2;8;2;0;4;1;3;
Nick Young;;42:52;11;23;3;6;6;7;0;5;5;1;2;0;4;3;31;
Manny Harris;;21:23;2;9;1;3;0;0;0;6;6;2;1;0;2;2;5;
Jordan Hill;;16:19;3;4;0;0;1;2;0;3;3;0;0;1;1;2;7;
Robert Sacre;;15:33;2;5;0;0;0;0;1;0;1;1;1;3;1;1;4;
CHI
Mike Dunleavy;F;29:38;6;12;0;3;0;0;0;3;3;4;3;1;1;2;12;
Carlos Boozer;F;28:01;4;16;0;0;3;4;2;4;6;4;0;0;0;2;11;
Joakim Noah;C;41:32;6;16;0;0;5;8;7;14;21;6;2;0;4;5;17;
Jimmy Butler;G;49:41;6;19;0;4;1;2;5;6;11;5;4;1;3;2;13;
Kirk Hinrich;G;19:16;2;4;0;1;0;0;0;2;2;3;1;0;3;3;4;
Taj Gibson;;32:01;3;11;0;0;6;7;4;2;6;0;2;2;1;3;12;
D.J. Augustin;;37:03;10;16;5;7;2;3;1;3;4;4;1;0;3;1;27;
Tony Snell;;23:22;2;7;2;6;0;0;0;1;1;0;0;1;0;0;6;
Nazr Mohammed;;4:27;0;1;0;0;0;0;0;1;1;0;0;0;0;0;0;
