04-04;PHX-POR;109-93;
28-26;23-28;28-26;30-13;
PHX
PJ Tucker;F;23:01;1;6;0;1;0;0;3;2;5;0;2;0;0;1;2;
Channing Frye;F;18:58;1;6;0;5;0;0;0;4;4;1;0;0;1;2;2;
Miles Plumlee;C;25:13;2;4;0;0;2;5;6;10;16;2;1;0;2;2;6;
Goran Dragic;G;36:31;7;19;1;2;4;4;0;0;0;2;2;1;2;4;19;
Eric Bledsoe;G;36:29;9;17;1;3;11;13;4;3;7;3;2;2;3;3;30;
Markieff Morris;;29:32;4;15;0;2;4;4;4;7;11;3;0;0;1;1;12;
Gerald Green;;28:56;12;20;4;7;4;5;1;4;5;2;0;1;1;2;32;
Marcus Morris;;9:36;0;5;0;1;0;0;2;1;3;0;0;0;0;1;0;
Ish Smith;;19:03;3;5;0;0;0;0;1;4;5;4;0;0;2;3;6;
Shavlik Randolph;;12:41;0;0;0;0;0;0;2;1;3;0;0;0;0;1;0;
POR
Nicolas Batum;F;37:34;6;12;1;6;0;0;1;10;11;6;0;2;2;3;13;
LaMarcus Aldridge;F;36:45;8;18;0;1;2;2;1;6;7;0;0;0;1;3;18;
Robin Lopez;C;35:43;6;9;0;0;6;8;4;9;13;1;1;4;0;3;18;
Wesley Matthews;G;34:07;3;9;1;4;2;4;0;1;1;1;3;0;2;2;9;
Damian Lillard;G;37:50;5;13;2;6;3;6;0;2;2;7;1;0;2;4;15;
Thomas Robinson;;14:38;1;4;0;0;0;2;5;5;10;1;0;1;4;0;2;
Will Barton;;8:56;1;2;0;1;0;0;0;0;0;0;0;0;0;1;2;
Mo Williams;;23:23;4;10;1;1;2;2;1;1;2;4;0;0;3;5;11;
Dorell Wright;;7:49;1;3;1;2;2;3;1;1;2;0;0;1;1;2;5;
CJ McCollum;;1:05;0;1;0;0;0;0;0;0;0;0;0;0;0;0;0;
Meyers Leonard;;1:05;0;0;0;0;0;0;0;0;0;0;0;0;0;0;0;
Victor Claver;;1:05;0;0;0;0;0;0;0;0;0;0;0;0;0;0;0;
