04-04;SAC-GSW;69-102;
14-25;13-34;23-25;19-18;
SAC
Rudy Gay;F;28:10;2;8;1;1;5;7;0;3;3;0;0;0;3;2;10;
Reggie Evans;F;14:23;2;3;0;0;1;2;1;4;5;0;0;0;1;1;5;
DeMarcus Cousins;C;26:38;8;16;0;0;3;6;2;9;11;0;0;0;2;3;19;
Ben McLemore;G;40:34;0;7;0;3;3;4;0;3;3;1;0;1;3;1;3;
Ray McCallum;G;43:28;2;14;0;2;0;0;0;2;2;10;2;0;2;1;4;
Jason Thompson;;19:32;4;9;0;0;2;2;3;3;6;0;0;1;1;2;10;
Derrick Williams;;23:16;3;9;0;1;0;0;2;8;10;0;1;0;3;0;6;
Travis Outlaw;;26:53;3;6;0;0;0;0;1;2;3;0;0;0;1;1;6;
Jared Cunningham;;13:04;1;5;0;3;4;4;0;0;0;1;1;0;0;2;6;
Quincy Acy;;4:02;0;1;0;0;0;0;1;0;1;0;0;0;0;1;0;
GSW
Andre Iguodala;F;17:18;2;4;0;0;0;0;0;4;4;2;2;0;0;2;4;
Draymond Green;F;31:15;4;11;2;6;0;0;3;7;10;4;2;2;1;4;10;
Jermaine O'Neal;C;22:56;6;8;0;0;1;4;0;9;9;3;0;1;2;3;13;
Klay Thompson;G;23:32;8;12;2;3;3;3;0;2;2;1;0;1;1;1;21;
Stephen Curry;G;28:33;5;12;2;5;1;1;1;1;2;5;1;0;1;2;13;
Marreese Speights;;26:41;5;11;0;2;2;2;2;8;10;2;0;0;2;3;12;
Harrison Barnes;;37:32;6;14;3;7;1;2;1;2;3;3;1;1;1;1;16;
Steve Blake;;24:34;0;2;0;0;0;0;1;5;6;4;0;0;1;2;0;
Jordan Crawford;;19:27;5;16;1;7;0;0;1;2;3;0;0;0;3;4;11;
Hilton Armstrong;;8:12;1;3;0;0;0;0;6;2;8;1;0;0;0;0;2;
