01-07;NOP-MIA;88-107;
24-25;25-18;21-32;18-32;
NOP
Al-Farouq Aminu;F;31:12;3;5;0;0;0;2;0;5;5;2;3;2;1;2;6;
Anthony Davis;F;41:00;10;18;0;0;2;2;7;5;12;1;3;2;5;3;22;
Alexis Ajinca;C;14:10;1;2;0;0;2;2;1;1;2;0;0;0;0;2;4;
Eric Gordon;G;29:34;6;13;2;4;1;1;0;1;1;3;1;0;0;0;15;
Jrue Holiday;G;30:56;2;6;0;1;0;0;0;5;5;7;1;0;4;2;4;
Jason Smith;;21:55;4;11;0;0;0;0;0;4;4;1;0;0;1;3;8;
Tyreke Evans;;20:25;4;11;1;2;4;4;2;1;3;1;0;0;2;4;13;
Greg Stiemsma;;14:34;0;0;0;0;0;1;2;3;5;1;0;0;0;2;0;
Brian Roberts;;17:04;3;5;0;1;4;5;0;1;1;1;1;0;0;2;10;
Anthony Morrow;;12:30;2;5;0;1;0;0;0;1;1;1;0;0;3;2;4;
Darius Miller;;3:30;1;1;0;0;0;0;0;0;0;0;0;0;0;0;2;
Jeff Withey;;3:10;0;0;0;0;0;0;0;2;2;0;0;0;0;0;0;
MIA
LeBron James;F;35:15;13;22;3;6;3;3;1;2;3;5;2;0;3;1;32;
Rashard Lewis;F;16:36;1;5;0;3;0;0;0;1;1;0;1;0;0;0;2;
Chris Bosh;C;34:11;3;7;1;2;5;5;2;7;9;3;0;0;0;2;12;
Dwyane Wade;G;34:20;9;15;0;1;4;5;3;5;8;8;0;0;4;1;22;
Norris Cole;G;26:24;3;7;2;5;1;2;0;2;2;2;0;0;1;3;9;
Ray Allen;;28:60;3;7;2;6;3;3;0;3;3;2;1;0;2;1;11;
Michael Beasley;;13:09;0;3;0;1;1;2;0;3;3;0;1;1;2;6;1;
Chris Andersen;;23:22;7;7;0;0;1;3;2;5;7;2;1;1;0;2;15;
Roger Mason Jr.;;15:53;0;2;0;2;0;0;0;0;0;2;0;0;0;2;0;
Udonis Haslem;;6:25;0;1;0;0;0;0;1;1;2;0;0;0;0;0;0;
James Jones;;3:10;1;2;1;1;0;0;0;0;0;0;0;0;0;0;3;
Joel Anthony;;2:16;0;0;0;0;0;0;0;1;1;0;0;0;0;0;0;
