01-27;LAC-MIL;114-86;
32-25;32-16;20-20;30-25;
LAC
Matt Barnes;F;26:48;1;9;1;6;0;0;0;4;4;2;1;1;0;3;3;
Blake Griffin;F;28:26;8;13;0;1;4;5;2;3;5;2;2;1;3;3;20;
DeAndre Jordan;C;33:21;4;5;0;0;0;1;4;14;18;2;1;1;3;2;8;
JJ Redick;G;24:07;4;8;3;4;3;3;0;2;2;2;0;0;1;0;14;
Darren Collison;G;24:31;5;6;2;3;3;4;1;2;3;7;1;0;4;2;15;
Jamal Crawford;;23:35;9;16;5;9;2;2;0;0;0;3;1;0;1;3;25;
Willie Green;;18:45;5;6;1;1;2;2;1;1;2;5;2;0;0;5;13;
Ryan Hollins;;14:14;1;2;0;0;0;0;0;3;3;1;0;0;0;1;2;
Jared Dudley;;13:47;2;5;0;1;0;0;0;1;1;2;0;0;0;0;4;
Hedo Turkoglu;;19:06;2;4;2;2;0;2;2;5;7;3;1;0;2;2;6;
Reggie Bullock;;7:54;1;3;0;0;0;0;1;0;1;0;0;0;1;1;2;
Byron Mullens;;5:28;1;2;0;1;0;0;0;1;1;0;0;0;2;3;2;
MIL
Khris Middleton;F;37:39;7;15;0;3;0;0;0;4;4;3;2;0;2;1;14;
Ersan Ilyasova;F;30:52;6;22;1;6;3;4;4;4;8;1;1;0;0;2;16;
John Henson;C;26:34;5;10;0;0;1;2;4;4;8;2;0;1;1;4;11;
Giannis Antetokounmpo;G;37:06;3;7;0;1;2;4;1;6;7;3;0;1;1;4;8;
Brandon Knight;G;28:13;3;12;0;5;3;4;0;2;2;7;0;0;2;2;9;
Luke Ridnour;;15:24;1;3;0;0;0;0;1;0;1;3;0;0;2;1;2;
Caron Butler;;23:10;4;8;3;6;0;0;3;2;5;1;1;0;3;0;11;
Miroslav Raduljica;;23:07;4;6;0;0;3;4;4;2;6;1;0;1;0;1;11;
Nate Wolters;;17:56;1;6;0;1;2;4;0;0;0;3;2;0;0;0;4;
