01-28;BOS-NYK;88-114;
15-31;22-32;22-23;29-28;
BOS
Brandon Bass;F;17:29;2;5;0;0;0;0;2;2;4;2;0;0;0;1;4;
Jeff Green;F;26:37;4;13;2;5;4;4;3;4;7;1;3;0;3;1;14;
Jared Sullinger;C;19:08;3;5;0;1;2;4;3;0;3;2;0;0;0;4;8;
Rajon Rondo;G;27:26;3;13;0;1;1;1;0;2;2;5;1;0;4;1;7;
Gerald Wallace;G;23:24;2;7;0;3;1;2;1;2;3;2;0;1;3;1;5;
Kris Humphries;;21:47;3;7;0;0;6;8;2;3;5;0;1;0;2;4;12;
Jerryd Bayless;;26:46;4;9;0;1;2;2;0;2;2;4;1;0;1;4;10;
Phil Pressey;;16:07;1;3;0;1;0;0;0;1;1;3;0;0;0;1;2;
Chris Johnson;;22:18;4;7;4;7;0;0;0;1;1;1;0;0;2;0;12;
Kelly Olynyk;;19:22;3;6;0;1;2;2;2;5;7;1;0;1;1;4;8;
Vitor Faverani;;13:24;2;5;0;1;0;0;0;3;3;0;2;0;1;0;4;
Vander Blue;;3:06;1;2;0;1;0;1;0;1;1;0;0;0;0;1;2;
Joel Anthony;;3:06;0;0;0;0;0;0;0;1;1;0;0;0;0;0;0;
NYK
Carmelo Anthony;F;28:18;8;15;3;5;5;7;2;7;9;3;4;0;3;3;24;
Iman Shumpert;F;8:23;2;5;0;2;0;0;0;1;1;0;0;0;2;1;4;
Tyson Chandler;C;22:32;5;6;0;0;2;2;2;11;13;0;0;0;0;0;12;
Raymond Felton;G;25:10;2;6;0;1;0;0;2;2;4;8;1;1;4;1;4;
Pablo Prigioni;G;27:17;3;6;1;1;0;0;0;2;2;2;2;0;1;3;7;
J.R. Smith;;34:06;6;14;3;5;2;5;0;1;1;5;0;2;0;2;17;
Kenyon Martin;;8:50;3;3;0;0;0;0;0;1;1;1;0;1;1;1;6;
Tim Hardaway Jr.;;33:10;5;10;2;4;4;4;0;2;2;2;1;0;1;3;16;
Jeremy Tyler;;23:10;7;9;0;0;3;5;3;2;5;0;0;2;2;2;17;
Cole Aldrich;;13:56;1;1;0;0;0;0;2;4;6;1;0;1;0;2;2;
Metta World Peace;;7:34;1;4;1;2;0;0;0;1;1;0;0;0;0;0;3;
Toure Murry;;7:34;1;3;0;0;0;0;1;0;1;3;1;0;1;2;2;
