03-30;NYK-GSW;89-84;
22-32;34-12;18-22;15-18;
NYK
Carmelo Anthony;F;34:26;7;21;0;4;5;6;2;7;9;3;0;0;1;4;19;
Amar'e Stoudemire;F;31:27;5;14;0;0;5;6;6;7;13;1;0;0;4;2;15;
Tyson Chandler;C;29:60;3;6;0;0;0;0;0;7;7;1;0;1;0;2;6;
J.R. Smith;G;41:31;8;17;3;9;2;2;1;4;5;2;0;1;1;4;21;
Raymond Felton;G;27:38;0;3;0;0;2;2;0;2;2;4;2;0;1;3;2;
Iman Shumpert;;25:43;1;5;1;3;0;0;0;0;0;1;0;1;0;1;3;
Pablo Prigioni;;20:22;2;2;2;2;0;0;1;1;2;2;1;0;2;3;6;
Tim Hardaway Jr.;;28:03;6;12;3;7;0;0;0;2;2;1;1;0;0;0;15;
Shannon Brown;;0:51;0;0;0;0;2;2;0;0;0;0;1;0;0;0;2;
GSW
Andre Iguodala;F;33:54;1;4;1;2;9;10;1;4;5;6;0;1;1;3;12;
Marreese Speights;F;18:42;2;8;0;0;0;0;1;7;8;1;0;1;0;1;4;
Jermaine O'Neal;C;28:56;3;7;0;0;2;2;6;6;12;2;0;2;1;2;8;
Klay Thompson;G;36:40;6;18;3;11;0;0;1;8;9;0;0;0;2;5;15;
Stephen Curry;G;40:46;10;21;6;12;6;8;1;3;4;1;1;0;2;2;32;
Draymond Green;;31:39;2;5;0;0;0;0;3;2;5;1;1;3;2;3;4;
Harrison Barnes;;21:06;2;7;0;1;1;2;1;1;2;1;0;0;2;2;5;
Steve Blake;;21:04;0;4;0;4;0;0;0;1;1;2;0;0;0;1;0;
Jordan Crawford;;7:13;2;5;0;1;0;0;0;0;0;0;0;0;0;0;4;
