11-20;LAC-MIN;102-98;
24-24;22-22;25-21;31-31;
LAC
Jared Dudley;F;29:02;4;8;1;4;2;2;0;2;2;4;0;1;1;5;11;
Blake Griffin;F;38:19;10;19;0;0;0;0;1;9;10;2;2;2;2;4;20;
DeAndre Jordan;C;27:25;2;3;0;0;0;0;4;8;12;0;1;0;4;5;4;
JJ Redick;G;32:24;5;14;2;5;3;4;0;4;4;5;1;0;1;3;15;
Chris Paul;G;35:16;8;16;2;5;2;3;1;5;6;11;4;0;3;1;20;
Jamal Crawford;;31:24;5;9;4;7;2;4;0;3;3;1;0;0;3;1;16;
Reggie Bullock;;12:27;2;4;2;2;0;0;0;1;1;0;0;0;1;0;6;
Ryan Hollins;;20:34;2;4;0;0;1;3;0;3;3;0;0;2;2;4;5;
Darren Collison;;13:09;2;4;1;1;0;0;0;2;2;1;0;0;2;2;5;
MIN
Corey Brewer;F;40:12;5;12;1;6;6;8;0;2;2;1;1;0;2;2;17;
Kevin Love;F;37:19;2;14;0;3;6;10;4;8;12;8;1;0;5;2;10;
Nikola Pekovic;C;31:58;9;13;0;0;2;2;1;6;7;0;0;1;1;2;20;
Kevin Martin;G;34:08;11;21;3;4;3;3;2;8;10;4;1;0;2;3;28;
Ricky Rubio;G;35:26;2;7;1;2;0;0;1;1;2;6;4;0;1;3;5;
Dante Cunningham;;16:02;4;8;0;0;0;0;0;1;1;1;1;1;0;1;8;
Robbie Hummel;;13:52;1;5;0;3;2;2;1;4;5;0;1;0;1;2;4;
Alexey Shved;;7:48;0;2;0;1;0;0;0;1;1;1;1;0;1;0;0;
Derrick Williams;;10:41;0;4;0;1;4;4;1;3;4;0;0;0;0;1;4;
Jose Juan Barea;;12:34;0;4;0;2;2;2;0;1;1;3;0;0;1;1;2;
