04-11;ATL-BKN;93-88;
16-23;39-24;19-26;19-15;
ATL
DeMarre Carroll;F;36:46;6;11;0;3;0;0;2;9;11;0;0;0;2;2;12;
Paul Millsap;F;37:18;10;19;1;2;6;6;4;6;10;2;1;2;1;3;27;
Elton Brand;C;22:24;2;2;0;0;0;0;0;3;3;2;2;4;0;3;4;
Kyle Korver;G;37:29;1;8;0;5;1;1;0;7;7;2;0;1;3;2;3;
Jeff Teague;G;33:36;7;15;0;3;8;8;0;3;3;3;1;1;2;3;22;
Pero Antic;;17:34;2;6;0;4;0;0;1;0;1;0;0;0;0;4;4;
Lou Williams;;19:22;1;4;0;0;3;4;0;2;2;2;1;0;2;1;5;
Cartier Martin;;4:22;0;1;0;0;0;0;0;1;1;1;0;0;1;1;0;
Mike Scott;;10:42;4;7;0;1;0;0;1;1;2;0;0;0;1;0;8;
Dennis Schroder;;12:25;1;4;0;1;0;0;0;2;2;4;0;0;0;0;2;
Mike Muscala;;8:02;2;2;0;0;2;2;1;1;2;1;0;1;0;1;6;
BKN
Andrei Kirilenko;F;27:16;3;6;0;0;2;4;4;0;4;3;0;0;0;1;8;
Paul Pierce;F;28:38;5;14;1;7;2;6;0;6;6;4;2;1;1;2;13;
Kevin Garnett;C;18:12;2;6;0;0;0;2;3;7;10;1;1;1;2;3;4;
Joe Johnson;G;32:04;4;15;1;5;0;0;0;7;7;3;0;0;4;1;9;
Jorge Gutierrez;G;28:28;4;5;0;0;3;4;0;1;1;4;2;0;2;4;11;
Mason Plumlee;;28:38;6;6;0;0;5;7;1;3;4;3;1;1;0;2;17;
Mirza Teletovic;;20:32;2;6;2;3;2;2;0;3;3;1;2;0;1;1;8;
Marquis Teague;;25:15;2;5;0;0;0;0;0;1;1;2;0;0;2;5;4;
Marcus Thornton;;30:57;6;17;2;7;0;0;1;1;2;1;1;0;2;2;14;
