12-31;MIL-LAL;94-79;
23-12;19-21;32-27;20-19;
MIL
Giannis Antetokounmpo;F;37:30;3;7;0;0;2;2;4;7;11;1;0;0;1;3;8;
Ersan Ilyasova;F;33:14;7;15;0;1;1;2;5;7;12;1;2;0;1;1;15;
Larry Sanders;C;34:32;3;8;0;0;1;4;4;7;11;5;2;4;0;4;7;
Luke Ridnour;G;34:55;5;11;1;6;0;0;1;3;4;3;1;0;0;3;11;
Brandon Knight;G;38:48;15;25;3;8;4;6;2;6;8;2;4;0;2;1;37;
Miroslav Raduljica;;12:56;1;3;0;0;0;0;0;2;2;1;0;0;0;3;2;
O.J. Mayo;;8:32;0;5;0;2;0;0;0;0;0;0;0;0;0;0;0;
Khris Middleton;;17:26;2;7;1;2;0;0;0;1;1;1;1;0;0;0;5;
Caron Butler;;8:22;0;1;0;1;0;0;0;1;1;3;0;0;3;1;0;
Gary Neal;;13:45;4;9;1;3;0;0;0;1;1;0;0;0;0;0;9;
LAL
Nick Young;F;41:33;8;21;3;8;6;6;0;6;6;0;0;0;2;3;25;
Shawne Williams;F;36:24;2;5;1;4;0;0;0;11;11;1;0;5;0;5;5;
Pau Gasol;C;36:08;9;23;0;0;7;10;4;2;6;1;0;4;4;2;25;
Jodie Meeks;G;42:22;2;9;0;4;0;0;0;3;3;1;2;0;1;4;4;
Jordan Farmar;G;20:07;0;5;0;1;0;0;1;3;4;7;0;0;1;1;0;
Jordan Hill;;11:33;2;5;0;0;0;0;2;2;4;0;0;0;1;2;4;
Ryan Kelly;;19:05;2;6;1;3;1;2;2;1;3;1;0;0;0;1;6;
Kendall Marshall;;27:53;4;7;2;4;0;0;0;1;1;7;0;0;2;0;10;
Robert Sacre;;4:55;0;0;0;0;0;0;0;1;1;0;0;1;2;2;0;
