10-30;MEM-SAS;94-101;
20-18;7-30;31-24;36-29;
MEM
Tayshaun Prince;F;19:46;4;11;1;2;0;0;0;2;2;1;0;0;0;1;9;
Zach Randolph;F;25:44;1;6;0;0;0;0;2;5;7;1;0;1;1;1;2;
Marc Gasol;C;34:01;7;15;0;0;0;0;1;8;9;2;1;0;2;1;14;
Tony Allen;G;28:06;6;8;3;3;0;3;1;2;3;2;2;1;3;0;15;
Mike Conley;G;27:10;7;17;0;3;0;0;0;2;2;8;2;0;3;5;14;
Mike Miller;;24:49;3;6;2;3;3;3;0;4;4;3;0;0;1;2;11;
Jerryd Bayless;;22:00;2;9;0;0;1;2;2;2;4;3;0;0;1;2;5;
Ed Davis;;7:54;0;2;0;0;0;0;1;2;3;0;0;0;0;0;0;
Quincy Pondexter;;21:56;4;9;2;4;3;3;2;0;2;3;1;1;1;0;13;
Kosta Koufos;;13:59;3;4;0;0;1;4;1;2;3;0;0;0;0;2;7;
Nick Calathes;;4:46;1;3;0;0;0;0;1;1;2;1;0;0;1;0;2;
Jon Leuer;;9:49;1;3;0;0;0;0;0;3;3;0;0;0;1;1;2;
SAS
Kawhi Leonard;F;30:15;5;9;2;2;2;2;1;6;7;1;0;2;4;2;14;
Tim Duncan;F;17:17;1;6;0;0;1;3;0;6;6;2;0;0;0;2;3;
Tiago Splitter;C;28:32;5;8;0;0;1;2;2;6;8;2;0;0;0;2;11;
Danny Green;G;22:35;3;7;1;3;0;0;0;1;1;1;0;2;4;0;7;
Tony Parker;G;31:17;4;14;2;3;3;4;0;1;1;9;1;0;1;0;13;
Manu Ginobili;;24:11;6;9;0;1;0;0;0;4;4;5;2;0;1;2;12;
Matt Bonner;;16:31;3;4;2;3;0;0;0;2;2;0;0;0;1;2;8;
Marco Belinelli;;18:59;2;5;0;2;1;2;0;4;4;1;0;0;1;1;5;
Patty Mills;;16:43;4;4;3;3;1;1;1;0;1;1;0;0;0;0;12;
Jeff Ayres;;11:21;1;1;0;0;0;0;0;2;2;2;0;1;2;4;2;
Boris Diaw;;20:20;6;9;1;3;1;2;0;4;4;1;0;1;0;2;14;
Aron Baynes;;1:59;0;0;0;0;0;0;0;0;0;0;0;0;1;1;0;
