02-20;MIA-OKC;103-81;
34-17;20-30;22-18;27-16;
MIA
LeBron James;F;33:24;15;22;1;5;2;5;1;6;7;3;4;0;8;1;33;
Shane Battier;F;31:55;1;8;0;6;0;0;2;2;4;0;2;0;0;3;2;
Chris Bosh;C;38:43;6;9;1;2;11;12;0;8;8;3;3;1;3;3;24;
Dwyane Wade;G;36:35;11;17;0;0;2;2;2;5;7;10;3;0;3;3;24;
Mario Chalmers;G;32:44;4;7;1;3;0;1;0;2;2;3;2;0;2;4;9;
Ray Allen;;24:40;2;6;1;3;1;1;0;3;3;1;1;0;1;0;6;
Chris Andersen;;20:34;0;0;0;0;0;0;2;6;8;1;0;2;1;3;0;
Norris Cole;;21:25;2;6;1;2;0;0;1;1;2;3;0;0;0;3;5;
OKC
Kevin Durant;F;39:24;10;22;1;6;7;10;1;7;8;3;2;0;5;3;28;
Serge Ibaka;F;35:06;5;11;0;1;4;6;5;3;8;1;0;1;2;4;14;
Kendrick Perkins;C;7:31;0;0;0;0;0;0;0;1;1;0;0;0;1;2;0;
Thabo Sefolosha;G;25:35;1;3;0;0;0;0;0;3;3;0;1;0;1;3;2;
Russell Westbrook;G;23:53;3;11;0;2;8;10;3;2;5;2;3;0;4;1;14;
Reggie Jackson;;36:35;4;9;0;2;3;3;0;3;3;5;2;1;3;2;11;
Jeremy Lamb;;20:36;1;9;0;6;0;0;0;1;1;2;2;0;2;2;2;
Derek Fisher;;15:07;1;3;0;2;0;0;1;0;1;0;1;0;0;4;2;
Nick Collison;;11:00;0;1;0;0;0;0;0;3;3;1;0;0;0;0;0;
Perry Jones;;21:25;3;5;1;1;1;1;1;4;5;1;0;0;2;3;8;
Steven Adams;;1:54;0;0;0;0;0;0;0;0;0;0;0;0;0;0;0;
Andre Roberson;;1:54;0;0;0;0;0;0;0;0;0;0;0;0;0;0;0;
