11-18;GSW-UTA;98-87;
22-19;37-17;19-29;20-22;
GSW
Andre Iguodala;F;38:16;2;4;2;3;5;6;0;7;7;4;1;0;0;1;11;
David Lee;F;27:08;4;9;0;0;6;8;5;9;14;2;0;1;5;1;14;
Andrew Bogut;C;32:53;4;12;0;0;0;0;3;10;13;1;1;4;1;2;8;
Klay Thompson;G;41:20;6;17;3;7;2;4;2;3;5;0;0;0;1;2;17;
Stephen Curry;G;33:15;7;15;4;7;4;4;2;4;6;8;3;0;5;4;22;
Harrison Barnes;;28:54;7;10;2;2;1;2;1;4;5;1;0;0;0;1;17;
Marreese Speights;;11:34;0;4;0;1;2;2;0;2;2;0;0;0;1;2;2;
Draymond Green;;16:11;2;3;1;2;2;4;0;4;4;1;0;1;0;2;7;
Ognjen Kuzmic;;2:46;0;2;0;0;0;0;1;0;1;0;0;0;0;0;0;
Nemanja Nedovic;;2:46;0;1;0;0;0;0;0;0;0;0;0;0;0;1;0;
Kent Bazemore;;2:46;0;1;0;0;0;0;0;0;0;0;0;0;1;0;0;
Dewayne Dedmon;;2:11;0;1;0;0;0;0;0;0;0;0;0;0;0;0;0;
UTA
Richard Jefferson;F;31:40;2;9;1;2;0;0;0;1;1;2;0;0;1;2;5;
Derrick Favors;F;31:49;4;11;0;0;2;2;0;7;7;3;1;3;0;4;10;
Enes Kanter;C;30:23;4;12;0;0;0;1;1;5;6;1;0;0;0;4;8;
Gordon Hayward;G;35:02;6;14;2;4;4;4;0;6;6;3;3;0;6;4;18;
Alec Burks;G;23:00;0;5;0;1;2;2;0;2;2;3;1;0;0;1;2;
Marvin Williams;;29:51;5;11;2;4;4;6;2;6;8;1;1;1;0;1;16;
John Lucas III;;11:19;1;2;0;0;0;0;0;0;0;0;0;0;1;1;2;
Rudy Gobert;;5:24;1;1;0;0;0;0;0;2;2;0;0;1;0;0;2;
Michael Harris;;16:07;1;5;0;0;4;4;2;1;3;0;1;0;1;2;6;
Diante Garrett;;21:27;4;6;0;1;0;0;1;2;3;5;1;0;1;2;8;
Ian Clark;;3:58;4;5;2;3;0;0;0;2;2;0;0;0;0;0;10;
