03-31;LAC-MIN;114-104;
26-22;28-29;34-15;26-38;
LAC
Matt Barnes;F;34:16;7;14;3;9;2;2;1;5;6;3;2;0;1;3;19;
Jared Dudley;F;35:29;6;10;2;3;2;2;0;4;4;3;0;0;1;4;16;
DeAndre Jordan;C;40:08;4;6;0;0;3;8;10;14;24;0;0;4;5;2;11;
Darren Collison;G;43:22;9;17;2;3;8;8;1;2;3;7;1;0;6;1;28;
Chris Paul;G;38:01;6;16;2;5;8;8;1;6;7;9;3;0;3;4;22;
Hedo Turkoglu;;11:31;2;5;2;2;0;0;0;2;2;0;0;0;0;0;6;
Willie Green;;14:37;3;9;0;4;0;0;0;0;0;1;0;0;1;3;6;
Reggie Bullock;;13:44;1;5;1;4;0;0;0;2;2;0;1;0;1;1;3;
Ryan Hollins;;5:18;0;0;0;0;1;2;0;1;1;0;1;0;0;0;1;
Glen Davis;;3:34;0;0;0;0;2;2;0;0;0;0;0;0;0;0;2;
MIN
Corey Brewer;F;20:46;4;8;1;3;0;0;0;1;1;1;1;2;1;1;9;
Kevin Love;F;29:22;8;21;2;8;2;3;5;8;13;4;1;0;4;1;20;
Nikola Pekovic;C;6:53;0;3;0;0;0;0;0;1;1;0;0;0;0;1;0;
Kevin Martin;G;30:16;4;14;2;5;2;2;0;2;2;0;0;0;0;2;12;
Ricky Rubio;G;27:39;1;6;1;2;0;0;1;1;2;7;1;0;5;1;3;
Gorgui Dieng;;19:22;4;4;0;0;6;6;3;1;4;3;3;1;1;4;14;
Jose Juan Barea;;24:22;2;10;0;1;0;0;0;3;3;8;0;0;2;5;4;
Dante Cunningham;;19:04;4;8;0;0;0;0;3;3;6;2;0;0;2;1;8;
Chase Budinger;;27:14;5;8;1;3;1;1;0;5;5;1;2;1;1;2;12;
Robbie Hummel;;23:02;4;8;3;4;0;0;0;2;2;3;1;0;1;3;11;
Shabazz Muhammad;;12:00;5;6;0;0;1;2;0;3;3;1;0;0;0;2;11;
