01-08;WAS-NOP;102-96;
28-28;33-16;26-22;15-30;
WAS
Trevor Ariza;F;38:09;9;17;2;7;1;1;4;6;10;2;0;0;1;2;21;
Trevor Booker;F;15:37;1;2;0;0;0;0;1;3;4;1;0;0;0;3;2;
Marcin Gortat;C;30:44;3;10;0;0;5;6;3;11;14;1;2;2;1;1;11;
Bradley Beal;G;29:33;6;13;3;6;2;4;0;1;1;4;0;0;1;2;17;
John Wall;G;33:11;6;14;3;4;5;8;0;4;4;6;2;0;4;3;20;
Martell Webster;;21:17;2;6;2;3;0;0;0;2;2;0;0;0;0;3;6;
Nene;;26:44;4;6;0;0;3;5;0;4;4;3;1;1;4;3;11;
Jan Vesely;;22:31;6;8;0;0;0;2;5;2;7;0;0;1;1;3;12;
Garrett Temple;;14:49;1;3;0;1;0;0;0;0;0;6;1;1;0;2;2;
Otto Porter;;7:25;0;1;0;0;0;0;0;0;0;1;0;0;0;1;0;
NOP
Al-Farouq Aminu;F;29:28;2;5;0;0;0;0;1;4;5;2;0;3;1;2;4;
Anthony Davis;F;32:35;8;13;1;1;4;6;1;6;7;1;1;3;3;4;21;
Alexis Ajinca;C;14:42;3;5;0;0;0;0;1;5;6;2;0;1;0;2;6;
Eric Gordon;G;37:48;9;18;1;5;4;5;0;3;3;4;1;1;0;2;23;
Jrue Holiday;G;28:58;3;11;0;1;2;2;0;3;3;3;3;0;1;1;8;
Jason Smith;;22:47;1;5;0;0;5;6;2;1;3;2;0;0;1;3;7;
Tyreke Evans;;17:30;0;5;0;0;3;4;0;1;1;5;2;0;1;0;3;
Greg Stiemsma;;20:22;5;5;0;0;0;0;2;3;5;0;0;1;1;5;10;
Brian Roberts;;19:02;3;7;2;4;3;3;0;2;2;3;1;0;2;2;11;
Anthony Morrow;;4:12;0;0;0;0;0;0;1;0;1;0;0;0;0;0;0;
Austin Rivers;;12:36;1;4;0;2;1;1;0;1;1;1;0;0;0;3;3;
