11-27;SAS-OKC;88-94;
21-19;25-24;15-25;27-26;
SAS
Kawhi Leonard;F;37:51;6;18;1;5;1;2;3;7;10;2;4;0;1;4;14;
Tim Duncan;F;28:30;5;14;0;0;1;2;2;6;8;0;1;2;3;0;11;
Tiago Splitter;C;24:39;3;8;0;0;0;0;2;7;9;0;1;0;0;1;6;
Danny Green;G;25:53;2;7;0;4;0;0;1;3;4;1;0;1;1;0;4;
Tony Parker;G;34:02;6;16;0;2;4;6;1;1;2;7;1;0;2;0;16;
Manu Ginobili;;25:19;5;10;1;5;1;2;0;2;2;2;2;0;3;3;12;
Boris Diaw;;19:03;3;6;2;4;2;2;1;2;3;2;0;0;1;1;10;
Jeff Ayres;;11:43;0;0;0;0;0;0;2;1;3;1;0;0;1;2;0;
Patty Mills;;13:58;3;5;3;4;0;0;0;1;1;1;1;0;0;1;9;
Marco Belinelli;;16:49;3;8;0;3;0;0;0;2;2;2;1;0;0;3;6;
Matt Bonner;;1:54;0;0;0;0;0;0;0;1;1;1;0;0;0;1;0;
Cory Joseph;;0:19;0;0;0;0;0;0;0;0;0;0;0;0;0;0;0;
OKC
Kevin Durant;F;38:10;10;23;1;5;3;3;0;13;13;4;0;0;6;1;24;
Serge Ibaka;F;37:54;7;15;0;0;3;4;2;9;11;2;1;5;0;1;17;
Kendrick Perkins;C;17:29;0;2;0;0;2;2;2;2;4;1;0;0;1;3;2;
Thabo Sefolosha;G;27:45;3;4;0;0;0;0;2;5;7;3;0;0;1;1;6;
Russell Westbrook;G;32:12;2;16;0;5;2;4;0;3;3;8;2;0;2;3;6;
Steven Adams;;11:32;1;1;0;0;0;0;1;2;3;0;0;0;2;1;2;
Jeremy Lamb;;20:15;5;7;2;3;0;0;0;2;2;1;0;0;0;1;12;
Nick Collison;;18:42;0;1;0;0;0;0;3;0;3;2;1;1;2;2;0;
Reggie Jackson;;26:11;10;14;1;2;2;2;1;3;4;2;1;0;2;0;23;
Derek Fisher;;9:50;1;1;0;0;0;0;0;1;1;1;0;0;0;4;2;
