04-16;CHI-CHA;86-91;
21-16;18-27;21-16;20-21;6-11;
CHI
Mike Dunleavy;F;42:01;4;12;2;6;2;4;1;6;7;3;0;2;0;4;12;
Carlos Boozer;F;24:00;7;12;0;0;0;0;0;11;11;0;0;0;0;2;14;
Joakim Noah;C;42:23;7;16;0;0;0;0;1;12;13;6;1;2;2;4;14;
Jimmy Butler;G;47:55;3;8;0;1;6;8;1;3;4;4;5;0;0;0;12;
Kirk Hinrich;G;30:30;4;8;3;5;0;0;0;1;1;6;1;0;1;6;11;
D.J. Augustin;;35:49;6;16;3;9;2;3;0;1;1;2;0;0;2;3;17;
Taj Gibson;;33:37;2;10;0;0;0;0;3;2;5;0;0;0;6;3;4;
Nazr Mohammed;;6:00;1;3;0;0;0;0;0;2;2;0;0;0;0;0;2;
Tony Snell;;2:45;0;1;0;1;0;0;0;0;0;0;0;0;0;0;0;
CHA
Michael Kidd-Gilchrist;F;23:11;3;4;0;0;2;2;2;1;3;0;0;1;0;1;8;
Josh McRoberts;F;34:34;3;8;1;6;0;0;1;4;5;7;1;1;1;3;7;
Al Jefferson;C;41:42;4;14;0;1;2;4;6;12;18;3;1;2;2;1;10;
Gerald Henderson;G;33:19;5;13;0;0;1;3;0;6;6;1;0;0;1;1;11;
Kemba Walker;G;39:55;6;16;0;6;10;11;0;7;7;8;1;1;0;0;22;
Cody Zeller;;18:26;4;6;0;0;0;0;1;0;1;1;1;0;3;0;8;
Gary Neal;;19:41;2;8;1;3;0;0;0;4;4;3;2;0;1;2;5;
Luke Ridnour;;13:05;1;3;1;2;0;0;0;1;1;0;0;0;0;2;3;
Chris Douglas-Roberts;;29:49;4;10;2;3;3;4;0;1;1;0;1;1;1;3;13;
Bismack Biyombo;;11:18;2;3;0;0;0;2;2;5;7;0;1;1;0;1;4;
