11-12;NOP-LAL;95-116;
19-22;20-33;23-31;33-30;
NOP
Al-Farouq Aminu;F;17:33;3;5;0;0;0;0;1;4;5;1;0;0;1;0;6;
Anthony Davis;F;26:29;6;11;0;0;3;4;1;4;5;2;2;0;1;4;15;
Jason Smith;C;27:49;4;13;0;0;0;0;0;3;3;1;2;0;0;2;8;
Eric Gordon;G;32:03;5;13;0;3;7;7;0;1;1;3;3;0;2;1;17;
Jrue Holiday;G;27:11;2;11;0;1;3;3;1;2;3;5;0;1;3;1;7;
Greg Stiemsma;;11:41;1;2;0;0;0;0;0;1;1;0;0;0;1;0;2;
Tyreke Evans;;30:40;4;13;0;1;3;7;1;3;4;6;1;0;1;1;11;
Brian Roberts;;8:54;1;5;0;2;0;0;0;0;0;1;0;0;1;2;2;
Anthony Morrow;;16:11;3;3;2;2;0;0;0;1;1;1;2;0;1;2;8;
Austin Rivers;;14:47;2;4;1;1;2;2;0;0;0;2;0;0;1;2;7;
Lou Amundson;;8:24;1;2;0;0;1;4;1;2;3;1;0;1;0;2;3;
Jeff Withey;;18:17;2;2;0;0;5;6;4;1;5;0;1;1;1;3;9;
LAL
Wesley Johnson;F;20:52;2;4;0;1;1;2;0;5;5;0;0;0;1;3;5;
Jordan Hill;F;26:18;7;12;0;0;7;8;2;9;11;2;2;1;2;4;21;
Pau Gasol;C;25:53;6;10;0;1;2;2;1;7;8;3;0;1;1;3;14;
Jodie Meeks;G;25:52;5;7;3;5;2;2;0;3;3;0;1;0;1;3;15;
Steve Blake;G;27:27;1;4;1;2;2;2;0;1;1;10;0;0;2;1;5;
Chris Kaman;;21:24;4;9;0;0;0;0;2;7;9;6;1;0;3;3;8;
Nick Young;;23:20;7;11;1;2;2;2;0;0;0;1;0;0;0;2;17;
Jordan Farmar;;20:33;4;9;1;3;0;0;2;5;7;8;0;1;2;1;9;
Xavier Henry;;22:09;6;8;3;3;0;0;0;2;2;1;3;0;5;3;15;
Shawne Williams;;12:56;1;1;1;1;0;0;0;1;1;1;0;0;1;5;3;
Robert Sacre;;5:42;0;2;0;0;1;2;1;3;4;1;0;1;1;2;1;
Ryan Kelly;;3:47;1;2;1;2;0;1;0;1;1;0;0;0;0;1;3;
Elias Harris;;3:47;0;0;0;0;0;0;1;0;1;0;0;0;0;0;0;
