04-02;CHI-ATL;105-92;
31-31;26-18;21-23;27-20;
CHI
Mike Dunleavy;F;30:35;2;3;2;2;2;2;0;2;2;3;2;0;1;3;8;
Carlos Boozer;F;24:00;5;8;0;0;2;3;1;5;6;2;0;0;4;1;12;
Joakim Noah;C;37:57;5;10;0;0;0;0;2;8;10;6;2;0;1;4;10;
Jimmy Butler;G;40:53;6;16;3;8;2;2;1;1;2;2;3;0;0;2;17;
Kirk Hinrich;G;30:51;7;13;1;4;2;2;1;2;3;6;2;0;2;1;17;
Tony Snell;;13:25;2;3;2;3;0;0;0;3;3;1;0;0;0;2;6;
D.J. Augustin;;28:16;8;15;4;8;3;4;0;1;1;5;2;0;3;3;23;
Taj Gibson;;28:12;4;9;0;0;2;2;2;4;6;2;2;2;2;2;10;
Nazr Mohammed;;5:51;1;1;0;0;0;0;0;3;3;0;0;1;0;1;2;
ATL
DeMarre Carroll;F;36:26;3;8;0;2;2;3;3;3;6;3;0;0;1;2;8;
Paul Millsap;F;37:19;8;17;1;3;5;7;2;9;11;3;2;1;1;3;22;
Pero Antic;C;10:11;0;2;0;1;0;0;0;1;1;1;0;0;0;2;0;
Kyle Korver;G;33:30;4;9;4;6;0;0;0;4;4;1;0;0;4;0;12;
Jeff Teague;G;35:04;7;14;3;7;4;5;1;1;2;8;2;0;4;2;21;
Lou Williams;;21:03;1;4;0;2;4;5;0;2;2;5;1;0;5;1;6;
Elton Brand;;25:52;4;5;0;0;0;0;0;5;5;3;2;1;0;3;8;
Mike Scott;;10:41;1;3;0;1;0;0;1;2;3;0;0;1;0;1;2;
Dennis Schroder;;12:56;2;5;0;1;1;2;0;1;1;0;0;0;1;3;5;
Mike Muscala;;11:57;2;4;0;1;4;4;2;1;3;0;0;0;0;0;8;
Shelvin Mack;;5:01;0;1;0;0;0;0;0;0;0;0;0;0;0;0;0;
