01-21;BOS-MIA;86-93;
15-29;25-22;27-20;19-22;
BOS
Jeff Green;F;36:51;5;15;2;7;0;0;0;6;6;1;0;1;3;3;12;
Jared Sullinger;F;28:58;4;14;0;5;4;4;8;3;11;1;2;0;2;3;12;
Kris Humphries;C;28:36;7;10;0;0;0;0;4;9;13;2;1;0;2;4;14;
Avery Bradley;G;7:23;0;3;0;1;3;3;0;1;1;0;0;0;1;1;3;
Rajon Rondo;G;25:43;0;8;0;3;1;4;0;3;3;5;1;0;3;1;1;
Brandon Bass;;18:15;5;7;0;0;5;5;2;1;3;2;1;1;2;1;15;
Gerald Wallace;;26:49;3;9;1;4;1;1;0;2;2;2;0;0;2;1;8;
Phil Pressey;;22:17;1;3;0;2;0;0;0;0;0;3;1;0;1;1;2;
Kelly Olynyk;;13:02;3;7;0;0;0;0;1;0;1;0;1;0;0;3;6;
Joel Anthony;;7:09;1;1;0;0;0;0;0;3;3;0;0;1;0;0;2;
Chris Johnson;;24:57;4;7;2;5;1;1;2;1;3;1;1;0;0;1;11;
MIA
LeBron James;F;38:48;10;19;0;4;9;11;1;7;8;4;2;0;3;1;29;
Shane Battier;F;21:27;2;5;0;2;0;0;0;1;1;2;0;1;0;1;4;
Chris Bosh;C;34:20;7;10;2;3;0;0;0;6;6;0;0;1;2;1;16;
Ray Allen;G;33:02;3;7;1;4;0;0;1;3;4;4;0;0;1;2;7;
Mario Chalmers;G;33:57;4;8;0;1;0;1;1;1;2;6;0;1;2;2;8;
Chris Andersen;;24:36;5;5;0;0;3;4;3;4;7;0;1;1;2;1;13;
Norris Cole;;28:57;1;7;0;3;0;0;0;0;0;6;3;0;4;3;2;
Michael Beasley;;12:53;4;6;1;1;0;0;0;2;2;0;1;0;0;4;9;
Rashard Lewis;;6:26;1;4;1;2;0;0;0;2;2;0;0;0;0;1;3;
Greg Oden;;5:34;1;3;0;0;0;0;1;0;1;0;0;1;0;2;2;
