01-07;LAL-DAL;97-110;
31-33;22-27;24-25;20-25;
LAL
Wesley Johnson;F;35:45;7;14;3;7;0;0;3;1;4;1;0;0;2;3;17;
Pau Gasol;F;36:14;5;14;0;0;5;7;4;9;13;5;0;2;3;2;15;
Robert Sacre;C;27:36;3;9;0;0;1;2;2;8;10;0;1;0;2;1;7;
Jodie Meeks;G;41:19;6;16;4;11;8;9;1;3;4;6;4;0;2;2;24;
Kendall Marshall;G;33:24;7;10;3;5;1;2;0;3;3;6;0;0;6;0;18;
Nick Young;;18:50;1;7;0;4;0;0;0;3;3;0;0;0;2;1;2;
Jordan Hill;;20:14;4;6;0;0;1;4;1;4;5;0;0;0;1;4;9;
Ryan Kelly;;26:38;1;5;1;4;2;2;0;4;4;3;1;1;1;3;5;
DAL
Shawn Marion;F;15:21;4;7;0;1;0;0;0;7;7;1;0;0;0;1;8;
Dirk Nowitzki;F;30:59;12;20;0;3;3;4;0;7;7;4;0;0;2;0;27;
DeJuan Blair;C;27:17;7;10;0;0;1;3;0;9;9;0;1;0;1;2;15;
Monta Ellis;G;37:18;7;18;0;1;2;2;0;0;0;9;5;0;3;3;16;
Jose Calderon;G;36:07;5;8;2;4;0;0;1;1;2;8;5;0;1;1;12;
Vince Carter;;25:30;7;12;3;5;2;2;2;3;5;1;1;0;1;1;19;
Samuel Dalembert;;12:34;0;0;0;0;0;2;1;4;5;1;1;2;1;2;0;
Jae Crowder;;21:39;2;5;0;2;1;2;0;1;1;1;4;1;0;0;5;
Brandan Wright;;17:48;4;7;0;0;0;0;2;1;3;3;0;0;0;4;8;
Gal Mekel;;7:09;0;0;0;0;0;0;0;1;1;4;0;0;3;3;0;
Wayne Ellington;;6:46;0;3;0;1;0;0;0;0;0;0;0;0;0;0;0;
Shane Larkin;;1:32;0;0;0;0;0;0;0;0;0;0;0;0;0;0;0;
