11-01;LAC-SAC;110-101;
24-22;30-23;25-32;31-24;
LAC
Jared Dudley;F;23:41;3;7;2;2;2;2;0;0;0;0;0;0;1;2;10;
Blake Griffin;F;41:23;6;13;0;1;8;8;3;14;17;7;0;2;2;2;20;
DeAndre Jordan;C;31:03;2;3;0;0;4;6;3;5;8;1;1;2;3;5;8;
JJ Redick;G;28:01;5;8;1;4;2;2;0;0;0;1;1;0;1;2;13;
Chris Paul;G;35:57;7;14;3;5;9;9;2;2;4;10;0;0;3;4;26;
Matt Barnes;;21:50;3;6;2;4;2;4;0;3;3;3;2;0;0;3;10;
Jamal Crawford;;22:12;7;10;3;5;1;3;0;1;1;1;0;0;1;0;18;
Darren Collison;;12:40;1;4;0;0;0;0;0;2;2;3;0;0;0;2;2;
Byron Mullens;;15:12;1;4;1;3;0;0;1;2;3;0;0;0;1;4;3;
Ryan Hollins;;8:01;0;1;0;0;0;0;1;0;1;0;0;1;3;5;0;
SAC
John Salmons;F;28:41;1;7;0;1;0;0;0;1;1;3;2;1;1;2;2;
Patrick Patterson;F;18:05;3;8;0;4;0;0;1;2;3;1;1;0;0;1;6;
DeMarcus Cousins;C;35:21;9;19;0;1;6;9;3;7;10;4;3;2;4;5;24;
Marcus Thornton;G;32:46;6;12;3;7;2;2;2;2;4;1;0;0;0;2;17;
Greivis Vasquez;G;20:09;2;5;0;0;4;4;0;2;2;4;0;0;0;1;8;
Isaiah Thomas;;31:01;9;13;3;3;8;10;0;2;2;4;1;0;1;2;29;
Jason Thompson;;29:55;4;8;0;0;3;5;1;6;7;2;0;2;1;6;11;
Ben McLemore;;13:23;1;2;0;0;0;2;0;0;0;1;0;0;0;4;2;
Charles Hayes;;11:56;0;1;0;0;0;0;1;2;3;0;0;0;1;2;0;
Travis Outlaw;;18:22;1;4;0;1;0;0;2;1;3;1;0;0;1;1;2;
Hamady Ndiaye;;0:22;0;0;0;0;0;0;0;0;0;0;0;0;0;1;0;
