12-27;OKC-CHA;89-85;
21-20;21-16;20-24;27-25;
OKC
Kevin Durant;F;40:02;14;28;2;6;4;6;2;10;12;6;0;0;2;3;34;
Serge Ibaka;F;36:20;6;8;0;1;0;0;2;7;9;2;0;3;2;3;12;
Kendrick Perkins;C;25:27;0;3;0;0;0;2;4;6;10;1;1;1;3;1;0;
Thabo Sefolosha;G;24:06;3;5;3;5;3;4;0;3;3;2;0;0;0;1;12;
Reggie Jackson;G;30:04;4;19;1;5;1;2;0;6;6;3;1;0;0;1;10;
Perry Jones;;9:49;0;0;0;0;0;0;0;0;0;0;0;0;0;0;0;
Jeremy Lamb;;23:54;4;10;1;4;1;2;0;2;2;1;0;0;1;0;10;
Steven Adams;;16:08;1;1;0;0;4;6;2;1;3;1;0;1;0;3;6;
Derek Fisher;;17:56;1;4;1;3;0;0;0;2;2;0;0;0;2;3;3;
Nick Collison;;16:15;0;2;0;1;2;2;0;1;1;3;0;0;1;3;2;
CHA
Anthony Tolliver;F;35:14;2;5;2;5;0;0;0;3;3;2;1;0;0;1;6;
Josh McRoberts;F;31:36;5;13;3;7;0;0;1;5;6;7;2;2;1;3;13;
Al Jefferson;C;34:32;7;16;0;0;2;2;2;9;11;0;0;1;0;2;16;
Gerald Henderson;G;32:32;6;12;1;2;1;1;0;3;3;1;0;0;0;4;14;
Kemba Walker;G;36:26;6;17;2;4;4;6;0;4;4;7;1;0;0;1;18;
Cody Zeller;;16:24;0;5;0;0;3;4;2;2;4;1;1;0;4;1;3;
Bismack Biyombo;;13:28;1;2;0;0;0;0;3;1;4;0;0;2;1;3;2;
Ramon Sessions;;15:28;2;3;1;1;4;5;0;3;3;2;0;0;0;0;9;
Chris Douglas-Roberts;;12:46;0;3;0;2;2;2;1;2;3;0;0;0;1;3;2;
Ben Gordon;;11:34;1;4;0;2;0;0;0;2;2;0;0;0;1;0;2;
