01-02;MEM-PHX;99-91;
22-26;31-15;16-32;30-18;
MEM
Tayshaun Prince;F;15:15;1;5;0;1;0;0;0;2;2;2;1;0;0;1;2;
Zach Randolph;F;38:24;10;20;0;0;0;0;5;10;15;0;0;1;3;1;20;
Kosta Koufos;C;20:17;5;10;0;0;0;0;4;5;9;0;0;0;1;1;10;
Tony Allen;G;12:38;1;2;0;0;0;3;0;0;0;1;1;0;1;0;2;
Mike Conley;G;30:25;4;11;0;1;3;3;0;4;4;6;0;1;6;1;11;
Jerryd Bayless;;31:05;6;11;3;6;2;4;0;1;1;4;1;0;0;4;17;
James Johnson;;21:52;3;7;0;2;0;0;2;4;6;1;1;2;4;4;6;
Mike Miller;;32:45;4;7;0;1;3;3;1;6;7;4;0;0;0;1;11;
Ed Davis;;27:43;8;11;0;0;0;1;4;7;11;2;2;0;0;2;16;
Jon Leuer;;9:36;2;8;0;3;0;0;3;1;4;0;0;0;0;1;4;
PHX
PJ Tucker;F;32:25;5;13;1;2;1;1;3;2;5;4;0;0;1;1;12;
Channing Frye;F;35:02;5;14;4;10;0;0;1;5;6;1;1;0;2;2;14;
Miles Plumlee;C;34:37;4;8;0;0;0;0;2;10;12;0;1;3;1;2;8;
Gerald Green;G;32:05;4;10;1;7;0;0;0;2;2;3;4;0;0;3;9;
Goran Dragic;G;37:56;13;22;2;6;5;9;1;2;3;7;3;0;4;2;33;
Markieff Morris;;24:56;5;11;0;2;0;0;1;0;1;0;2;2;2;3;10;
Ish Smith;;19:37;1;6;0;0;1;1;3;3;6;2;0;0;2;1;3;
Marcus Morris;;15:35;0;5;0;2;2;5;2;3;5;1;0;0;0;0;2;
Archie Goodwin;;5:09;0;0;0;0;0;0;0;0;0;0;0;0;0;0;0;
Dionte Christmas;;2:38;0;1;0;1;0;0;0;0;0;0;0;0;0;0;0;
