12-10;MIN-DET;121-94;
33-32;31-19;32-26;25-17;
MIN
Corey Brewer;F;28:12;5;10;1;5;0;0;0;0;0;4;1;0;1;1;11;
Kevin Love;F;30:03;6;15;4;6;10;10;6;10;16;7;0;0;4;1;26;
Nikola Pekovic;C;32:51;7;14;0;0;4;6;2;3;5;0;0;0;2;2;18;
Kevin Martin;G;30:13;5;9;3;5;5;5;0;2;2;1;4;0;1;0;18;
Ricky Rubio;G;28:15;5;9;1;2;4;4;1;3;4;9;2;0;0;3;15;
Alexey Shved;;17:47;0;3;0;1;2;2;0;2;2;3;1;0;2;2;2;
Dante Cunningham;;25:07;3;6;0;0;0;0;2;6;8;0;3;0;1;3;6;
Luc Mbah a Moute;;12:20;0;1;0;0;0;2;1;1;2;1;1;0;0;1;0;
Jose Juan Barea;;17:09;4;8;1;3;1;2;0;2;2;6;0;0;0;1;10;
Robbie Hummel;;10:15;4;6;0;0;0;0;2;1;3;0;0;0;0;1;8;
A.J. Price;;2:36;2;3;1;2;0;0;0;1;1;0;0;0;1;0;5;
Shabazz Muhammad;;2:36;0;0;0;0;2;2;0;0;0;0;0;0;0;0;2;
Gorgui Dieng;;2:36;0;1;0;0;0;0;0;1;1;0;0;0;0;1;0;
DET
Josh Smith;F;33:38;7;14;1;5;2;4;0;4;4;3;1;1;1;1;17;
Greg Monroe;F;20:15;5;7;0;0;0;0;0;2;2;3;1;0;2;3;10;
Andre Drummond;C;28:38;4;9;0;0;0;1;4;4;8;0;0;2;1;2;8;
Kentavious Caldwell-Pope;G;32:41;7;14;2;6;0;0;1;3;4;0;0;1;2;3;16;
Brandon Jennings;G;31:12;8;16;2;7;2;5;0;4;4;7;1;0;6;2;20;
Kyle Singler;;11:11;0;0;0;0;0;0;0;2;2;0;0;0;0;4;0;
Chauncey Billups;;17:50;2;7;1;3;2;2;0;0;0;5;0;0;0;3;7;
Josh Harrellson;;12:48;2;4;0;2;0;0;1;2;3;1;0;0;1;2;4;
Jonas Jerebko;;21:10;2;3;0;0;1;2;1;3;4;1;0;0;4;3;5;
Charlie Villanueva;;8:02;1;2;1;2;0;0;0;1;1;0;0;0;0;0;3;
Tony Mitchell;;9:34;1;1;1;1;1;2;3;1;4;0;1;1;2;0;4;
Peyton Siva;;7:01;0;0;0;0;0;0;0;1;1;2;0;0;1;0;0;
Gigi Datome;;6:00;0;6;0;2;0;0;1;1;2;0;0;0;0;1;0;
