02-26;NOP-DAL;89-108;
27-20;16-29;24-29;22-30;
NOP
Al-Farouq Aminu;F;17:36;2;4;0;1;0;2;0;2;2;2;0;0;2;2;4;
Anthony Davis;F;12:37;3;9;0;0;0;0;1;8;9;1;0;2;0;1;6;
Greg Stiemsma;C;14:44;0;0;0;0;0;0;2;0;2;0;0;0;0;0;0;
Eric Gordon;G;34:01;7;11;3;5;2;4;0;2;2;2;1;0;5;0;19;
Brian Roberts;G;29:04;6;9;3;5;2;2;0;2;2;3;0;0;2;0;17;
Tyreke Evans;;27:20;2;9;0;2;0;1;0;6;6;7;2;0;1;2;4;
Alexis Ajinca;;25:41;6;10;0;0;2;2;4;4;8;3;0;1;1;3;14;
Luke Babbitt;;25:34;4;6;2;4;0;0;1;2;3;1;0;0;1;2;10;
Austin Rivers;;16:43;2;4;1;1;1;6;1;1;2;2;0;0;2;1;6;
Anthony Morrow;;18:34;1;6;0;2;1;2;0;1;1;0;0;0;2;0;3;
Jeff Withey;;7:27;0;0;0;0;0;0;1;2;3;0;1;0;2;1;0;
Darius Miller;;10:39;3;3;0;0;0;0;0;0;0;1;0;0;1;2;6;
DAL
Shawn Marion;F;31:19;5;9;0;0;0;0;1;7;8;3;3;0;0;0;10;
Dirk Nowitzki;F;27:08;7;13;1;3;3;3;0;5;5;3;2;0;1;2;18;
Samuel Dalembert;C;21:29;3;4;0;0;0;0;0;1;1;0;1;1;1;2;6;
Monta Ellis;G;33:54;8;18;1;3;6;6;0;4;4;7;4;0;2;2;23;
Jose Calderon;G;26:21;3;7;3;5;0;0;0;2;2;5;1;0;0;2;9;
Brandan Wright;;23:43;3;4;0;0;2;2;3;5;8;1;3;3;0;0;8;
Devin Harris;;22:12;1;7;0;3;1;2;0;2;2;4;0;0;1;1;3;
Vince Carter;;21:37;6;9;1;3;4;4;0;2;2;2;1;0;2;1;17;
DeJuan Blair;;3:04;1;2;0;0;0;0;0;0;0;1;0;0;1;1;2;
Wayne Ellington;;21:46;4;6;4;5;0;0;0;2;2;1;0;0;1;2;12;
Jae Crowder;;2:29;0;0;0;0;0;0;0;0;0;0;0;0;0;0;0;
Shane Larkin;;2:29;0;0;0;0;0;0;0;0;0;1;0;0;0;1;0;
Bernard James;;2:29;0;0;0;0;0;0;0;0;0;0;0;0;0;0;0;
