02-26;BKN-POR;80-124;
20-29;14-29;25-24;21-42;
BKN
Joe Johnson;F;26:26;4;11;1;4;2;2;0;1;1;1;0;0;2;0;11;
Paul Pierce;F;24:29;3;8;0;3;0;0;1;3;4;1;1;0;1;2;6;
Kevin Garnett;C;13:53;2;3;0;0;2;2;0;7;7;0;0;0;1;2;6;
Shaun Livingston;G;12:18;0;4;0;0;0;0;0;0;0;2;0;0;1;3;0;
Deron Williams;G;24:29;4;10;0;2;4;5;0;0;0;3;3;1;0;2;12;
Andrei Kirilenko;;11:59;1;1;0;0;0;0;0;1;1;0;1;0;0;0;2;
Andray Blatche;;13:45;1;6;0;1;1;2;0;2;2;1;0;0;0;2;3;
Alan Anderson;;23:31;2;6;0;2;0;0;1;1;2;3;1;0;2;0;4;
Mirza Teletovic;;23:31;3;6;2;3;0;0;2;4;6;2;1;0;2;3;8;
Marcus Thornton;;27:00;4;11;1;6;0;0;1;1;2;1;0;0;2;1;9;
Mason Plumlee;;13:20;5;8;0;0;0;2;2;0;2;0;0;0;0;1;10;
Marquis Teague;;18:17;3;6;0;1;3;4;0;2;2;4;1;0;1;2;9;
Jason Collins;;7:02;0;1;0;0;0;0;0;0;0;0;0;0;0;0;0;
POR
Nicolas Batum;F;29:00;6;12;1;4;6;6;0;6;6;6;2;0;1;2;19;
Dorell Wright;F;24:54;1;4;1;4;1;2;1;5;6;5;0;1;0;2;4;
Robin Lopez;C;26:18;4;6;0;0;3;4;3;5;8;1;0;2;1;0;11;
Wesley Matthews;G;27:40;3;7;1;2;1;1;1;3;4;3;1;2;2;0;8;
Damian Lillard;G;28:54;6;11;2;3;0;0;0;1;1;0;1;0;2;2;14;
Mo Williams;;26:59;8;13;3;5;2;2;2;4;6;7;1;0;2;1;21;
Victor Claver;;21:42;5;7;1;3;2;2;1;4;5;1;0;0;1;4;13;
CJ McCollum;;12:19;4;8;3;4;0;0;1;2;3;0;0;0;1;1;11;
Will Barton;;28:25;8;13;0;2;4;4;3;8;11;4;0;1;1;2;20;
Allen Crabbe;;7:09;0;4;0;3;0;0;0;1;1;0;0;0;0;0;0;
Earl Watson;;6:40;1;1;1;1;0;0;1;1;2;2;1;0;0;1;3;
