01-26;DEN-SAC;125-117;
30-31;35-28;30-34;30-24;
DEN
Wilson Chandler;F;34:29;6;16;3;7;5;6;0;4;4;5;1;0;1;5;20;
Kenneth Faried;F;34:16;7;12;0;0;1;2;4;7;11;4;1;1;1;3;15;
JJ Hickson;C;33:24;2;4;0;0;4;8;2;8;10;2;2;1;3;2;8;
Randy Foye;G;25:57;4;13;2;9;2;2;0;1;1;0;0;0;0;2;12;
Ty Lawson;G;35:17;9;15;1;1;8;10;0;3;3;6;2;0;2;2;27;
Timofey Mozgov;;23:57;5;5;0;0;4;4;0;2;2;0;1;2;1;4;14;
Evan Fournier;;14:46;2;4;1;2;4;4;0;2;2;2;0;0;1;1;9;
Quincy Miller;;13:31;3;4;2;2;0;0;0;3;3;1;2;1;1;2;8;
Nate Robinson;;24:24;4;8;1;4;3;4;0;1;1;8;2;0;1;4;12;
SAC
Derrick Williams;F;31:18;3;5;0;0;6;7;0;8;8;0;2;1;2;0;12;
Jason Thompson;F;27:41;5;7;0;0;3;4;5;5;10;1;1;0;3;5;13;
Aaron Gray;C;25:08;3;4;0;0;0;0;3;5;8;5;2;0;3;2;6;
Marcus Thornton;G;27:39;8;13;0;3;3;3;0;2;2;1;0;0;1;4;19;
Isaiah Thomas;G;36:29;7;21;1;6;7;8;1;4;5;8;1;0;3;3;22;
Quincy Acy;;15:19;2;3;0;0;0;0;0;1;1;1;0;0;0;4;4;
Carl Landry;;18:52;1;4;0;0;4;4;0;2;2;0;2;0;1;2;6;
Ben McLemore;;29:21;6;12;2;4;4;6;0;3;3;3;2;0;1;3;18;
Travis Outlaw;;16:42;4;7;0;1;2;2;0;2;2;2;0;0;0;5;10;
Jimmer Fredette;;11:11;3;5;1;2;0;0;0;0;0;2;0;0;2;2;7;
Ray McCallum;;0:20;0;0;0;0;0;0;0;0;0;0;0;0;0;1;0;
