03-26;PHX-WAS;99-93;
25-23;29-21;25-25;20-24;
PHX
PJ Tucker;F;33:55;3;5;2;3;0;0;0;9;9;2;2;0;1;2;8;
Channing Frye;F;23:47;4;9;2;6;0;0;0;3;3;2;2;0;1;1;10;
Miles Plumlee;C;17:59;2;3;0;0;0;0;1;2;3;0;0;0;3;1;4;
Eric Bledsoe;G;37:18;8;18;3;4;4;4;1;5;6;6;3;0;7;3;23;
Goran Dragic;G;37:21;11;17;3;5;0;0;3;4;7;6;0;1;4;3;25;
Markieff Morris;;33:21;3;8;0;1;2;2;1;3;4;4;1;1;2;2;8;
Gerald Green;;30:02;5;13;3;7;5;6;0;4;4;1;0;0;0;3;18;
Alex Len;;4:15;0;0;0;0;0;0;0;1;1;0;0;1;0;1;0;
Marcus Morris;;13:56;1;2;1;2;0;0;0;2;2;0;0;1;0;0;3;
Ish Smith;;8:06;0;0;0;0;0;0;0;0;0;1;0;0;1;2;0;
WAS
Trevor Ariza;F;40:19;6;14;1;4;1;2;1;7;8;4;1;0;3;0;14;
Trevor Booker;F;16:02;1;4;0;0;0;0;1;1;2;1;0;0;0;1;2;
Marcin Gortat;C;30:14;8;11;0;0;1;4;2;3;5;0;0;0;2;1;17;
Bradley Beal;G;33:12;3;11;0;3;2;2;0;3;3;5;2;0;2;1;8;
John Wall;G;41:11;10;22;2;6;7;10;0;1;1;6;2;1;4;2;29;
Martell Webster;;24:21;3;4;3;4;1;2;0;2;2;0;0;0;0;3;10;
Drew Gooden;;18:21;3;5;0;0;0;0;3;4;7;0;0;0;0;1;6;
Andre Miller;;21:35;3;6;0;0;1;1;0;5;5;2;4;0;1;1;7;
Kevin Seraphin;;4:15;0;1;0;0;0;0;0;0;0;0;0;0;1;1;0;
Al Harrington;;8:47;0;2;0;2;0;0;0;2;2;3;0;0;1;2;0;
Garrett Temple;;1:44;0;1;0;0;0;0;0;0;0;0;0;0;0;0;0;
