12-18;NYK-MIL;107-101;
24-22;21-22;23-22;19-21;7-7;13-7;
NYK
Carmelo Anthony;F;50:27;8;28;3;6;2;2;4;5;9;4;0;2;4;4;21;
J.R. Smith;F;43:29;6;22;5;17;0;0;1;3;4;6;0;0;1;3;17;
Tyson Chandler;C;32:09;3;4;0;0;3;4;5;3;8;1;1;3;1;3;9;
Beno Udrih;G;36:19;7;11;4;6;0;0;0;3;3;4;2;0;0;5;18;
Iman Shumpert;G;29:19;0;5;0;2;1;2;1;5;6;4;2;1;3;4;1;
Andrea Bargnani;;30:52;5;16;2;6;0;0;2;8;10;0;0;0;1;4;12;
Tim Hardaway Jr.;;21:50;3;7;1;2;1;1;0;3;3;3;1;0;0;2;8;
Toure Murry;;9:52;0;1;0;0;0;0;0;2;2;1;1;0;0;3;0;
Metta World Peace;;10:43;3;4;0;0;2;4;1;0;1;1;4;0;0;0;8;
MIL
Khris Middleton;F;47:04;6;18;2;4;2;3;2;6;8;2;1;0;2;5;16;
Ersan Ilyasova;F;44:25;2;10;0;4;7;8;1;3;4;2;0;1;2;2;11;
John Henson;C;45:39;7;12;0;0;5;8;4;10;14;2;0;1;3;2;19;
Giannis Antetokounmpo;G;37:05;2;3;0;0;4;5;1;6;7;2;1;1;3;4;8;
Brandon Knight;G;44:47;13;23;6;11;4;6;1;8;9;2;0;1;8;4;36;
Nate Wolters;;13:39;1;3;0;1;0;0;0;2;2;1;0;0;0;0;2;
Ekpe Udoh;;15:56;0;2;0;0;0;0;2;6;8;0;1;1;1;3;0;
Luke Ridnour;;16:25;1;3;0;1;0;0;1;0;1;1;0;0;1;1;2;
