11-26;BKN-TOR;102-100;
26-28;29-23;26-25;21-24;
BKN
Paul Pierce;F;31:33;5;8;1;3;5;5;0;4;4;4;1;0;4;2;16;
Kevin Garnett;F;24:28;5;11;0;0;2;2;1;5;6;4;1;0;0;2;12;
Andray Blatche;C;31:30;10;16;0;1;4;4;3;2;5;0;2;2;2;0;24;
Joe Johnson;G;38:44;7;18;3;5;4;4;1;5;6;4;0;0;2;1;21;
Shaun Livingston;G;28:50;1;3;0;0;3;4;2;4;6;7;2;0;2;2;5;
Mason Plumlee;;16:11;4;5;0;0;1;1;1;1;2;0;0;1;2;4;9;
Alan Anderson;;28:19;3;8;0;4;0;0;2;2;4;1;1;0;0;2;6;
Tyshawn Taylor;;19:10;4;7;0;1;1;2;0;1;1;4;0;0;1;4;9;
Mirza Teletovic;;21:15;0;1;0;0;0;0;1;4;5;1;0;0;2;1;0;
TOR
Rudy Gay;F;32:09;3;12;1;2;2;2;1;3;4;4;0;1;7;3;9;
Amir Johnson;F;32:28;2;7;0;2;2;2;0;5;5;1;0;0;1;5;6;
Jonas Valanciunas;C;22:12;3;6;0;0;1;1;2;5;7;0;0;0;2;1;7;
DeMar DeRozan;G;39:04;9;15;4;6;5;5;0;6;6;3;1;0;3;0;27;
Kyle Lowry;G;37:57;8;15;2;5;6;6;0;0;0;6;2;0;2;5;24;
Tyler Hansbrough;;18:18;2;5;0;0;1;2;4;3;7;0;0;0;0;3;5;
Terrence Ross;;21:29;3;7;1;4;0;0;0;1;1;0;0;0;0;2;7;
Steve Novak;;23:02;3;6;2;4;4;4;2;1;3;2;1;0;0;2;12;
Dwight Buycks;;5:38;1;3;1;2;0;0;0;1;1;1;0;0;0;1;3;
D.J. Augustin;;4:25;0;1;0;1;0;0;0;0;0;1;0;0;0;1;0;
Landry Fields;;3:18;0;1;0;0;0;0;0;0;0;0;0;0;0;1;0;
