03-19;TOR-NOP;107-100;
24-32;32-25;25-28;26-15;
TOR
Terrence Ross;F;17:20;3;9;0;2;0;0;2;0;2;1;0;0;0;4;6;
Amir Johnson;F;35:11;8;13;1;1;0;0;3;6;9;2;1;2;0;2;17;
Tyler Hansbrough;C;36:09;3;8;0;0;1;1;7;6;13;0;0;0;1;3;7;
DeMar DeRozan;G;38:44;9;19;2;4;11;13;0;3;3;4;3;0;1;3;31;
Kyle Lowry;G;37:13;6;18;3;7;8;10;3;5;8;5;2;0;6;1;23;
John Salmons;;18:49;1;5;1;2;1;2;1;0;1;0;0;0;2;1;4;
Greivis Vasquez;;21:12;4;7;2;5;4;5;1;1;2;3;0;1;1;1;14;
Charles Hayes;;17:33;2;6;0;0;1;1;4;4;8;2;1;1;0;3;5;
Steve Novak;;4:14;0;0;0;0;0;0;0;0;0;0;0;0;0;1;0;
Nando De Colo;;13:35;0;1;0;1;0;0;1;1;2;3;1;1;0;1;0;
NOP
Tyreke Evans;F;35:27;7;10;0;0;4;5;0;4;4;3;0;1;1;0;18;
Jeff Withey;F;26:58;3;6;0;0;3;6;1;3;4;1;1;2;0;4;9;
Greg Stiemsma;C;14:44;1;2;0;0;0;0;0;1;1;2;0;0;1;4;2;
Eric Gordon;G;29:11;4;10;2;6;5;6;0;2;2;2;0;0;4;4;15;
Brian Roberts;G;28:49;4;10;1;3;2;2;0;3;3;2;0;1;3;2;11;
Alexis Ajinca;;21:25;3;4;0;0;4;4;2;5;7;2;2;1;0;3;10;
Al-Farouq Aminu;;32:53;7;8;1;1;4;6;2;8;10;0;0;1;2;4;19;
Austin Rivers;;22:49;4;9;0;1;2;3;0;2;2;2;0;0;0;2;10;
Anthony Morrow;;15:49;3;6;0;1;0;0;0;1;1;2;0;0;1;0;6;
Darius Miller;;11:55;0;2;0;1;0;0;0;0;0;0;1;0;0;2;0;
