03-05;DAL-DEN;110-115;
34-41;17-27;22-11;37-36;
DAL
Shawn Marion;F;29:09;7;12;1;2;0;0;3;3;6;0;0;0;1;1;15;
Dirk Nowitzki;F;34:21;13;20;1;2;0;0;0;7;7;0;0;0;1;4;27;
Samuel Dalembert;C;9:33;0;3;0;0;0;0;0;1;1;1;0;0;0;0;0;
Monta Ellis;G;38:39;7;13;1;1;1;1;0;1;1;4;1;1;3;5;16;
Jose Calderon;G;30:38;2;5;1;4;0;0;1;1;2;6;1;0;4;1;5;
DeJuan Blair;;2:59;0;0;0;0;0;0;0;0;0;0;0;0;0;1;0;
Vince Carter;;20:47;5;12;3;7;4;4;0;1;1;0;1;0;1;4;17;
Devin Harris;;17:49;0;5;0;2;2;2;1;3;4;11;1;0;1;2;2;
Jae Crowder;;15:50;2;2;2;2;2;2;1;3;4;1;0;1;2;1;8;
Brandan Wright;;25:00;9;13;0;0;0;0;2;1;3;0;1;2;1;2;18;
Shane Larkin;;4:47;1;1;0;0;0;0;0;0;0;1;0;0;0;1;2;
Bernard James;;10:28;0;1;0;0;0;0;0;4;4;0;1;0;1;5;0;
DEN
Wilson Chandler;F;32:26;6;17;3;7;6;8;2;3;5;1;2;0;2;3;21;
Kenneth Faried;F;32:02;5;10;0;0;6;6;3;5;8;4;0;0;2;1;16;
Timofey Mozgov;C;20:31;0;5;0;0;3;4;6;4;10;1;0;1;1;1;3;
Randy Foye;G;38:02;5;9;4;8;2;2;1;2;3;4;2;0;4;3;16;
Ty Lawson;G;35:26;5;12;2;5;8;9;2;4;6;7;2;0;2;1;20;
Evan Fournier;;14:39;3;5;2;2;1;2;0;0;0;2;1;0;1;3;9;
Quincy Miller;;8:26;0;0;0;0;0;0;0;0;0;0;0;0;1;1;0;
JJ Hickson;;26:29;8;10;0;0;0;1;1;4;5;3;0;5;0;1;16;
Anthony Randolph;;0:48;0;0;0;0;0;0;0;0;0;0;0;0;0;0;0;
Aaron Brooks;;17:02;2;6;0;2;0;0;0;2;2;4;4;0;0;1;4;
Darrell Arthur;;14:10;3;5;0;0;4;4;1;3;4;1;1;0;1;1;10;
