04-13;MEM-LAL;102-90;
23-27;30-25;34-17;15-21;
MEM
Tayshaun Prince;F;21:27;4;7;1;1;0;0;1;4;5;2;0;1;0;0;9;
Zach Randolph;F;30:56;4;8;0;0;2;4;1;5;6;4;2;0;4;2;10;
Marc Gasol;C;36:16;7;16;0;0;4;5;4;11;15;4;3;0;3;1;18;
Courtney Lee;G;29:45;4;11;2;4;0;0;2;1;3;3;0;1;2;2;10;
Mike Conley;G;34:30;9;12;2;3;4;4;0;1;1;8;2;0;1;2;24;
Tony Allen;;19:24;4;12;0;2;0;0;2;3;5;3;2;1;2;1;8;
Kosta Koufos;;8:15;2;3;0;0;0;0;1;2;3;1;0;1;1;1;4;
Mike Miller;;23:35;5;7;3;4;0;0;1;4;5;2;1;0;2;0;13;
Nick Calathes;;14:26;1;4;0;1;0;0;0;0;0;2;0;0;1;0;2;
Ed Davis;;19:40;2;8;0;0;0;0;4;5;9;0;0;3;1;3;4;
James Johnson;;0:54;0;0;0;0;0;0;0;0;0;0;0;0;0;0;0;
Beno Udrih;;0:54;0;0;0;0;0;0;0;0;0;0;0;0;0;0;0;
LAL
Wesley Johnson;F;40:09;6;12;3;5;0;0;3;12;15;4;1;0;1;1;15;
Ryan Kelly;F;24:29;2;8;1;3;3;4;0;1;1;3;1;1;2;5;8;
Jordan Hill;C;27:01;5;9;0;0;0;0;2;8;10;3;1;2;3;3;10;
Jodie Meeks;G;38:47;7;12;1;3;5;5;0;0;0;1;0;0;0;1;20;
Kendall Marshall;G;28:50;4;9;1;4;0;0;0;0;0;9;2;0;3;0;9;
Nick Young;;25:31;5;12;4;8;0;0;0;1;1;0;1;1;0;2;14;
Robert Sacre;;30:46;4;8;0;0;1;2;0;2;2;2;3;1;2;2;9;
Jordan Farmar;;24:27;2;10;1;4;0;0;0;3;3;7;0;0;4;1;5;
