01-27;ATL-OKC;109-111;
32-26;25-24;30-29;22-32;
ATL
DeMarre Carroll;F;41:41;7;14;0;3;1;2;2;1;3;0;5;0;0;4;15;
Paul Millsap;F;34:42;9;19;1;2;4;4;3;5;8;4;1;1;5;3;23;
Gustavo Ayon;C;25:45;3;5;0;0;0;0;4;6;10;4;1;0;2;1;6;
Kyle Korver;G;34:48;5;9;3;7;1;1;1;2;3;4;0;0;1;1;14;
Shelvin Mack;G;31:22;6;14;3;5;0;0;2;2;4;7;0;0;1;1;15;
Lou Williams;;22:56;3;8;1;3;3;3;0;2;2;3;1;0;4;1;10;
Elton Brand;;15:10;0;4;0;0;0;0;0;4;4;1;0;1;1;5;0;
Dennis Schroder;;13:14;4;6;2;2;0;0;0;0;0;1;0;0;0;0;10;
Mike Scott;;20:24;6;9;2;3;2;2;3;3;6;1;0;0;1;1;16;
OKC
Kevin Durant;F;43:29;15;25;5;7;6;8;1;3;4;5;2;3;4;0;41;
Serge Ibaka;F;31:43;4;8;1;1;0;0;1;2;3;0;1;6;3;2;9;
Kendrick Perkins;C;19:12;2;2;0;0;2;4;1;6;7;1;0;0;2;1;6;
Thabo Sefolosha;G;35:50;2;6;1;3;0;0;2;2;4;3;3;0;0;1;5;
Reggie Jackson;G;34:55;7;17;2;5;2;2;1;2;3;5;0;0;1;1;18;
Jeremy Lamb;;17:32;5;8;2;4;2;2;0;2;2;1;1;0;1;2;14;
Steven Adams;;9:38;1;2;0;0;0;2;3;1;4;0;1;0;0;1;2;
Nick Collison;;18:12;4;7;0;1;0;0;1;1;2;5;0;0;1;1;8;
Derek Fisher;;22:43;3;7;2;4;0;0;0;3;3;2;0;1;1;1;8;
Perry Jones;;6:46;0;0;0;0;0;0;0;1;1;1;0;0;1;2;0;
