12-26;SAS-DAL;116-107;
27-20;31-31;26-26;32-30;
SAS
Kawhi Leonard;F;28:02;3;6;0;2;1;2;1;7;8;2;2;1;2;5;7;
Tim Duncan;F;31:40;7;16;0;0;7;8;2;11;13;3;0;2;3;2;21;
Tiago Splitter;C;22:49;2;4;0;0;8;11;2;4;6;1;0;1;2;1;12;
Marco Belinelli;G;19:10;2;5;0;3;0;0;0;3;3;1;1;0;1;2;4;
Tony Parker;G;33:18;6;18;0;0;11;12;0;2;2;3;2;0;4;1;23;
Boris Diaw;;26:57;5;6;0;0;0;0;2;3;5;5;0;0;2;2;10;
Manu Ginobili;;28:00;2;7;1;4;3;4;1;3;4;3;1;0;2;3;8;
Jeff Ayres;;8:04;1;3;0;0;2;2;0;3;3;0;0;0;0;3;4;
Patty Mills;;14:42;2;3;1;2;0;0;0;2;2;2;0;0;1;3;5;
Danny Green;;27:12;7;7;5;5;3;3;0;0;0;2;3;2;1;3;22;
Matt Bonner;;0:06;0;0;0;0;0;0;0;0;0;0;0;0;0;0;0;
DAL
Shawn Marion;F;27:53;1;9;0;2;2;2;1;5;6;0;1;2;2;1;4;
Dirk Nowitzki;F;35:34;10;17;1;2;4;4;0;5;5;2;2;0;1;4;25;
DeJuan Blair;C;23:12;6;8;0;0;2;3;7;4;11;3;1;1;1;2;14;
Monta Ellis;G;41:18;9;19;0;3;5;7;0;3;3;6;3;0;4;4;23;
Jose Calderon;G;32:48;5;11;3;4;0;0;0;7;7;3;2;0;0;5;13;
Vince Carter;;26:27;4;12;1;4;11;11;0;2;2;3;0;0;2;5;20;
Samuel Dalembert;;24:16;4;7;0;0;0;0;1;5;6;0;0;3;1;2;8;
Jae Crowder;;15:06;0;1;0;1;0;2;0;0;0;0;2;0;1;2;0;
Gal Mekel;;3:19;0;0;0;0;0;2;0;0;0;0;0;0;1;0;0;
Shane Larkin;;10:01;0;1;0;1;0;0;0;1;1;1;0;0;1;1;0;
Wayne Ellington;;0:06;0;0;0;0;0;0;0;0;0;0;1;0;0;0;0;
