11-01;TOR-ATL;95-102;
24-25;15-24;29-30;27-23;
TOR
Rudy Gay;F;32:10;6;23;0;3;2;4;2;3;5;1;0;2;2;2;14;
Amir Johnson;F;32:59;6;9;1;3;0;0;2;6;8;2;2;0;0;4;13;
Jonas Valanciunas;C;17:43;2;5;0;0;0;0;1;3;4;0;1;2;1;3;4;
DeMar DeRozan;G;36:35;14;23;2;5;1;2;0;4;4;2;1;1;2;3;31;
Kyle Lowry;G;33:37;5;7;3;5;3;6;0;3;3;4;0;0;4;2;16;
Austin Daye;;8:18;1;4;0;3;0;0;1;2;3;0;0;0;0;2;2;
Tyler Hansbrough;;20:28;1;3;0;1;2;2;1;3;4;0;0;1;1;2;4;
D.J. Augustin;;12:25;2;5;0;1;0;0;0;1;1;4;0;0;0;1;4;
Landry Fields;;23:13;2;5;0;0;0;0;3;6;9;2;1;0;0;3;4;
Terrence Ross;;13:12;0;1;0;1;0;0;0;1;1;0;0;0;1;2;0;
Julyan Stone;;3:34;0;0;0;0;0;0;0;0;0;0;0;0;0;0;0;
Dwight Buycks;;5:46;1;3;1;1;0;0;0;0;0;0;0;0;1;1;3;
ATL
DeMarre Carroll;F;33:27;1;7;1;5;5;5;1;2;3;3;3;0;0;1;8;
Paul Millsap;F;31:05;7;12;0;0;1;5;1;4;5;2;0;0;2;2;15;
Al Horford;C;35:13;9;14;0;0;4;8;3;13;16;1;0;1;2;2;22;
Kyle Korver;G;34:37;6;12;5;8;0;0;0;4;4;3;3;0;3;2;17;
Jeff Teague;G;36:17;4;13;1;4;8;9;0;0;0;12;1;0;1;1;17;
Mike Scott;;10:57;2;4;0;1;0;0;1;1;2;1;0;0;0;0;4;
Cartier Martin;;23:42;2;4;2;3;2;4;0;2;2;0;0;1;1;1;8;
Dennis Schroder;;15:57;2;5;0;0;0;0;0;0;0;1;0;0;2;0;4;
Elton Brand;;7:10;1;2;0;0;0;0;1;3;4;0;0;1;0;2;2;
Pero Antic;;11:35;2;4;1;2;0;0;0;1;1;1;0;0;2;1;5;
