12-02;HOU-UTA;103-109;
23-36;27-17;24-29;29-27;
HOU
Francisco Garcia;F;34:31;5;10;3;7;0;0;0;6;6;2;0;4;0;2;13;
Terrence Jones;F;17:49;1;5;0;2;0;1;1;3;4;0;0;0;0;1;2;
Dwight Howard;C;32:44;7;12;0;0;1;4;4;5;9;2;0;0;3;3;15;
James Harden;G;43:07;12;22;3;9;10;10;1;2;3;8;1;0;4;5;37;
Patrick Beverley;G;38:26;4;10;0;3;0;0;2;3;5;4;2;1;0;3;8;
Omri Casspi;;30:11;5;8;2;4;1;3;1;5;6;0;2;0;0;2;13;
Ronnie Brewer;;3:55;0;0;0;0;0;0;0;0;0;0;0;0;0;0;0;
Aaron Brooks;;24:01;5;12;1;3;2;2;0;2;2;2;0;0;1;1;13;
Omer Asik;;15:16;1;4;0;0;0;0;2;3;5;0;0;0;0;2;2;
UTA
Richard Jefferson;F;22:13;1;4;1;1;0;0;0;2;2;2;0;0;2;3;3;
Marvin Williams;F;30:47;4;10;2;5;0;0;1;4;5;0;1;0;0;3;10;
Derrick Favors;C;35:15;6;6;0;0;2;2;4;9;13;2;0;0;0;1;14;
Gordon Hayward;G;39:09;12;18;0;0;5;5;0;5;5;3;1;0;4;2;29;
Trey Burke;G;36:48;9;18;3;6;0;0;0;3;3;6;1;0;0;1;21;
Jeremy Evans;;17:13;1;4;0;0;1;2;1;5;6;2;0;1;2;4;3;
Alec Burks;;31:51;7;11;3;4;4;5;1;2;3;4;0;1;0;3;21;
Enes Kanter;;12:45;1;3;0;0;1;2;1;1;2;0;0;0;3;1;3;
Diante Garrett;;13:59;2;5;1;1;0;0;0;0;0;1;0;0;0;0;5;
