02-28;CHI-DAL;100-91;
20-32;31-22;22-22;27-15;
CHI
Mike Dunleavy;F;41:33;5;10;4;7;2;2;1;7;8;4;2;0;1;2;16;
Carlos Boozer;F;24:00;4;9;0;0;1;2;1;5;6;1;0;0;2;3;9;
Joakim Noah;C;36:59;4;8;0;0;2;3;0;9;9;4;2;1;5;5;10;
Jimmy Butler;G;44:18;6;13;1;4;6;11;1;6;7;3;1;1;0;0;19;
Kirk Hinrich;G;29:42;7;8;2;2;1;2;0;0;0;3;0;0;5;3;17;
Taj Gibson;;31:27;7;15;0;0;6;7;5;10;15;1;1;0;4;1;20;
D.J. Augustin;;24:53;3;7;2;6;1;1;0;0;0;3;0;0;2;1;9;
Nazr Mohammed;;3:34;0;0;0;0;0;0;1;0;1;0;0;0;0;1;0;
Tony Snell;;3:34;0;1;0;0;0;0;0;0;0;0;0;0;1;3;0;
DAL
Shawn Marion;F;29:50;5;5;1;1;0;0;2;2;4;2;0;0;4;2;11;
Dirk Nowitzki;F;34:16;7;18;1;5;0;0;2;3;5;2;0;1;3;2;15;
Samuel Dalembert;C;22:46;2;4;0;0;2;2;4;6;10;0;0;2;2;3;6;
Monta Ellis;G;39:02;7;19;2;6;4;8;0;4;4;5;3;1;1;3;20;
Jose Calderon;G;32:46;5;12;3;7;0;0;1;2;3;2;2;0;0;1;13;
Vince Carter;;26:24;5;14;4;8;1;2;3;4;7;1;3;1;1;3;15;
Devin Harris;;15:14;0;3;0;1;2;2;0;1;1;4;0;0;2;2;2;
DeJuan Blair;;16:24;2;4;0;0;3;3;1;1;2;0;4;0;0;2;7;
Wayne Ellington;;13:28;1;4;0;3;0;0;0;1;1;0;0;0;0;1;2;
Brandan Wright;;8:38;0;2;0;0;0;0;0;0;0;1;0;0;0;1;0;
Jae Crowder;;1:12;0;0;0;0;0;0;0;0;0;0;0;0;0;0;0;
