02-11;ATL-CHI;85-100;
17-33;22-25;31-22;15-20;
ATL
DeMarre Carroll;F;31:46;5;10;1;3;0;0;1;1;2;2;0;1;0;4;11;
Paul Millsap;F;33:25;6;15;3;6;0;0;0;2;2;1;0;1;2;4;15;
Gustavo Ayon;C;19:14;1;6;0;0;2;4;4;4;8;2;3;1;3;2;4;
Kyle Korver;G;35:21;2;7;2;4;1;1;0;3;3;4;1;1;0;0;7;
Jeff Teague;G;32:30;6;9;0;0;0;0;0;1;1;3;1;1;1;2;12;
Lou Williams;;29:49;6;11;1;3;0;0;0;3;3;4;1;0;1;1;13;
Elton Brand;;25:49;3;8;0;0;2;4;0;8;8;0;0;1;0;2;8;
Mike Scott;;17:33;3;7;2;4;0;0;0;0;0;2;1;0;0;1;8;
Cartier Martin;;5:14;1;1;1;1;0;0;0;0;0;0;0;0;1;0;3;
Shelvin Mack;;9:22;2;6;0;2;0;0;0;1;1;3;2;0;2;0;4;
CHI
Mike Dunleavy;F;36:31;7;14;1;5;0;0;1;5;6;2;1;1;3;1;15;
Taj Gibson;F;46:01;12;19;0;0;0;2;4;8;12;5;0;1;4;2;24;
Joakim Noah;C;41:08;8;15;0;0;3;6;6;10;16;11;0;3;1;2;19;
Jimmy Butler;G;37:10;5;9;0;0;2;4;5;8;13;1;1;0;2;0;12;
Kirk Hinrich;G;29:51;4;12;2;7;0;0;0;2;2;6;2;0;1;1;10;
D.J. Augustin;;30:54;4;11;4;6;1;1;0;4;4;4;1;0;2;2;13;
Tony Snell;;13:31;2;4;1;2;0;0;0;2;2;1;0;0;0;1;5;
Nazr Mohammed;;4:54;1;1;0;0;0;0;1;1;2;0;1;0;1;0;2;
