03-03;CHA-MIA;107-124;
26-29;28-31;25-38;28-26;
CHA
Michael Kidd-Gilchrist;F;25:53;3;4;0;0;2;2;1;4;5;0;0;0;0;2;8;
Josh McRoberts;F;25:15;3;6;1;2;0;0;1;1;2;4;0;0;1;0;7;
Al Jefferson;C;37:28;18;24;0;0;2;4;4;15;19;1;1;0;1;4;38;
Gary Neal;G;32:38;3;11;2;4;2;2;0;0;0;5;0;0;2;2;10;
Kemba Walker;G;33:38;3;8;0;3;1;2;0;2;2;8;0;0;2;2;7;
Cody Zeller;;18:59;4;7;0;0;2;4;3;2;5;5;2;0;2;2;10;
Chris Douglas-Roberts;;24:20;3;9;2;4;4;5;1;0;1;2;0;0;0;2;12;
Anthony Tolliver;;22:07;4;10;3;8;1;2;3;1;4;0;1;0;1;0;12;
Bismack Biyombo;;5:21;0;0;0;0;0;0;0;1;1;0;0;0;0;1;0;
Luke Ridnour;;14:22;1;3;1;2;0;0;0;1;1;2;0;0;1;1;3;
MIA
LeBron James;F;41:12;22;33;8;10;9;12;3;4;7;4;0;0;2;2;61;
Shane Battier;F;20:35;1;4;1;2;0;0;2;2;4;0;0;0;0;1;3;
Chris Bosh;C;30:08;6;14;1;3;2;2;1;6;7;0;1;1;0;0;15;
Toney Douglas;G;18:43;4;5;2;3;0;0;0;2;2;1;1;1;0;3;10;
Mario Chalmers;G;31:21;1;7;0;2;2;2;2;1;3;7;2;0;1;0;4;
Ray Allen;;29:33;3;7;3;5;0;0;0;3;3;4;0;0;0;4;9;
Norris Cole;;20:32;1;2;0;1;0;0;0;1;1;0;0;0;2;3;2;
Chris Andersen;;17:14;3;3;1;1;0;0;0;4;4;0;2;1;1;3;7;
Michael Beasley;;17:43;1;2;0;1;2;2;0;2;2;2;1;0;0;1;4;
Greg Oden;;5:02;2;2;0;0;0;0;0;0;0;0;0;0;1;1;4;
Udonis Haslem;;5:10;1;3;0;0;1;2;1;1;2;0;0;0;0;0;3;
Rashard Lewis;;1:24;0;0;0;0;0;0;0;0;0;0;0;0;0;0;0;
DeAndre Liggins;;1:24;1;1;0;0;0;0;1;0;1;0;0;0;0;0;2;
