12-14;CLE-MIA;107-114;
29-35;23-33;28-16;27-30;
CLE
Alonzo Gee;F;26:22;4;10;1;3;1;2;1;4;5;2;0;0;1;1;10;
Tristan Thompson;F;25:41;6;14;0;0;4;7;2;5;7;1;1;0;1;2;16;
Andrew Bynum;C;17:31;2;2;0;0;0;0;2;2;4;2;0;0;1;2;4;
CJ Miles;G;13:02;1;4;1;4;2;2;0;1;1;1;0;0;2;4;5;
Kyrie Irving;G;30:50;6;16;3;9;4;4;0;0;0;3;4;0;3;4;19;
Dion Waiters;;35:04;5;11;2;4;4;4;2;1;3;0;0;0;2;2;16;
Jarrett Jack;;21:42;6;11;0;3;2;2;1;4;5;4;1;0;1;0;14;
Anderson Varejao;;31:21;2;5;0;0;2;4;2;6;8;4;0;1;1;0;6;
Earl Clark;;15:57;5;9;2;5;0;0;1;1;2;0;0;0;0;1;12;
Anthony Bennett;;7:22;0;0;0;0;0;0;0;0;0;0;0;0;1;2;0;
Matthew Dellavedova;;15:08;2;2;1;1;0;0;1;3;4;1;1;0;2;2;5;
MIA
LeBron James;F;40:37;9;12;0;2;7;10;2;7;9;9;4;0;2;2;25;
Shane Battier;F;13:03;1;1;0;0;0;0;1;0;1;0;0;1;0;4;2;
Chris Bosh;C;30:10;10;17;0;0;2;3;2;10;12;1;0;1;0;4;22;
Dwyane Wade;G;33:46;9;15;0;0;6;9;3;3;6;3;1;0;1;3;24;
Mario Chalmers;G;30:20;3;7;3;5;2;2;0;3;3;5;2;1;3;1;11;
Ray Allen;;25:16;3;5;2;4;4;4;0;2;2;2;1;0;3;4;12;
Rashard Lewis;;23:45;2;7;2;7;0;0;0;0;0;1;0;1;1;1;6;
Chris Andersen;;17:50;1;4;1;1;0;0;1;4;5;0;0;3;1;1;3;
Norris Cole;;25:13;4;8;0;2;1;2;0;2;2;3;2;2;3;1;9;
