03-29;LAC-HOU;118-107;
23-33;38-25;27-26;30-23;
LAC
Matt Barnes;F;37:38;6;15;3;10;0;0;0;10;10;2;1;1;0;4;15;
Blake Griffin;F;6:11;2;3;0;0;3;3;0;1;1;1;0;1;0;1;7;
DeAndre Jordan;C;36:35;7;10;0;0;6;14;3;9;12;0;0;6;3;5;20;
Darren Collison;G;41:07;4;14;1;7;2;4;2;3;5;5;4;1;0;4;11;
Chris Paul;G;38:58;10;16;5;9;5;6;1;4;5;12;3;0;1;4;30;
Jared Dudley;;13:42;2;4;0;1;0;0;2;0;2;1;0;1;1;1;4;
Jamal Crawford;;25:58;7;15;3;9;5;8;1;2;3;3;0;0;1;3;22;
Reggie Bullock;;7:20;0;2;0;2;0;0;1;0;1;0;0;0;1;1;0;
Glen Davis;;3:45;0;2;0;0;0;0;0;0;0;0;1;0;0;0;0;
Hedo Turkoglu;;5:05;1;2;0;0;1;1;0;0;0;0;0;0;0;1;3;
Ryan Hollins;;7:40;2;2;0;0;0;0;2;1;3;1;0;0;0;4;4;
Willie Green;;16:01;1;4;0;3;0;0;0;1;1;1;1;0;2;1;2;
HOU
Chandler Parsons;F;46:01;9;19;1;5;9;11;1;8;9;2;1;0;2;3;28;
Terrence Jones;F;18:32;1;4;0;0;0;2;4;1;5;0;0;0;0;4;2;
Omer Asik;C;34:57;5;9;0;0;2;2;4;7;11;0;0;1;2;5;12;
James Harden;G;41:31;9;22;3;11;11;13;2;5;7;6;1;0;6;3;32;
Jeremy Lin;G;31:36;1;9;0;3;8;8;0;2;2;2;0;0;3;3;10;
Donatas Motiejunas;;26:55;3;8;0;0;0;1;1;6;7;1;0;2;1;3;6;
Omri Casspi;;11:31;0;1;0;0;0;0;1;1;2;0;0;0;0;1;0;
Isaiah Canaan;;20:29;3;5;2;4;6;8;0;4;4;3;0;0;4;2;14;
Francisco Garcia;;8:28;1;2;1;2;0;0;1;1;2;0;0;0;1;1;3;
