12-01;PHI-DET;100-115;
25-40;21-30;36-24;18-21;
PHI
Evan Turner;F;31:23;7;12;2;3;4;4;0;4;4;3;3;0;4;3;20;
Thaddeus Young;F;29:27;9;17;2;6;4;5;2;3;5;0;1;2;2;6;24;
Spencer Hawes;C;30:49;5;15;1;4;0;0;0;9;9;5;1;3;0;3;11;
Hollis Thompson;G;27:57;3;6;0;2;0;0;1;5;6;3;0;0;1;4;6;
Michael Carter-Williams;G;34:04;5;15;0;2;5;5;0;6;6;6;6;0;4;1;15;
James Anderson;;21:50;4;8;2;4;1;1;0;2;2;0;0;1;3;1;11;
Brandon Davies;;14:22;1;2;0;0;2;2;0;0;0;1;1;0;0;1;4;
Lavoy Allen;;15:24;1;2;0;0;0;0;1;4;5;0;0;0;1;2;2;
Tony Wroten;;20:41;2;6;0;1;1;2;1;0;1;3;3;0;3;0;5;
Elliot Williams;;5:05;0;1;0;1;0;0;1;0;1;0;0;0;0;1;0;
Daniel Orton;;5:52;1;3;0;0;0;0;0;1;1;1;0;1;2;5;2;
Lorenzo Brown;;3:06;0;1;0;0;0;0;0;1;1;0;0;0;0;0;0;
DET
Josh Smith;F;35:24;8;14;3;5;1;2;0;2;2;5;0;3;3;4;20;
Greg Monroe;F;26:05;1;6;0;0;5;6;1;9;10;4;1;0;3;3;7;
Andre Drummond;C;32:59;12;15;0;0;7;18;6;13;19;0;6;2;1;2;31;
Kentavious Caldwell-Pope;G;28:56;4;8;2;5;0;0;0;3;3;1;1;0;1;1;10;
Brandon Jennings;G;37:45;7;16;3;8;3;3;2;4;6;12;0;0;5;2;20;
Rodney Stuckey;;31:47;7;16;1;2;2;2;2;2;4;3;1;1;2;1;17;
Kyle Singler;;16:26;1;7;1;2;2;4;2;2;4;0;1;0;1;1;5;
Peyton Siva;;7:19;0;1;0;1;0;0;0;1;1;1;1;0;2;1;0;
Josh Harrellson;;5:11;0;1;0;1;0;0;0;0;0;0;0;0;1;1;0;
Jonas Jerebko;;12:21;1;3;0;2;3;4;2;3;5;0;1;0;4;3;5;
Gigi Datome;;3:12;0;2;0;2;0;0;1;1;2;0;0;0;0;1;0;
Tony Mitchell;;2:35;0;0;0;0;0;0;0;1;1;0;0;1;0;0;0;
