04-14;OKC-NOP;89-101;
21-23;25-22;23-25;20-31;
OKC
Kevin Durant;F;42:53;9;23;3;9;4;6;1;6;7;6;1;1;7;1;25;
Serge Ibaka;F;40:27;7;13;0;2;8;10;6;10;16;5;1;1;0;2;22;
Kendrick Perkins;C;22:08;2;5;0;0;0;0;1;5;6;1;0;1;3;2;4;
Thabo Sefolosha;G;24:18;0;5;0;4;0;0;2;2;4;2;0;0;1;1;0;
Reggie Jackson;G;26:26;1;7;0;2;2;2;0;2;2;3;0;0;1;4;4;
Nick Collison;;7:44;0;2;0;1;0;0;0;1;1;2;0;0;0;1;0;
Derek Fisher;;29:03;2;8;2;7;0;0;0;1;1;1;1;0;0;5;6;
Caron Butler;;27:08;6;9;3;5;4;4;0;3;3;1;2;0;2;4;19;
Jeremy Lamb;;11:45;1;2;1;2;0;0;0;1;1;0;0;0;2;1;3;
Andre Roberson;;6:23;3;3;0;0;0;0;1;1;2;0;1;1;0;0;6;
Steven Adams;;1:45;0;0;0;0;0;0;0;0;0;0;0;0;0;1;0;
NOP
Darius Miller;F;36:52;4;12;2;7;0;0;0;3;3;5;4;0;3;3;10;
Jeff Withey;F;32:36;2;6;0;0;4;6;1;5;6;0;0;4;1;2;8;
Alexis Ajinca;C;19:10;4;5;0;0;2;2;2;2;4;0;0;0;1;5;10;
Tyreke Evans;G;42:12;14;26;1;7;12;16;1;8;9;8;3;0;1;0;41;
Austin Rivers;G;14:08;2;4;2;2;2;2;0;0;0;2;0;0;0;0;8;
Anthony Morrow;;31:33;3;10;1;5;0;0;1;3;4;1;0;1;2;0;7;
Melvin Ely;;9:49;1;3;0;0;0;0;0;1;1;0;0;0;0;1;2;
Luke Babbitt;;25:44;4;7;3;6;1;2;0;3;3;2;1;0;0;4;12;
Al-Farouq Aminu;;20:42;1;4;0;1;0;0;5;3;8;1;0;0;2;2;2;
James Southerland;;7:15;0;2;0;1;1;2;0;1;1;0;0;0;0;1;1;
