11-13;NYK-ATL;95-91;
29-24;26-21;10-23;30-23;
NYK
J.R. Smith;F;32:57;4;10;3;7;1;4;2;5;7;1;1;0;0;1;12;
Carmelo Anthony;F;40:02;9;25;3;6;4;5;0;4;4;2;1;0;2;4;25;
Andrea Bargnani;C;30:59;8;15;2;4;2;2;4;7;11;2;0;1;1;2;20;
Iman Shumpert;G;34:52;2;8;1;4;0;0;1;5;6;9;4;1;0;3;5;
Raymond Felton;G;31:37;5;12;0;3;0;0;1;1;2;5;1;1;0;3;10;
Kenyon Martin;;16:46;1;1;0;0;0;0;0;3;3;1;0;0;0;2;2;
Metta World Peace;;21:21;2;5;0;2;0;0;0;1;1;0;1;0;0;0;4;
Pablo Prigioni;;15:53;1;4;1;4;0;0;0;1;1;4;2;0;0;4;3;
Tim Hardaway Jr.;;15:18;5;8;2;4;2;2;0;2;2;0;1;0;0;0;14;
Cole Aldrich;;0:15;0;0;0;0;0;0;0;0;0;0;0;0;0;0;0;
ATL
DeMarre Carroll;F;32:50;2;7;0;2;0;0;0;9;9;2;0;0;1;1;4;
Paul Millsap;F;31:27;3;9;0;2;0;0;1;5;6;4;1;3;2;3;6;
Al Horford;C;35:04;11;14;0;0;1;2;1;4;5;0;0;0;1;0;23;
Kyle Korver;G;36:31;3;7;2;6;0;1;0;8;8;2;0;1;2;3;8;
Jeff Teague;G;39:50;7;17;0;2;11;14;1;4;5;8;0;0;4;4;25;
Pero Antic;;12:55;1;3;0;0;2;2;2;3;5;2;0;0;1;1;4;
Cartier Martin;;26:02;5;13;3;10;0;0;0;4;4;1;0;2;0;0;13;
Mike Scott;;16:33;3;6;0;1;2;2;3;2;5;1;0;0;0;2;8;
Dennis Schroder;;8:47;0;1;0;1;0;0;0;0;0;2;0;0;4;1;0;
