03-01;DEN-POR;96-102;
24-32;24-24;25-28;23-18;
DEN
Wilson Chandler;F;34:26;4;12;2;7;4;6;0;3;3;3;0;0;1;5;14;
Kenneth Faried;F;31:49;5;12;0;0;6;7;5;5;10;2;0;1;1;2;16;
Timofey Mozgov;C;19:19;2;5;0;0;0;1;1;5;6;1;0;1;3;2;4;
Randy Foye;G;41:02;5;15;4;8;2;4;0;0;0;4;0;0;1;2;16;
Aaron Brooks;G;25:23;3;11;0;3;0;0;0;3;3;2;0;0;0;3;6;
Evan Fournier;;32:25;4;9;1;5;7;8;1;6;7;4;2;0;0;4;16;
JJ Hickson;;29:41;4;11;0;0;3;7;2;3;5;2;1;0;3;2;11;
Darrell Arthur;;15:11;6;7;0;0;0;0;1;2;3;2;1;0;1;2;12;
Quincy Miller;;10:44;0;1;0;0;1;2;0;3;3;0;0;0;1;2;1;
POR
Nicolas Batum;F;36:04;3;10;1;5;2;2;1;15;16;6;1;0;4;4;9;
LaMarcus Aldridge;F;30:02;7;15;0;1;2;2;1;6;7;3;1;1;4;4;16;
Robin Lopez;C;31:36;5;9;0;0;8;8;3;6;9;2;0;1;1;5;18;
Wesley Matthews;G;31:36;3;8;0;3;2;2;2;2;4;2;1;1;0;3;8;
Damian Lillard;G;35:04;7;13;0;5;3;3;1;4;5;2;3;0;1;1;17;
Mo Williams;;25:52;3;8;1;5;2;2;1;2;3;3;0;0;2;2;9;
Meyers Leonard;;16:24;3;6;0;0;2;3;0;5;5;1;0;0;0;4;8;
Dorell Wright;;14:27;3;7;2;6;0;0;0;2;2;0;0;0;0;2;8;
Will Barton;;12:56;2;2;1;1;2;2;0;0;0;0;0;0;2;1;7;
Victor Claver;;5:59;1;3;0;1;0;0;0;1;1;1;0;0;0;0;2;
