12-07;LAC-CLE;82-88;
23-29;26-21;17-17;16-21;
LAC
Jared Dudley;F;30:17;4;8;0;3;0;0;0;1;1;2;1;0;1;1;8;
Blake Griffin;F;37:26;3;12;0;0;4;6;3;7;10;4;1;0;2;4;10;
DeAndre Jordan;C;33:07;5;7;0;0;2;3;2;11;13;0;1;4;1;1;12;
Willie Green;G;25:44;4;13;2;8;1;2;1;3;4;1;0;1;2;2;11;
Chris Paul;G;38:39;4;16;1;6;4;6;1;6;7;15;3;0;3;5;13;
Jamal Crawford;;28:50;5;18;2;9;7;7;0;1;1;0;2;0;1;0;19;
Ryan Hollins;;6:49;0;0;0;0;0;0;1;0;1;0;0;1;0;0;0;
Reggie Bullock;;7:20;0;2;0;1;0;0;0;0;0;1;0;0;1;2;0;
Darren Collison;;15:28;3;5;2;3;0;0;0;2;2;0;0;0;2;3;8;
Antawn Jamison;;16:20;0;6;0;5;1;2;2;4;6;1;1;1;0;3;1;
CLE
Alonzo Gee;F;15:31;0;4;0;0;0;0;1;3;4;0;1;0;0;2;0;
Tristan Thompson;F;40:18;7;15;0;0;6;11;5;8;13;4;2;1;0;3;20;
Andrew Bynum;C;24:17;8;13;0;0;2;2;2;4;6;0;0;0;0;0;18;
CJ Miles;G;19:20;1;7;1;4;2;2;0;2;2;2;1;0;2;2;5;
Kyrie Irving;G;40:09;6;15;1;2;7;8;0;3;3;6;0;1;7;4;20;
Dion Waiters;;29:20;1;10;0;2;1;2;3;3;6;2;0;0;1;1;3;
Jarrett Jack;;31:58;3;7;1;2;4;5;0;9;9;3;1;0;2;3;11;
Anderson Varejao;;22:41;3;7;0;0;0;0;5;12;17;1;0;1;2;3;6;
Earl Clark;;8:44;2;5;1;4;0;0;0;0;0;0;0;0;0;1;5;
Anthony Bennett;;2:41;0;0;0;0;0;0;0;0;0;0;0;0;1;2;0;
Matthew Dellavedova;;5:01;0;0;0;0;0;0;0;0;0;0;0;0;0;0;0;
