02-24;BOS-UTA;98-110;
18-27;28-32;22-24;30-27;
BOS
Jeff Green;F;40:12;7;16;2;6;5;6;0;4;4;0;0;0;1;4;21;
Brandon Bass;F;39:23;2;11;0;0;4;4;5;3;8;1;1;2;2;3;8;
Kris Humphries;C;20:28;4;10;0;0;1;1;1;2;3;0;0;0;2;1;9;
Gerald Wallace;G;30:25;2;2;0;0;0;0;0;2;2;0;2;0;1;1;4;
Rajon Rondo;G;33:03;6;13;0;0;6;6;2;1;3;10;1;0;5;3;18;
Kelly Olynyk;;28:01;8;13;1;2;4;4;4;4;8;4;1;0;0;3;21;
Jerryd Bayless;;30:22;6;11;1;2;0;0;1;0;1;1;1;0;3;3;13;
Joel Anthony;;2:27;0;0;0;0;0;0;0;0;0;0;0;0;0;0;0;
Chris Johnson;;7:39;2;7;0;4;0;0;0;1;1;0;0;0;0;0;4;
Phil Pressey;;8:00;0;1;0;1;0;0;0;1;1;0;0;0;0;0;0;
UTA
Richard Jefferson;F;30:17;3;6;1;3;3;5;1;5;6;4;2;0;1;4;10;
Marvin Williams;F;22:48;8;10;2;2;1;3;3;4;7;2;2;1;0;2;19;
Derrick Favors;C;28:53;8;9;0;0;4;4;1;3;4;1;0;3;0;3;20;
Gordon Hayward;G;35:33;4;11;0;4;0;0;1;3;4;10;1;0;6;1;8;
Trey Burke;G;36:00;5;16;2;5;0;0;1;4;5;3;0;0;1;3;12;
Enes Kanter;;26:05;4;9;0;0;4;4;4;1;5;0;0;0;3;4;12;
Jeremy Evans;;18:14;2;4;0;0;0;0;0;6;6;0;2;4;0;3;4;
Alec Burks;;30:10;8;12;1;2;4;5;0;1;1;4;1;0;0;0;21;
Diante Garrett;;11:60;2;3;0;1;0;0;0;0;0;1;0;0;1;1;4;
