01-27;PHX-PHI;124-113;
40-26;22-28;33-28;29-31;
PHX
PJ Tucker;F;28:57;5;11;0;1;5;6;4;4;8;1;2;1;2;2;15;
Channing Frye;F;22:03;1;6;1;6;4;4;1;4;5;2;0;0;1;4;7;
Miles Plumlee;C;32:25;6;15;0;0;2;4;6;7;13;2;0;0;3;2;14;
Gerald Green;G;27:50;10;12;4;5;6;7;0;2;2;2;1;3;4;4;30;
Goran Dragic;G;32:26;9;13;3;4;3;5;1;3;4;7;3;0;3;3;24;
Markieff Morris;;23:22;5;7;0;1;3;3;1;2;3;3;0;4;0;5;13;
Alex Len;;13:48;2;2;0;0;2;2;0;2;2;0;0;1;2;1;6;
Marcus Morris;;23:25;1;3;0;1;2;2;0;3;3;1;3;0;1;1;4;
Leandro Barbosa;;20:57;3;5;1;2;2;2;0;2;2;2;0;1;0;1;9;
Ish Smith;;14:47;1;6;0;0;0;0;0;0;0;5;2;2;3;2;2;
PHI
Evan Turner;F;33:42;7;12;1;1;6;6;1;5;6;3;3;0;2;3;21;
Thaddeus Young;F;36:50;9;15;1;4;2;3;0;2;2;3;3;0;4;3;21;
Spencer Hawes;C;33:43;6;12;2;4;4;4;4;5;9;1;0;1;4;6;18;
James Anderson;G;32:27;3;9;1;3;2;2;3;5;8;1;0;0;2;1;9;
Michael Carter-Williams;G;38:52;7;19;1;3;7;7;0;2;2;11;1;1;3;2;22;
Hollis Thompson;;18:39;4;5;2;2;0;0;1;1;2;2;1;0;0;1;10;
Lavoy Allen;;18:00;1;2;0;1;0;0;2;2;4;1;1;1;0;5;2;
Tony Wroten;;11:06;1;6;0;1;4;4;2;0;2;1;2;0;3;4;6;
Elliot Williams;;12:20;1;4;0;1;0;0;1;1;2;0;0;0;2;1;2;
Dewayne Dedmon;;4:16;1;3;0;0;0;0;0;0;0;0;0;0;1;1;2;
Lorenzo Brown;;0:05;0;0;0;0;0;0;0;0;0;0;0;0;0;0;0;
