03-08;ATL-LAC;108-109;
32-25;26-32;20-31;30-21;
ATL
DeMarre Carroll;F;33:42;7;14;3;6;2;2;1;1;2;0;1;0;1;2;19;
Paul Millsap;F;33:12;5;12;1;4;3;4;2;3;5;4;5;1;2;3;14;
Pero Antic;C;29:45;6;11;3;5;1;2;3;3;6;1;2;0;3;3;16;
Kyle Korver;G;34:32;6;7;3;3;2;2;0;4;4;6;2;0;2;4;17;
Jeff Teague;G;32:32;3;9;0;1;3;4;0;1;1;9;1;0;3;2;9;
Elton Brand;;18:14;3;3;0;0;2;4;1;4;5;2;0;0;1;2;8;
Mike Scott;;14:48;4;6;1;2;1;2;1;0;1;0;1;0;1;2;10;
Dennis Schroder;;13:28;2;2;0;0;0;0;0;1;1;2;0;0;1;1;4;
Shelvin Mack;;19:43;2;8;1;4;6;6;0;1;1;5;1;0;1;0;11;
Cartier Martin;;10:04;0;4;0;3;0;0;0;3;3;0;0;0;0;1;0;
LAC
Matt Barnes;F;33:17;6;12;3;9;2;2;1;3;4;2;1;1;4;2;17;
Blake Griffin;F;37:51;11;19;0;0;5;9;3;5;8;5;1;0;7;5;27;
DeAndre Jordan;C;31:36;6;8;0;0;1;2;5;7;12;0;2;1;0;3;13;
Darren Collison;G;40:48;4;9;1;5;3;4;2;2;4;4;1;1;4;0;12;
Chris Paul;G;35:55;7;14;1;2;4;4;1;0;1;10;2;0;2;4;19;
Jamal Crawford;;9:35;0;2;0;1;3;3;0;0;0;1;0;1;0;1;3;
Glen Davis;;13:56;2;3;0;0;0;0;0;4;4;0;0;0;0;4;4;
Danny Granger;;14:43;3;7;1;3;0;0;0;1;1;2;0;0;0;1;7;
Hedo Turkoglu;;10:10;0;1;0;0;0;0;0;0;0;1;0;0;1;1;0;
Ryan Hollins;;2:22;2;2;0;0;0;0;1;0;1;1;0;0;0;0;4;
Willie Green;;9:47;1;2;1;2;0;0;0;0;0;0;0;0;0;0;3;
