01-25;LAC-TOR;126-118;
36-37;35-28;22-28;33-25;
LAC
Matt Barnes;F;31:59;4;7;3;3;0;0;1;3;4;1;1;0;2;2;11;
Blake Griffin;F;39:24;10;18;0;0;10;13;2;3;5;2;1;0;0;5;30;
DeAndre Jordan;C;32:38;2;4;0;0;2;2;4;7;11;0;1;0;1;5;6;
JJ Redick;G;23:12;7;13;2;3;2;2;0;2;2;0;0;0;0;1;18;
Darren Collison;G;38:29;5;11;2;3;0;0;0;1;1;6;4;0;2;2;12;
Jamal Crawford;;31:59;12;23;5;11;8;8;1;2;3;11;2;0;1;1;37;
Jared Dudley;;17:30;2;2;0;0;0;0;0;3;3;0;0;0;0;2;4;
Willie Green;;12:21;3;4;0;1;0;0;0;2;2;0;0;0;0;4;6;
Hedo Turkoglu;;9:16;1;2;0;1;0;0;0;1;1;0;0;0;0;1;2;
Ryan Hollins;;3:06;0;0;0;0;0;0;0;0;0;0;1;1;0;0;0;
Darius Morris;;0:07;0;0;0;0;0;0;0;0;0;0;0;0;0;0;0;
TOR
Terrence Ross;F;43:53;16;29;10;17;9;10;3;6;9;1;1;0;3;4;51;
Amir Johnson;F;24:28;4;4;0;0;0;0;2;1;3;2;0;0;1;5;8;
Jonas Valanciunas;C;34:18;5;9;0;0;7;8;4;8;12;1;0;0;2;3;17;
DeMar DeRozan;G;21:22;2;6;2;2;4;4;0;3;3;3;1;0;0;1;10;
Kyle Lowry;G;39:21;2;10;1;6;6;9;3;1;4;12;1;1;3;3;11;
Charles Hayes;;13:05;0;1;0;0;2;2;1;4;5;0;0;0;1;3;2;
John Salmons;;19:25;1;5;0;2;0;0;0;0;0;1;1;0;0;1;2;
Patrick Patterson;;16:12;2;3;1;1;2;2;0;2;2;1;0;0;1;2;7;
Greivis Vasquez;;19:59;3;6;0;1;2;3;2;1;3;3;0;0;3;0;8;
Steve Novak;;7:57;1;1;0;0;0;0;0;1;1;0;0;0;0;0;2;
