03-27;LAL-MIL;105-108;
30-26;23-29;27-32;25-21;
LAL
Wesley Johnson;F;18:35;1;2;0;1;1;1;0;1;1;1;0;0;0;0;3;
Jordan Hill;F;31:20;13;17;0;0;2;2;9;7;16;0;1;0;1;2;28;
Chris Kaman;C;21:27;6;12;0;0;1;2;1;3;4;2;0;0;3;2;13;
Jodie Meeks;G;31:13;4;10;2;5;0;0;0;3;3;4;2;1;1;1;10;
Kendall Marshall;G;28:02;2;7;1;2;0;0;0;1;1;7;2;0;5;3;5;
Robert Sacre;;26:33;3;5;0;0;2;2;1;6;7;3;2;0;0;3;8;
Nick Young;;28:47;6;14;3;8;2;2;1;1;2;3;2;0;3;4;17;
Kent Bazemore;;17:40;4;7;1;1;0;2;0;0;0;2;0;0;5;4;9;
Xavier Henry;;19:59;2;8;0;3;3;4;0;0;0;1;0;0;1;3;7;
Ryan Kelly;;16:24;1;3;0;1;3;3;1;3;4;0;1;0;1;2;5;
MIL
Khris Middleton;F;30:51;6;9;2;3;0;0;1;2;3;1;2;0;3;3;14;
Jeff Adrien;F;31:59;3;8;0;0;2;3;1;8;9;2;0;2;1;3;8;
Zaza Pachulia;C;21:23;4;6;0;0;2;2;1;1;2;2;2;0;1;3;10;
Ramon Sessions;G;42:19;5;10;1;2;11;14;1;2;3;5;0;0;1;0;22;
Brandon Knight;G;45:36;12;21;2;4;4;6;0;0;0;3;0;1;4;3;30;
John Henson;;26:26;3;6;0;0;4;7;3;4;7;1;2;1;2;3;10;
Ekpe Udoh;;16:12;2;4;0;0;0;0;0;2;2;1;0;3;1;3;4;
Giannis Antetokounmpo;;25:14;4;6;1;1;1;2;2;5;7;0;3;1;5;3;10;
