11-27;PHI-ORL;94-105;
27-33;23-22;23-22;21-28;
PHI
Lavoy Allen;F;30:59;3;8;0;0;0;0;3;4;7;2;1;0;2;2;6;
Evan Turner;F;42:09;7;14;1;4;2;2;0;11;11;8;0;0;3;2;17;
Daniel Orton;C;19:20;4;6;0;0;0;0;0;2;2;0;0;1;2;2;8;
James Anderson;G;34:24;2;9;0;4;0;0;1;4;5;6;1;1;3;4;4;
Michael Carter-Williams;G;39:48;9;21;3;8;2;2;1;3;4;3;4;1;2;1;23;
Thaddeus Young;;28:28;9;15;2;3;6;11;3;5;8;0;1;0;0;3;26;
Brandon Davies;;17:13;1;2;0;0;1;2;0;1;1;1;0;1;3;1;3;
Lorenzo Brown;;8:12;0;4;0;0;0;0;0;0;0;0;1;0;0;0;0;
Hollis Thompson;;19:27;3;6;1;3;0;0;1;1;2;2;0;0;0;0;7;
ORL
Arron Afflalo;F;36:13;6;15;0;2;6;8;0;4;4;3;1;0;0;1;18;
Glen Davis;F;34:36;9;15;0;0;1;2;1;4;5;1;0;1;3;2;19;
Nikola Vucevic;C;39:24;10;13;0;0;1;1;1;15;16;5;1;3;3;2;21;
Victor Oladipo;G;42:18;7;11;1;5;3;4;0;3;3;5;5;1;8;4;18;
Jameer Nelson;G;11:50;1;5;1;3;0;0;0;1;1;4;1;0;0;0;3;
Andrew Nicholson;;16:50;5;7;1;2;0;0;2;3;5;0;0;0;0;4;11;
E'Twaun Moore;;29:43;2;8;1;4;2;2;1;5;6;3;1;0;2;0;7;
Jason Maxiell;;5:10;0;0;0;0;1;2;2;0;2;0;0;0;0;1;1;
Maurice Harkless;;15:39;2;3;0;0;1;2;0;3;3;1;0;1;0;2;5;
Doron Lamb;;3:15;0;2;0;2;0;0;0;0;0;0;0;0;0;0;0;
Ronnie Price;;5:02;1;3;0;1;0;0;0;0;0;0;1;0;1;0;2;
