01-30;CLE-NYK;86-117;
21-38;15-22;29-21;21-36;
CLE
Luol Deng;F;31:57;3;9;1;2;6;6;3;8;11;2;0;0;1;3;13;
Tristan Thompson;F;22:28;1;5;0;0;0;0;0;2;2;1;0;0;2;5;2;
Tyler Zeller;C;14:28;1;3;0;0;0;0;1;0;1;0;1;0;1;3;2;
Kyrie Irving;G;39:07;10;25;1;5;3;5;2;4;6;3;0;0;2;2;24;
CJ Miles;G;12:41;3;4;3;4;0;0;0;1;1;2;2;0;1;1;9;
Dion Waiters;;25:21;8;15;2;4;3;3;1;2;3;0;2;0;1;4;21;
Anthony Bennett;;22:38;1;6;0;2;2;4;2;0;2;1;1;0;0;3;4;
Earl Clark;;12:38;1;3;0;1;0;0;0;3;3;1;0;0;0;1;2;
Jarrett Jack;;20:01;1;8;1;3;1;2;0;0;0;1;2;0;3;1;4;
Matthew Dellavedova;;9:03;0;2;0;2;0;0;1;1;2;0;1;0;0;1;0;
Alonzo Gee;;7:35;0;2;0;0;1;2;0;0;0;1;0;0;1;0;1;
Henry Sims;;22:03;2;5;0;0;0;0;3;2;5;2;1;2;0;1;4;
NYK
Carmelo Anthony;F;30:23;8;17;3;5;10;12;0;5;5;1;1;1;2;2;29;
J.R. Smith;F;34:42;8;16;2;5;1;3;1;3;4;2;1;1;0;1;19;
Tyson Chandler;C;31:35;4;4;0;0;3;5;0;8;8;0;0;3;1;1;11;
Raymond Felton;G;35:54;5;10;0;2;2;2;0;5;5;9;1;2;4;2;12;
Pablo Prigioni;G;22:15;0;0;0;0;0;0;2;1;3;4;0;0;1;2;0;
Tim Hardaway Jr.;;30:28;11;17;6;12;1;1;0;3;3;1;0;0;1;3;29;
Jeremy Tyler;;21:30;4;6;0;0;0;1;2;4;6;1;2;1;2;4;8;
Metta World Peace;;18:55;2;4;1;2;0;2;3;3;6;1;0;0;1;2;5;
Toure Murry;;5:56;1;1;0;0;0;0;0;1;1;2;0;0;2;0;2;
Cole Aldrich;;8:22;0;1;0;0;2;2;0;3;3;0;0;2;2;1;2;
