03-23;PHX-MIN;127-120;
27-41;35-32;31-30;34-17;
PHX
PJ Tucker;F;32:13;6;11;2;3;5;5;2;6;8;0;0;0;2;2;19;
Channing Frye;F;15:06;3;5;0;1;0;0;1;2;3;0;0;0;2;4;6;
Miles Plumlee;C;14:41;1;2;0;0;0;0;2;4;6;0;0;1;2;0;2;
Eric Bledsoe;G;35:17;6;13;1;5;8;10;0;5;5;5;1;0;2;5;21;
Goran Dragic;G;34:46;8;15;2;6;0;0;0;3;3;5;2;1;1;4;18;
Gerald Green;;25:36;3;7;2;5;6;6;0;1;1;2;1;0;3;4;14;
Markieff Morris;;31:22;10;13;3;3;2;4;1;7;8;2;0;2;3;3;25;
Marcus Morris;;22:55;4;6;2;4;1;2;1;2;3;0;0;0;2;3;11;
Ish Smith;;18:57;4;5;0;0;0;0;1;3;4;2;1;0;0;1;8;
Archie Goodwin;;3:55;1;1;0;0;0;0;0;0;0;0;0;0;1;1;2;
Alex Len;;5:12;0;2;0;0;1;2;1;0;1;0;0;0;1;2;1;
MIN
Corey Brewer;F;37:45;6;15;1;2;1;1;2;1;3;0;1;0;1;5;14;
Kevin Love;F;38:29;11;27;3;10;11;12;5;9;14;9;2;0;3;3;36;
Gorgui Dieng;C;24:37;2;3;0;0;2;2;3;6;9;2;1;0;1;3;6;
Kevin Martin;G;34:56;6;16;2;4;11;12;0;0;0;1;1;0;2;3;25;
Ricky Rubio;G;43:56;7;12;2;4;3;5;1;3;4;9;3;0;2;4;19;
Jose Juan Barea;;17:08;1;3;0;2;0;0;0;0;0;4;0;0;2;2;2;
Dante Cunningham;;26:28;4;7;0;0;1;1;0;3;3;0;1;3;1;4;9;
Shabazz Muhammad;;16:41;3;8;0;1;3;4;5;0;5;0;0;0;0;0;9;
