12-05;LAC-MEM;101-81;
18-20;22-22;24-11;37-28;
LAC
Jared Dudley;F;25:32;3;7;1;3;0;0;0;1;1;0;0;0;1;1;7;
Blake Griffin;F;30:00;5;15;0;0;4;4;5;4;9;5;1;0;2;3;14;
DeAndre Jordan;C;36:35;4;6;0;0;2;4;4;10;14;2;2;3;2;2;10;
Willie Green;G;20:44;2;8;0;1;1;2;0;1;1;0;0;1;0;3;5;
Chris Paul;G;27:07;6;11;2;4;1;2;0;4;4;8;2;1;2;3;15;
Jamal Crawford;;30:56;6;14;1;3;2;2;0;3;3;3;0;0;2;2;15;
Reggie Bullock;;20:40;3;5;3;3;0;0;0;2;2;0;0;0;1;1;9;
Darren Collison;;20:53;6;9;1;1;2;2;0;1;1;3;0;0;4;1;15;
Ryan Hollins;;11:02;0;0;0;0;0;0;1;0;1;0;0;0;1;4;0;
Antawn Jamison;;16:31;3;5;3;5;2;2;0;4;4;1;1;0;0;4;11;
MEM
Tayshaun Prince;F;18:07;0;5;0;0;1;2;0;2;2;0;0;0;1;1;1;
Zach Randolph;F;30:35;4;13;0;0;4;5;2;10;12;2;0;0;7;3;12;
Kosta Koufos;C;30:27;5;12;0;0;7;9;3;6;9;0;2;0;1;2;17;
Jerryd Bayless;G;26:45;2;6;0;3;0;0;0;0;0;1;1;0;0;3;4;
Mike Conley;G;33:37;6;8;2;4;2;2;1;0;1;4;1;0;3;3;16;
Ed Davis;;7:51;3;5;0;0;0;0;1;1;2;0;0;1;1;0;6;
Quincy Pondexter;;30:25;4;12;1;4;6;6;1;0;1;5;3;0;1;1;15;
Nick Calathes;;14:26;1;3;0;0;0;2;0;2;2;0;0;0;0;1;2;
Mike Miller;;19:59;1;3;0;2;0;0;1;1;2;1;1;0;0;0;2;
Jon Leuer;;24:47;3;10;0;0;0;0;2;5;7;3;0;0;2;4;6;
Jamaal Franklin;;3:01;0;0;0;0;0;0;0;0;0;0;0;0;0;1;0;
