03-09;MIA-CHI;88-95;
19-21;24-16;24-22;19-27;2-9;
MIA
LeBron James;F;45:19;8;23;1;3;0;0;1;8;9;8;3;1;4;1;17;
Shane Battier;F;9:26;0;2;0;2;0;0;0;1;1;0;0;1;1;4;0;
Chris Bosh;C;37:53;6;10;3;5;0;0;0;5;5;1;1;0;0;5;15;
Dwyane Wade;G;39:31;7;16;0;2;11;12;1;4;5;4;2;0;4;3;25;
Mario Chalmers;G;37:15;1;4;0;1;7;7;1;5;6;5;1;0;5;5;9;
Chris Andersen;;33:04;1;2;0;0;0;0;2;11;13;0;0;6;0;0;2;
Ray Allen;;20:44;2;5;2;3;1;1;0;1;1;0;0;0;1;0;7;
Michael Beasley;;15:07;1;5;0;2;0;0;0;1;1;1;1;0;1;0;2;
Norris Cole;;18:04;4;7;1;2;2;2;0;0;0;1;0;0;1;2;11;
Greg Oden;;8:37;0;0;0;0;0;0;1;0;1;0;0;1;0;1;0;
CHI
Mike Dunleavy;F;24:53;4;8;0;3;0;0;0;3;3;2;2;0;1;2;8;
Carlos Boozer;F;28:27;4;14;0;0;1;2;1;3;4;2;1;0;1;2;9;
Joakim Noah;C;42:02;9;16;0;0;2;4;6;6;12;7;0;4;1;3;20;
Jimmy Butler;G;47:50;4;15;2;6;6;6;2;9;11;0;4;2;2;1;16;
Kirk Hinrich;G;34:20;5;11;1;3;0;0;0;3;3;4;2;0;5;5;11;
Tony Snell;;14:45;0;1;0;1;0;0;0;2;2;4;0;1;0;2;0;
Taj Gibson;;31:16;3;11;0;0;1;3;3;7;10;4;2;0;1;0;7;
D.J. Augustin;;37:12;8;13;4;6;2;2;0;1;1;2;0;0;1;1;22;
Nazr Mohammed;;4:15;1;1;0;0;0;0;1;0;1;0;0;0;0;2;2;
