12-30;POR-NOP;108-110;
21-26;28-30;33-33;26-21;
POR
Nicolas Batum;F;39:20;3;9;1;7;1;2;1;6;7;6;0;0;3;0;8;
LaMarcus Aldridge;F;39:14;13;25;0;0;2;3;2;6;8;3;0;2;0;1;28;
Robin Lopez;C;23:54;1;3;0;0;5;6;3;3;6;1;0;6;1;3;7;
Wesley Matthews;G;38:28;6;13;3;8;3;4;0;5;5;3;2;1;1;1;18;
Damian Lillard;G;41:01;10;18;5;8;4;5;0;3;3;5;1;0;0;2;29;
Mo Williams;;29:57;3;9;2;5;0;0;2;2;4;5;0;0;0;2;8;
Joel Freeland;;12:22;2;5;0;0;0;0;2;3;5;1;1;0;1;2;4;
Dorell Wright;;11:02;1;5;1;4;3;4;0;0;0;1;1;0;2;1;6;
Meyers Leonard;;4:42;0;1;0;0;0;0;0;0;0;0;0;0;1;1;0;
NOP
Al-Farouq Aminu;F;39:31;4;8;0;1;1;1;2;13;15;0;2;1;0;3;9;
Ryan Anderson;F;40:04;5;11;1;5;2;2;0;3;3;0;0;1;0;1;13;
Anthony Davis;C;38:52;13;19;0;0;1;4;5;7;12;1;0;5;1;4;27;
Anthony Morrow;G;19:28;1;3;0;1;0;0;0;3;3;0;0;0;1;2;2;
Jrue Holiday;G;37:51;14;28;1;2;2;2;0;7;7;13;1;1;2;1;31;
Tyreke Evans;;28:42;9;15;0;1;2;2;1;4;5;4;2;2;1;3;20;
Brian Roberts;;13:30;1;4;0;1;2;2;0;1;1;1;0;0;2;0;4;
Alexis Ajinca;;1:53;0;0;0;0;0;0;0;0;0;0;0;0;1;2;0;
Austin Rivers;;13:55;1;1;0;0;2;2;0;0;0;0;0;0;0;1;4;
Greg Stiemsma;;6:15;0;0;0;0;0;0;1;0;1;0;0;0;1;2;0;
