11-10;MIN-LAL;113-90;
47-23;20-25;23-28;23-14;
MIN
Corey Brewer;F;38:02;6;9;1;3;4;6;0;1;1;3;4;2;2;2;17;
Kevin Love;F;36:47;8;17;4;9;5;5;1;12;13;3;1;0;3;2;25;
Nikola Pekovic;C;34:24;6;14;0;0;2;3;4;6;10;4;1;1;3;2;14;
Kevin Martin;G;33:02;11;23;3;5;2;2;0;5;5;1;2;0;0;1;27;
Ricky Rubio;G;38:00;5;9;2;2;0;0;1;9;10;14;5;0;5;1;12;
Dante Cunningham;;18:50;1;4;0;0;0;0;2;3;5;1;0;2;0;3;2;
Jose Juan Barea;;18:59;4;8;0;1;1;1;0;3;3;3;0;0;3;3;9;
Alexey Shved;;7:36;1;1;0;0;1;2;2;0;2;0;1;0;1;0;3;
A.J. Price;;3:12;1;1;0;0;0;0;0;0;0;0;0;0;0;0;2;
Derrick Williams;;3:12;0;1;0;0;0;0;0;0;0;0;0;0;1;0;0;
Gorgui Dieng;;2:47;0;1;0;0;0;0;1;1;2;0;0;0;1;0;0;
Shabazz Muhammad;;2:47;0;1;0;0;0;0;0;0;0;0;0;0;1;1;0;
Robbie Hummel;;2:22;1;1;0;0;0;0;1;1;2;0;0;0;1;0;2;
LAL
Nick Young;F;19:35;3;9;0;3;2;2;1;3;4;0;0;0;0;2;8;
Pau Gasol;F;29:17;5;12;0;0;1;3;4;7;11;4;0;4;4;3;11;
Chris Kaman;C;19:15;4;10;0;0;0;0;0;5;5;0;0;0;3;2;8;
Steve Blake;G;34:42;7;11;5;7;0;0;0;3;3;8;3;0;1;0;19;
Steve Nash;G;13:21;0;3;0;2;2;2;0;0;0;3;0;0;2;1;2;
Wesley Johnson;;22:13;2;10;1;2;0;0;1;2;3;1;0;1;1;2;5;
Jordan Farmar;;14:24;1;7;0;1;2;2;1;0;1;0;1;0;3;0;4;
Jodie Meeks;;29:12;6;10;2;6;2;2;0;2;2;2;1;1;1;2;16;
Jordan Hill;;18:43;3;5;0;0;1;3;6;3;9;1;1;0;2;1;7;
Xavier Henry;;14:15;1;8;0;0;0;4;3;5;8;1;1;0;0;0;2;
Shawne Williams;;25:03;3;7;2;5;0;0;0;0;0;4;1;2;1;3;8;
