01-03;TOR-WAS;101-88;
26-17;22-28;36-16;17-27;
TOR
Terrence Ross;F;31:48;5;14;4;8;0;0;1;2;3;2;2;1;1;2;14;
Amir Johnson;F;34:12;8;12;1;2;0;0;1;6;7;2;0;2;3;3;17;
Jonas Valanciunas;C;29:08;3;5;0;0;1;2;4;3;7;0;0;0;2;5;7;
Kyle Lowry;G;35:15;7;13;4;4;1;2;1;4;5;11;3;0;2;2;19;
DeMar DeRozan;G;36:01;7;14;0;0;6;7;1;2;3;5;1;1;0;1;20;
John Salmons;;28:11;1;5;0;3;2;2;0;1;1;3;2;0;1;2;4;
Patrick Patterson;;22:04;8;10;2;3;0;0;2;2;4;2;0;0;1;0;18;
Charles Hayes;;10:36;1;2;0;0;0;0;0;2;2;1;0;0;0;3;2;
Greivis Vasquez;;12:45;0;4;0;2;0;0;0;1;1;3;0;0;2;2;0;
WAS
Trevor Ariza;F;21:08;2;3;2;2;0;0;1;0;1;1;0;0;2;4;6;
Trevor Booker;F;31:44;4;7;0;0;0;0;5;8;13;2;2;0;2;4;8;
Marcin Gortat;C;22:07;4;9;0;0;2;2;2;3;5;0;0;0;4;0;10;
Bradley Beal;G;28:19;6;16;0;3;0;0;2;3;5;5;0;1;1;1;12;
John Wall;G;30:31;4;15;0;3;3;3;0;2;2;6;2;0;2;1;11;
Nene;;20:14;4;9;0;0;7;8;1;3;4;0;0;1;4;0;15;
Martell Webster;;30:50;3;7;2;4;4;4;0;3;3;1;0;0;0;2;12;
Kevin Seraphin;;12:57;2;6;0;0;0;0;4;1;5;0;0;0;2;0;4;
Garrett Temple;;17:29;1;4;0;0;0;0;0;2;2;3;1;0;0;1;2;
Otto Porter;;14:15;1;2;0;0;0;0;1;1;2;1;1;0;0;1;2;
Jan Vesely;;8:58;2;3;0;0;0;0;0;0;0;0;1;0;0;0;4;
Chris Singleton;;1:28;1;1;0;0;0;0;0;0;0;0;0;0;0;0;2;
