02-05;LAL-CLE;119-108;
36-17;34-32;28-31;21-28;
LAL
Wesley Johnson;F;41:07;8;15;4;7;0;0;2;7;9;0;0;2;0;3;20;
Ryan Kelly;F;41:46;8;16;3;7;7;9;1;5;6;0;1;0;2;4;26;
Robert Sacre;C;27:18;5;8;0;0;0;2;1;2;3;0;0;1;0;6;10;
Steve Blake;G;39:54;2;7;2;7;5;6;0;10;10;15;3;0;7;2;11;
Jordan Farmar;G;33:20;8;15;5;8;0;0;0;1;1;8;2;0;3;3;21;
Nick Young;;17:32;1;5;0;2;4;4;0;4;4;4;0;0;0;0;6;
Chris Kaman;;14:06;6;7;0;0;1;1;1;2;3;1;0;0;0;6;13;
Kendall Marshall;;24:57;4;6;4;6;0;0;1;3;4;7;1;0;1;1;12;
CLE
Luol Deng;F;24:19;1;10;0;2;1;2;1;2;3;2;0;0;0;0;3;
Tristan Thompson;F;20:27;4;8;0;0;5;8;5;3;8;1;0;0;1;2;13;
Anderson Varejao;C;34:32;7;16;0;0;1;1;7;6;13;5;2;0;1;4;15;
Jarrett Jack;G;17:27;2;5;0;2;3;4;2;2;4;1;0;1;1;2;7;
Kyrie Irving;G;27:37;5;14;0;5;1;1;4;2;6;4;4;0;2;0;11;
Dion Waiters;;24:21;3;11;0;5;0;1;0;2;2;1;1;0;1;1;6;
Anthony Bennett;;22:20;4;10;0;1;6;6;4;4;8;1;2;0;2;4;14;
Matthew Dellavedova;;23:09;3;8;1;5;1;2;2;2;4;5;1;0;1;2;8;
Tyler Zeller;;5:21;0;0;0;0;0;0;0;0;0;0;0;0;0;1;0;
Earl Clark;;11:04;2;4;0;2;0;2;2;4;6;1;0;0;2;4;4;
CJ Miles;;29:23;7;15;4;11;9;10;0;3;3;3;0;0;0;2;27;
