01-08;BOS-LAC;105-111;
23-32;32-27;27-29;23-23;
BOS
Jeff Green;F;33:18;5;12;1;2;4;6;1;10;11;1;0;0;2;5;15;
Brandon Bass;F;31:57;6;10;0;0;2;3;0;5;5;2;1;1;2;4;14;
Kris Humphries;C;31:36;3;5;0;0;0;0;4;4;8;4;0;0;2;6;6;
Jordan Crawford;G;36:46;7;17;0;3;10;11;2;0;2;8;2;0;5;3;24;
Avery Bradley;G;30:41;10;18;1;4;3;5;1;3;4;2;2;0;2;2;24;
Gerald Wallace;;20:20;1;1;0;0;0;0;0;4;4;1;0;0;2;1;2;
Jared Sullinger;;11:46;1;6;0;2;0;0;1;2;3;0;0;0;0;4;2;
Kelly Olynyk;;17:57;3;5;1;2;0;2;0;4;4;1;0;0;1;4;7;
Jerryd Bayless;;20:22;3;9;2;4;3;3;1;2;3;5;2;0;2;1;11;
Phil Pressey;;5:18;0;0;0;0;0;0;0;1;1;1;0;0;0;0;0;
LAC
Jared Dudley;F;32:08;7;11;4;6;0;2;0;2;2;3;4;2;1;1;18;
Blake Griffin;F;41:23;9;14;0;0;11;17;1;5;6;8;2;0;2;4;29;
DeAndre Jordan;C;27:15;5;6;0;0;1;4;4;9;13;0;0;1;2;4;11;
Jamal Crawford;G;44:47;8;26;3;12;7;7;0;2;2;6;2;0;3;2;26;
Darren Collison;G;32:30;4;9;2;3;5;5;1;4;5;6;1;0;1;6;15;
Matt Barnes;;21:54;1;3;1;2;2;2;1;7;8;1;0;0;2;1;5;
Ryan Hollins;;8:54;0;0;0;0;0;0;0;0;0;0;0;1;0;1;0;
Maalik Wayns;;3:18;0;1;0;0;0;0;0;0;0;1;0;0;0;1;0;
Willie Green;;15:05;2;5;1;4;2;2;0;1;1;1;1;0;2;2;7;
Antawn Jamison;;12:20;0;4;0;3;0;0;0;0;0;0;1;0;0;1;0;
Darius Morris;;0:25;0;0;0;0;0;0;0;0;0;0;0;0;0;0;0;
