02-23;CHI-MIA;79-93;
24-20;16-20;12-25;27-28;
CHI
Mike Dunleavy;F;35:46;5;12;2;7;1;2;2;2;4;0;1;0;3;0;13;
Carlos Boozer;F;24:00;3;8;0;0;2;2;1;6;7;4;1;0;0;1;8;
Joakim Noah;C;39:57;7;11;0;0;6;7;5;10;15;3;0;4;2;4;20;
Tony Snell;G;37:33;2;10;2;7;0;0;0;3;3;3;0;0;0;4;6;
Kirk Hinrich;G;34:25;4;10;2;2;0;0;1;5;6;3;0;0;3;1;10;
D.J. Augustin;;36:16;0;10;0;5;2;2;0;2;2;5;0;0;0;1;2;
Taj Gibson;;27:36;8;18;0;0;4;4;5;5;10;0;0;0;3;3;20;
Nazr Mohammed;;4:27;0;2;0;0;0;0;1;3;4;0;0;0;1;1;0;
MIA
Shane Battier;F;26:07;1;5;1;5;0;0;0;1;1;1;2;1;0;3;3;
Chris Bosh;F;34:45;10;23;4;9;4;4;3;7;10;0;0;1;0;0;28;
Greg Oden;C;12:49;2;4;0;0;1;1;2;3;5;0;0;0;0;2;5;
Dwyane Wade;G;35:10;10;22;0;0;3;3;7;3;10;7;2;1;3;0;23;
Mario Chalmers;G;39:35;5;10;1;2;1;2;0;1;1;9;2;1;2;5;12;
Chris Andersen;;25:36;3;8;0;2;1;4;3;0;3;1;1;2;2;3;7;
Ray Allen;;31:22;4;8;2;3;0;0;0;5;5;0;0;0;0;1;10;
Michael Beasley;;20:24;2;4;1;1;0;0;0;5;5;2;0;1;0;5;5;
Norris Cole;;13:20;0;4;0;1;0;0;0;1;1;2;1;0;0;0;0;
Toney Douglas;;0:53;0;0;0;0;0;0;0;0;0;0;0;0;0;0;0;
