11-04;MIN-CLE;92-93;
23-31;15-24;23-21;31-17;
MIN
Corey Brewer;F;37:36;5;12;0;4;3;3;1;2;3;1;6;0;3;4;13;
Kevin Love;F;36:19;8;20;0;7;1;1;4;9;13;5;0;1;3;1;17;
Nikola Pekovic;C;35:28;3;12;0;0;2;4;5;7;12;1;2;0;3;2;8;
Kevin Martin;G;34:03;7;16;5;8;4;4;1;3;4;3;0;0;2;1;23;
Ricky Rubio;G;25:36;0;7;0;3;4;4;0;1;1;5;5;1;2;1;4;
Derrick Williams;;22:24;5;9;0;1;3;4;0;2;2;0;1;0;0;0;13;
Jose Juan Barea;;22:24;4;11;0;4;0;1;0;3;3;2;1;0;2;1;8;
Alexey Shved;;8:28;0;3;0;1;2;3;0;0;0;1;0;0;1;0;2;
Dante Cunningham;;15:04;2;4;0;0;0;0;1;3;4;2;1;2;0;2;4;
Gorgui Dieng;;2:38;0;0;0;0;0;0;0;1;1;1;0;1;1;3;0;
CLE
Earl Clark;F;11:15;3;4;0;0;0;0;0;0;0;1;2;0;1;4;6;
Tristan Thompson;F;37:26;5;13;0;0;2;3;3;8;11;1;1;0;6;3;12;
Anderson Varejao;C;29:20;6;7;0;0;0;0;2;4;6;4;1;1;0;3;12;
Dion Waiters;G;20:23;3;10;0;2;2;2;0;4;4;2;1;2;0;1;8;
Kyrie Irving;G;32:48;7;15;1;3;0;0;0;8;8;6;1;2;9;4;15;
Jarrett Jack;;26:49;1;7;0;2;0;0;0;4;4;5;0;1;3;3;2;
Andrew Bynum;;18:40;2;6;0;0;6;6;2;2;4;1;0;3;1;2;10;
Alonzo Gee;;34:11;4;7;1;2;0;0;2;4;6;1;1;0;2;1;9;
CJ Miles;;18:34;8;13;3;5;0;0;2;3;5;1;2;2;1;1;19;
Anthony Bennett;;9:43;0;3;0;2;0;0;0;1;1;0;1;1;0;1;0;
Tyler Zeller;;0:51;0;0;0;0;0;0;0;0;0;0;0;0;0;1;0;
