02-03;CHI-SAC;70-99;
12-24;21-20;24-27;13-28;
CHI
Mike Dunleavy;F;23:00;2;5;1;3;4;5;0;0;0;1;0;0;0;3;9;
Carlos Boozer;F;34:57;4;15;0;0;0;2;1;8;9;1;1;0;1;5;8;
Joakim Noah;C;18:51;1;6;0;0;2;2;1;3;4;2;1;0;2;3;4;
Jimmy Butler;G;36:30;4;11;1;3;8;10;2;3;5;1;3;0;0;4;17;
Kirk Hinrich;G;19:08;1;8;0;6;0;0;0;1;1;3;1;0;2;2;2;
D.J. Augustin;;30:46;2;11;1;5;3;6;0;1;1;7;2;0;3;3;8;
Tony Snell;;29:42;4;9;1;3;2;2;0;1;1;1;1;1;2;2;11;
Taj Gibson;;22:31;4;11;0;0;3;5;1;2;3;0;2;0;3;2;11;
Nazr Mohammed;;16:57;0;2;0;0;0;2;3;2;5;1;0;0;0;0;0;
Erik Murphy;;4:54;0;0;0;0;0;0;0;1;1;0;0;1;0;0;0;
Tornike Shengelia;;2:44;0;0;0;0;0;0;0;0;0;0;0;0;1;0;0;
SAC
Rudy Gay;F;25:08;6;12;0;0;2;2;1;5;6;1;2;1;6;3;14;
Jason Thompson;F;19:36;0;1;0;0;1;2;1;3;4;0;0;0;2;4;1;
DeMarcus Cousins;C;33:44;8;15;0;0;9;15;2;14;16;4;0;1;4;3;25;
Marcus Thornton;G;23:53;1;6;0;3;2;2;0;2;2;2;0;0;0;2;4;
Isaiah Thomas;G;30:58;7;9;0;0;5;6;0;3;3;3;0;0;2;1;19;
Quincy Acy;;23:15;3;4;1;1;2;2;3;3;6;1;2;0;0;5;9;
Derrick Williams;;24:21;1;4;0;0;3;4;1;8;9;0;1;0;1;2;5;
Ben McLemore;;20:06;2;7;0;2;1;1;0;0;0;2;0;0;2;1;5;
Carl Landry;;10:57;2;2;0;0;0;0;1;0;1;0;0;0;1;0;4;
Ray McCallum;;6:06;0;2;0;0;0;0;0;1;1;1;0;0;1;3;0;
Aaron Gray;;8:16;0;0;0;0;0;0;1;2;3;0;0;1;1;1;0;
Jimmer Fredette;;10:56;5;5;1;1;0;0;0;1;1;4;2;0;2;1;11;
Travis Outlaw;;2:44;1;2;0;1;0;0;0;1;1;0;0;0;0;0;2;
