12-13;CHA-IND;94-99;
25-27;30-29;21-23;18-20;
CHA
Jeff Taylor;F;36:03;4;12;0;2;1;2;0;0;0;2;2;0;2;3;9;
Josh McRoberts;F;29:01;4;6;1;3;0;0;1;2;3;3;1;1;1;3;9;
Al Jefferson;C;27:40;9;18;0;0;3;4;3;6;9;2;0;2;0;2;21;
Gerald Henderson;G;26:16;5;9;0;1;0;0;0;3;3;4;0;0;1;2;10;
Kemba Walker;G;34:34;5;14;1;3;2;2;1;4;5;4;0;0;3;1;13;
Ramon Sessions;;23:19;5;9;2;2;1;2;0;3;3;0;1;0;1;1;13;
Cody Zeller;;18:59;2;5;0;0;3;3;1;4;5;2;0;1;2;1;7;
Bismack Biyombo;;17:18;2;2;0;0;2;3;2;5;7;1;1;0;1;3;6;
Ben Gordon;;23:48;2;7;0;1;0;0;0;2;2;1;0;0;0;1;4;
Jeff Adrien;;3:02;1;1;0;0;0;1;0;1;1;0;0;0;0;2;2;
IND
Paul George;F;36:36;2;12;1;6;5;8;0;4;4;5;1;0;1;2;10;
David West;F;32:33;5;11;0;1;4;4;1;7;8;2;1;0;2;1;14;
Roy Hibbert;C;34:37;6;14;0;0;6;6;2;9;11;1;1;3;3;4;18;
Lance Stephenson;G;35:25;9;14;1;3;1;2;0;11;11;7;2;0;3;2;20;
George Hill;G;34:13;4;7;3;5;2;2;1;1;2;3;1;3;0;2;13;
Rasual Butler;;23:47;3;5;2;4;0;0;0;1;1;1;0;2;1;3;8;
Luis Scola;;16:07;5;8;0;0;1;3;0;2;2;0;0;1;1;2;11;
CJ Watson;;13:59;1;4;1;2;0;0;0;2;2;0;0;0;0;1;3;
Ian Mahinmi;;12:43;1;1;0;0;0;0;2;1;3;0;0;1;1;4;2;
