01-21;SAC-NOP;114-97;
38-20;26-36;27-14;23-27;
SAC
Rudy Gay;F;42:28;16;25;5;8;4;6;3;5;8;5;0;0;3;5;41;
Jason Thompson;F;35:54;5;8;0;0;1;1;2;6;8;1;0;1;1;6;11;
DeMarcus Cousins;C;29:16;6;10;0;0;6;9;2;9;11;6;3;4;3;3;18;
Marcus Thornton;G;28:51;3;7;0;3;0;0;1;0;1;1;0;2;1;3;6;
Isaiah Thomas;G;38:57;6;17;3;8;5;6;0;3;3;11;3;0;4;2;20;
Derrick Williams;;22:49;3;5;0;1;2;3;0;1;1;0;1;0;0;1;8;
Quincy Acy;;23:23;1;4;0;0;1;4;6;4;10;1;0;1;0;3;3;
Ben McLemore;;7:01;0;1;0;0;0;0;0;1;1;0;0;1;0;1;0;
Jimmer Fredette;;7:29;2;3;1;1;0;0;0;0;0;0;0;1;0;1;5;
Aaron Gray;;2:18;0;1;0;0;2;2;1;2;3;0;0;0;0;0;2;
Ray McCallum;;1:34;0;1;0;0;0;0;0;0;0;0;0;0;0;0;0;
NOP
Al-Farouq Aminu;F;25:17;3;5;1;1;2;3;1;3;4;0;1;0;1;4;9;
Anthony Davis;F;36:30;4;12;0;0;8;11;2;4;6;2;2;4;4;3;16;
Greg Stiemsma;C;11:09;0;2;0;0;0;0;1;2;3;1;0;0;1;3;0;
Eric Gordon;G;27:05;2;6;1;2;2;4;0;1;1;1;1;0;3;2;7;
Brian Roberts;G;29:30;6;10;0;2;3;3;0;2;2;6;0;0;0;0;15;
Tyreke Evans;;26:13;6;15;0;2;5;6;1;2;3;3;0;0;3;4;17;
Alexis Ajinca;;15:58;2;3;0;0;0;0;1;3;4;1;1;1;2;4;4;
Darius Miller;;16:47;1;2;1;2;0;0;0;4;4;0;1;0;0;3;3;
Austin Rivers;;24:24;4;8;2;2;2;6;1;2;3;2;0;0;0;0;12;
Jeff Withey;;27:07;5;6;0;0;4;5;2;3;5;2;2;2;0;5;14;
