03-04;SAS-CLE;122-101;
13-23;37-17;35-28;37-33;
SAS
Kawhi Leonard;F;26:02;7;10;2;2;2;2;2;3;5;3;4;4;3;3;18;
Tim Duncan;F;26:18;2;5;0;0;3;4;0;8;8;4;0;3;0;1;7;
Tiago Splitter;C;20:57;0;4;0;0;6;6;0;4;4;2;0;0;0;2;6;
Danny Green;G;23:17;9;15;3;7;3;3;0;1;1;3;2;0;1;4;24;
Tony Parker;G;22:02;3;11;0;1;1;2;1;0;1;5;0;0;2;1;7;
Patty Mills;;23:37;6;12;4;6;0;0;0;3;3;5;2;0;0;0;16;
Manu Ginobili;;20:48;3;5;3;5;2;2;0;1;1;6;1;0;1;0;11;
Marco Belinelli;;19:06;3;8;0;5;5;5;0;3;3;2;0;0;1;1;11;
Boris Diaw;;24:53;7;7;2;2;0;0;1;4;5;3;1;2;1;3;16;
Jeff Ayres;;10:18;0;0;0;0;0;0;2;2;4;1;0;1;2;0;0;
Matt Bonner;;9:50;1;6;0;5;0;0;0;4;4;1;1;0;0;0;2;
Cory Joseph;;6:26;1;3;0;0;0;0;0;2;2;3;1;0;0;0;2;
Aron Baynes;;6:26;1;4;0;0;0;0;1;0;1;1;0;0;0;3;2;
CLE
Luol Deng;F;35:02;3;10;0;2;3;4;1;1;2;3;0;0;4;3;9;
Tristan Thompson;F;29:48;2;8;0;0;1;2;2;8;10;0;0;0;0;3;5;
Spencer Hawes;C;33:20;7;9;3;4;3;5;0;13;13;1;1;1;2;3;20;
Jarrett Jack;G;20:45;2;5;0;2;0;0;0;0;0;3;0;0;0;2;4;
Kyrie Irving;G;38:59;8;17;3;6;5;5;0;4;4;6;2;0;5;2;24;
Dion Waiters;;23:18;11;18;2;3;0;0;1;0;1;3;0;1;2;3;24;
Matthew Dellavedova;;15:48;0;0;0;0;0;0;0;2;2;7;1;0;1;0;0;
Tyler Zeller;;15:17;0;2;0;0;1;2;0;4;4;0;0;1;0;1;1;
Anthony Bennett;;13:10;5;8;2;2;2;2;0;1;1;1;1;0;1;5;14;
Alonzo Gee;;7:26;0;2;0;0;0;0;0;1;1;0;0;0;0;1;0;
Arinze Onuaku;;3:54;0;0;0;0;0;0;0;1;1;0;0;0;0;0;0;
Sergey Karasev;;3:13;0;0;0;0;0;0;0;0;0;0;0;0;1;1;0;
