01-28;WAS-GSW;88-85;
24-22;21-27;21-16;22-20;
WAS
Trevor Ariza;F;38:18;3;9;1;3;2;4;2;9;11;2;3;0;2;0;9;
Nene;F;34:44;7;15;0;0;2;2;2;5;7;2;2;1;3;3;16;
Marcin Gortat;C;37:02;2;8;0;0;4;6;2;10;12;2;1;1;1;3;8;
Bradley Beal;G;30:34;8;19;4;7;0;0;1;6;7;4;1;0;6;1;20;
John Wall;G;35:58;6;19;3;6;0;0;0;8;8;5;3;1;5;3;15;
Martell Webster;;28:20;3;9;2;5;2;3;0;1;1;2;0;1;1;3;10;
Trevor Booker;;22:56;4;7;0;0;0;0;4;2;6;0;0;0;0;2;8;
Eric Maynor;;6:37;0;2;0;1;0;0;0;0;0;1;0;0;0;1;0;
Garrett Temple;;5:31;1;2;0;0;0;0;1;3;4;2;0;0;0;1;2;
GSW
Andre Iguodala;F;33:13;2;7;0;2;1;2;2;6;8;3;3;0;2;0;5;
David Lee;F;31:54;2;10;0;0;7;10;1;4;5;1;0;0;3;2;11;
Andrew Bogut;C;28:48;2;3;0;0;0;0;2;12;14;2;0;3;2;3;4;
Klay Thompson;G;40:23;5;17;3;9;0;0;0;6;6;4;2;1;3;3;13;
Stephen Curry;G;37:43;8;23;2;7;5;6;0;2;2;4;4;0;6;5;23;
Harrison Barnes;;22:32;2;4;1;2;0;0;0;0;0;3;2;0;0;1;5;
Jordan Crawford;;14:47;3;5;0;1;3;3;0;0;0;1;0;0;1;1;9;
Draymond Green;;16:46;4;8;0;1;0;0;0;3;3;1;1;0;1;1;8;
Marreese Speights;;13:46;2;3;1;1;2;2;0;9;9;0;0;2;1;0;7;
Kent Bazemore;;0:09;0;0;0;0;0;0;0;0;0;0;0;0;0;0;0;
