02-11;OKC-POR;98-95;
19-25;26-30;35-25;18-15;
OKC
Kevin Durant;F;38:03;15;28;1;3;5;5;2;8;10;2;1;0;8;4;36;
Serge Ibaka;F;33:35;3;11;1;2;0;0;4;7;11;0;1;2;2;5;7;
Kendrick Perkins;C;26:59;1;3;0;0;0;0;0;3;3;1;0;0;1;4;2;
Thabo Sefolosha;G;22:35;0;2;0;0;2;2;0;2;2;0;0;0;0;0;2;
Reggie Jackson;G;32:39;7;19;1;4;2;2;0;6;6;5;2;0;1;2;17;
Derek Fisher;;15:22;2;4;2;3;0;0;0;1;1;3;3;0;1;1;6;
Steven Adams;;12:32;0;1;0;0;0;0;1;1;2;0;0;1;1;1;0;
Jeremy Lamb;;30:43;8;11;2;2;1;1;1;4;5;2;1;0;2;1;19;
Nick Collison;;22:53;4;4;0;0;1;2;2;2;4;1;0;0;0;3;9;
Perry Jones;;4:39;0;0;0;0;0;0;0;0;0;0;0;0;0;1;0;
POR
Nicolas Batum;F;37:36;5;8;3;5;5;5;0;1;1;4;0;0;1;3;18;
LaMarcus Aldridge;F;37:22;5;22;0;0;2;2;2;10;12;1;0;1;4;2;12;
Robin Lopez;C;35:03;7;9;0;0;3;4;6;8;14;0;0;2;1;2;17;
Wesley Matthews;G;32:26;2;10;0;4;7;8;0;3;3;2;2;0;4;1;11;
Damian Lillard;G;36:52;5;15;1;7;5;6;0;3;3;7;1;0;1;1;16;
Joel Freeland;;2:18;0;0;0;0;0;0;0;0;0;0;0;0;0;0;0;
CJ McCollum;;26:34;5;12;3;6;2;2;0;1;1;3;2;0;5;0;15;
Earl Watson;;11:09;0;0;0;0;0;0;0;0;0;0;1;0;0;2;0;
Meyers Leonard;;13:34;2;5;0;1;0;0;2;1;3;0;1;0;1;3;4;
Thomas Robinson;;7:07;1;4;0;0;0;0;3;2;5;0;1;0;0;0;2;
