01-04;LAC-SAS;92-116;
17-37;18-33;35-18;22-28;
LAC
Jared Dudley;F;23:23;3;6;0;2;0;0;0;2;2;1;0;0;0;0;6;
Blake Griffin;F;35:03;7;15;0;0;5;7;2;5;7;2;0;0;1;2;19;
DeAndre Jordan;C;32:55;2;5;0;0;0;0;1;9;10;1;1;2;2;6;4;
Jamal Crawford;G;38:32;10;22;1;2;3;5;0;1;1;7;1;0;1;2;24;
Darren Collison;G;36:10;6;9;1;2;1;2;0;2;2;6;3;0;2;5;14;
Willie Green;;21:18;4;8;0;2;0;0;1;1;2;2;1;0;4;2;8;
Matt Barnes;;27:43;2;9;0;5;3;4;2;3;5;1;0;0;3;5;7;
Stephen Jackson;;5:29;0;0;0;0;0;0;0;0;0;0;0;0;1;1;0;
Antawn Jamison;;9:54;0;2;0;1;2;2;1;1;2;1;0;0;0;1;2;
Ryan Hollins;;4:36;1;1;0;0;1;1;0;1;1;0;0;1;0;0;3;
Byron Mullens;;4:57;2;2;1;1;0;0;0;1;1;0;0;0;1;0;5;
SAS
Kawhi Leonard;F;29:43;5;8;0;1;0;0;0;4;4;0;0;0;4;2;10;
Tim Duncan;F;32:11;9;18;0;0;1;1;3;8;11;4;1;1;0;1;19;
Tiago Splitter;C;24:43;8;12;0;0;6;9;1;4;5;1;0;0;3;2;22;
Marco Belinelli;G;24:35;2;5;1;1;0;0;0;2;2;7;0;0;1;2;5;
Tony Parker;G;33:45;8;9;0;0;1;1;2;1;3;9;0;0;2;1;17;
Manu Ginobili;;23:42;6;11;1;4;2;3;1;1;2;6;2;0;0;1;15;
Danny Green;;26:48;1;8;1;7;0;0;0;4;4;3;0;3;0;3;3;
Jeff Ayres;;15:04;3;5;0;0;0;0;2;5;7;3;0;0;2;3;6;
Patty Mills;;10:23;3;6;1;4;0;0;0;1;1;0;0;0;0;2;7;
Nando De Colo;;4:44;0;2;0;1;2;2;0;0;0;1;2;0;0;0;2;
Matt Bonner;;5:33;1;1;0;0;0;0;0;1;1;0;0;0;0;2;2;
Aron Baynes;;4:57;3;4;0;0;0;0;2;0;2;0;0;0;0;0;6;
Cory Joseph;;3:52;1;1;0;0;0;0;0;0;0;0;0;0;0;1;2;
