01-29;NOP-MIN;77-88;
16-23;19-24;27-20;15-21;
NOP
Al-Farouq Aminu;F;36:29;8;13;0;2;2;2;4;8;12;1;1;1;2;3;18;
Greg Stiemsma;F;32:47;0;1;0;0;3;4;2;10;12;1;2;1;2;4;3;
Alexis Ajinca;C;16:17;2;5;0;0;0;0;2;3;5;0;0;0;3;2;4;
Eric Gordon;G;35:15;5;17;1;5;3;5;1;3;4;1;1;1;0;3;14;
Brian Roberts;G;26:09;3;10;0;4;3;3;0;3;3;3;0;0;2;1;9;
Tyreke Evans;;23:40;4;15;0;3;3;5;3;3;6;3;0;0;2;1;11;
Darius Miller;;6:54;0;3;0;1;0;0;0;1;1;0;0;0;0;3;0;
Austin Rivers;;21:51;3;9;0;3;2;2;1;1;2;2;0;0;1;5;8;
Jeff Withey;;22:30;1;1;0;0;1;2;0;2;2;1;0;3;1;2;3;
Anthony Morrow;;18:08;3;8;1;3;0;0;0;1;1;0;0;0;0;2;7;
MIN
Corey Brewer;F;25:20;1;4;0;2;1;2;0;2;2;2;1;0;1;2;3;
Kevin Love;F;43:26;11;26;1;6;7;9;5;9;14;5;0;0;3;1;30;
Ronny Turiaf;C;26:13;2;5;0;0;0;0;3;5;8;1;0;0;1;4;4;
Kevin Martin;G;33:22;7;18;1;6;3;5;1;5;6;1;0;2;2;1;18;
Ricky Rubio;G;24:19;1;4;0;1;3;3;1;2;3;6;1;0;2;4;5;
Chase Budinger;;14:38;1;5;1;2;0;0;0;2;2;1;0;0;0;2;3;
Jose Juan Barea;;23:41;4;9;1;3;1;2;0;2;2;6;0;0;3;0;10;
Luc Mbah a Moute;;22:40;0;2;0;0;3;4;2;1;3;0;1;1;0;3;3;
Gorgui Dieng;;6:26;0;2;0;0;0;0;0;4;4;0;0;0;0;2;0;
Dante Cunningham;;19:55;6;7;0;0;0;0;0;6;6;1;0;0;1;2;12;
