01-23;DEN-POR;105-110;
30-27;37-32;24-27;14-24;
DEN
Wilson Chandler;F;32:33;7;11;1;2;3;4;0;3;3;0;1;1;4;5;18;
Kenneth Faried;F;21:27;4;7;0;0;0;0;1;5;6;2;0;1;2;3;8;
JJ Hickson;C;36:50;6;10;0;0;0;0;1;6;7;5;0;0;3;5;12;
Randy Foye;G;26:31;5;10;4;9;0;0;1;2;3;5;0;1;1;3;14;
Ty Lawson;G;37:38;3;11;0;2;7;9;0;2;2;11;2;0;3;4;13;
Anthony Randolph;;16:24;4;5;2;3;2;2;1;2;3;1;1;1;1;2;12;
Quincy Miller;;13:56;1;2;0;0;1;1;0;5;5;0;1;0;2;2;3;
Evan Fournier;;14:01;2;7;0;2;0;0;0;2;2;0;0;0;1;0;4;
Timofey Mozgov;;20:49;3;4;0;0;2;2;3;1;4;2;0;2;1;3;8;
Nate Robinson;;19:53;4;12;3;5;2;2;0;0;0;1;0;0;1;3;13;
POR
Nicolas Batum;F;37:47;1;5;0;3;4;4;1;6;7;10;2;0;2;0;6;
LaMarcus Aldridge;F;38:15;15;29;0;0;14;17;4;9;13;5;0;2;2;2;44;
Robin Lopez;C;39:07;5;14;0;0;2;2;8;1;9;2;0;2;0;3;12;
Wesley Matthews;G;39:26;8;15;2;6;6;6;0;1;1;4;1;0;1;3;24;
Damian Lillard;G;36:37;5;10;0;4;1;1;0;2;2;3;0;2;3;3;11;
Mo Williams;;19:02;1;5;0;1;0;0;0;1;1;4;2;0;1;5;2;
Joel Freeland;;8:38;0;2;0;0;0;0;1;0;1;0;0;0;0;2;0;
CJ McCollum;;11:23;2;6;2;4;1;2;1;0;1;0;0;0;0;2;7;
Thomas Robinson;;9:45;1;2;0;0;2;2;1;4;5;1;2;0;0;1;4;
