01-05;MEM-DET;112-84;
28-27;23-29;28-11;33-17;
MEM
Tayshaun Prince;F;32:24;6;11;1;1;2;2;0;4;4;4;0;0;1;0;15;
Zach Randolph;F;33:02;8;18;0;0;0;1;4;12;16;5;0;0;1;3;16;
Kosta Koufos;C;24:32;3;10;0;0;2;2;5;4;9;0;0;2;1;4;8;
Mike Miller;G;17:31;1;3;0;2;4;4;1;3;4;2;0;0;0;0;6;
Mike Conley;G;32:17;6;14;3;6;0;0;0;2;2;6;0;0;2;2;15;
Ed Davis;;17:11;7;11;0;0;3;5;5;6;11;0;0;1;3;2;17;
Jon Leuer;;21:15;8;13;2;2;5;6;4;4;8;1;1;0;1;2;23;
Jerryd Bayless;;26:24;3;7;2;3;2;2;0;3;3;5;0;0;0;0;10;
James Johnson;;15:36;0;2;0;0;0;0;0;2;2;3;0;1;0;0;0;
Nick Calathes;;15:43;1;3;0;1;0;0;0;0;0;5;3;0;1;2;2;
Seth Curry;;4:05;0;0;0;0;0;0;0;0;0;0;0;0;0;0;0;
DET
Josh Smith;F;35:16;6;17;0;2;1;2;0;9;9;3;0;2;0;3;13;
Greg Monroe;F;34:43;8;17;0;0;3;5;2;6;8;2;0;0;1;2;19;
Andre Drummond;C;35:42;6;10;0;0;3;8;7;7;14;2;1;2;1;4;15;
Kentavious Caldwell-Pope;G;26:41;6;8;2;2;0;0;0;1;1;0;1;0;1;1;14;
Brandon Jennings;G;35:02;2;14;0;6;0;0;1;1;2;11;2;0;2;1;4;
Chauncey Billups;;13:56;1;2;0;1;0;0;0;0;0;0;0;0;2;3;2;
Kyle Singler;;13:45;2;3;1;1;2;4;1;1;2;0;0;0;2;5;7;
Will Bynum;;21:18;3;11;1;4;0;0;1;1;2;4;0;0;2;0;7;
Jonas Jerebko;;12:00;1;2;0;0;1;1;0;4;4;0;0;0;0;0;3;
Josh Harrellson;;6:20;0;1;0;1;0;0;0;0;0;0;0;1;0;1;0;
Gigi Datome;;5:17;0;1;0;0;0;0;0;1;1;1;0;0;0;0;0;
