11-06;LAC-ORL;90-98;
20-29;22-28;32-15;16-26;
LAC
Jared Dudley;F;29:45;3;8;1;3;0;0;0;2;2;2;1;0;0;1;7;
Blake Griffin;F;40:03;10;20;0;0;3;6;0;13;13;2;2;1;1;2;23;
DeAndre Jordan;C;43:31;3;10;0;0;3;6;7;12;19;0;1;4;1;3;9;
JJ Redick;G;32:10;7;15;2;5;1;1;1;3;4;4;0;0;1;0;17;
Chris Paul;G;35:19;8;19;0;2;2;2;2;3;5;10;2;0;4;6;18;
Jamal Crawford;;21:02;5;13;0;3;4;4;1;1;2;1;0;0;1;1;14;
Willie Green;;12:32;0;2;0;0;0;0;2;1;3;0;1;0;0;2;0;
Byron Mullens;;11:28;0;5;0;4;0;0;0;0;0;0;1;0;2;3;0;
Darren Collison;;14:10;0;3;0;2;2;2;2;1;3;1;1;0;3;1;2;
ORL
Maurice Harkless;F;23:24;2;3;0;1;2;4;0;0;0;0;1;0;1;1;6;
Jason Maxiell;F;22:52;3;5;0;0;0;0;0;5;5;0;0;1;0;1;6;
Nikola Vucevic;C;38:26;11;19;0;0;8;8;5;16;21;3;1;1;4;3;30;
Arron Afflalo;G;35:33;5;16;0;3;1;2;0;6;6;5;2;0;0;2;11;
Jameer Nelson;G;35:59;5;8;1;3;0;0;1;3;4;8;0;0;5;0;11;
Victor Oladipo;;22:39;4;6;2;3;1;2;0;2;2;2;2;0;4;2;11;
E'Twaun Moore;;26:49;5;8;2;3;0;0;0;2;2;1;1;0;0;4;12;
Andrew Nicholson;;24:44;4;16;0;3;1;1;1;7;8;0;0;2;0;1;9;
Kyle O'Quinn;;9:34;1;1;0;0;0;0;0;3;3;2;0;0;1;3;2;
