11-17;DET-LAL;99-114;
29-27;27-23;15-29;28-35;
DET
Josh Smith;F;38:21;7;12;3;5;1;2;1;7;8;3;2;1;3;1;18;
Greg Monroe;F;37:28;8;14;0;0;1;8;5;2;7;3;1;1;3;0;17;
Andre Drummond;C;37:35;7;9;0;0;0;2;3;10;13;0;2;1;1;2;14;
Kentavious Caldwell-Pope;G;26:25;3;8;1;5;0;0;0;3;3;1;0;0;1;2;7;
Brandon Jennings;G;38:60;8;22;4;8;3;3;3;2;5;14;0;0;3;3;23;
Rodney Stuckey;;30:07;8;16;0;2;0;0;0;1;1;1;2;0;3;1;16;
Kyle Singler;;19:42;1;3;0;1;0;0;0;1;1;2;0;0;0;1;2;
Jonas Jerebko;;3:13;0;1;0;0;2;2;0;0;0;0;0;0;0;0;2;
Gigi Datome;;6:03;0;1;0;1;0;0;0;1;1;0;0;0;0;0;0;
Josh Harrellson;;0:49;0;1;0;1;0;0;0;0;0;0;0;0;0;0;0;
Tony Mitchell;;0:49;0;0;0;0;0;0;0;0;0;0;0;0;0;0;0;
Peyton Siva;;0:28;0;0;0;0;0;0;0;0;0;0;0;0;0;0;0;
LAL
Wesley Johnson;F;21:21;6;8;1;2;0;0;0;1;1;2;1;2;0;1;13;
Jordan Hill;F;35:44;11;16;0;0;2;2;5;12;17;1;0;0;2;3;24;
Pau Gasol;C;34:17;6;13;0;0;0;0;1;8;9;7;2;3;2;2;12;
Jodie Meeks;G;28:12;6;11;4;7;3;3;1;1;2;0;1;0;2;2;19;
Steve Blake;G;35:07;3;7;1;3;2;2;0;1;1;16;4;0;4;3;9;
Chris Kaman;;5:24;1;4;0;0;0;0;1;0;1;0;0;0;0;0;2;
Nick Young;;26:39;7;13;2;5;3;3;0;0;0;0;1;0;0;0;19;
Xavier Henry;;19:48;2;4;0;1;0;0;0;2;2;0;1;0;0;3;4;
Shawne Williams;;20:35;2;8;2;6;0;0;0;3;3;2;1;0;2;4;6;
Jordan Farmar;;12:53;3;6;0;1;0;0;0;2;2;5;0;0;1;2;6;
