12-16;MIN-BOS;97-101;
21-29;29-22;19-23;28-27;
MIN
Robbie Hummel;F;19:09;1;4;0;1;0;0;2;2;4;0;0;0;0;1;2;
Kevin Love;F;36:16;9;25;2;11;7;11;5;9;14;1;1;0;1;2;27;
Nikola Pekovic;C;25:08;6;16;0;0;1;4;4;3;7;1;1;0;1;4;13;
Corey Brewer;G;21:51;1;8;0;3;2;2;0;1;1;0;0;0;2;1;4;
Ricky Rubio;G;21:32;2;12;1;3;1;2;2;3;5;3;2;0;0;3;6;
Dante Cunningham;;21:18;5;6;0;0;2;2;3;3;6;2;0;0;0;2;12;
Luc Mbah a Moute;;28:45;4;4;1;1;0;0;0;6;6;2;1;0;1;1;9;
Jose Juan Barea;;26:46;4;10;2;4;0;0;1;1;2;11;0;0;1;1;10;
Alexey Shved;;25:60;3;9;2;6;2;4;1;2;3;2;0;0;0;1;10;
Gorgui Dieng;;13:16;2;4;0;0;0;1;1;2;3;0;1;0;1;4;4;
BOS
Jeff Green;F;31:03;3;11;1;4;1;1;1;4;5;2;0;2;3;1;8;
Brandon Bass;F;13:33;0;5;0;0;0;0;1;2;3;0;1;0;0;5;0;
Jared Sullinger;C;36:01;7;14;1;2;9;11;3;8;11;5;0;0;1;4;24;
Avery Bradley;G;32:44;9;17;1;5;0;0;2;3;5;2;0;0;1;2;19;
Jordan Crawford;G;34:37;6;14;1;4;2;2;0;4;4;4;0;0;3;2;15;
Kris Humphries;;21:11;4;5;0;0;0;0;2;5;7;2;1;0;0;2;8;
Kelly Olynyk;;13:18;2;3;2;2;3;4;2;2;4;1;0;0;3;5;9;
Gerald Wallace;;17:01;1;3;1;2;1;3;0;2;2;0;0;0;0;0;4;
Courtney Lee;;15:16;1;4;0;1;2;2;1;0;1;3;0;0;1;0;4;
Phil Pressey;;13:23;2;6;0;0;0;0;1;2;3;0;1;0;0;2;4;
Vitor Faverani;;11:53;3;4;0;1;0;0;1;4;5;0;0;1;0;2;6;
