01-19;LAL-TOR;112-106;
29-36;25-22;28-23;30-25;
LAL
Wesley Johnson;F;23:45;2;4;2;3;2;2;1;2;3;1;0;1;2;4;8;
Ryan Kelly;F;37:02;5;7;1;2;6;6;0;5;5;2;2;0;1;0;17;
Pau Gasol;C;36:14;8;20;0;0;6;6;1;8;9;0;0;1;1;0;22;
Jodie Meeks;G;40:38;4;10;1;5;2;3;0;0;0;3;4;0;2;2;11;
Kendall Marshall;G;36:43;4;10;2;3;0;0;1;3;4;11;0;0;2;2;10;
Nick Young;;30:31;7;13;5;7;10;11;0;2;2;1;0;0;0;2;29;
Manny Harris;;18:19;3;8;1;2;0;0;1;1;2;2;0;0;1;2;7;
Jordan Hill;;10:58;3;4;0;0;0;0;2;3;5;0;0;0;0;0;6;
Robert Sacre;;5:51;1;4;0;0;0;0;0;1;1;0;0;0;0;1;2;
TOR
Terrence Ross;F;33:29;4;11;2;7;0;0;1;1;2;0;1;1;0;3;10;
Amir Johnson;F;29:29;6;13;1;4;0;0;3;3;6;2;2;0;4;3;13;
Jonas Valanciunas;C;14:05;2;3;0;0;0;0;2;5;7;2;0;0;2;3;4;
DeMar DeRozan;G;41:32;10;24;0;3;3;4;0;6;6;7;1;0;1;4;23;
Kyle Lowry;G;35:01;8;13;3;7;2;2;0;2;2;9;0;1;3;2;21;
Patrick Patterson;;29:12;7;12;2;4;1;2;3;4;7;1;1;1;1;3;17;
Greivis Vasquez;;20:59;5;11;1;5;0;0;2;3;5;8;1;0;0;0;11;
Charles Hayes;;23:14;2;2;0;0;3;3;1;5;6;1;0;1;1;2;7;
Julyan Stone;;12:59;0;1;0;0;0;0;1;5;6;0;0;0;1;1;0;
