03-22;ORL-UTA;88-89;
16-27;27-22;18-17;27-23;
ORL
Maurice Harkless;F;33:47;7;13;1;3;0;0;1;3;4;1;2;2;2;2;15;
Kyle O'Quinn;F;25:13;2;5;0;0;2;2;1;6;7;1;1;2;2;4;6;
Nikola Vucevic;C;42:42;8;15;0;0;0;0;1;12;13;5;2;0;1;4;16;
Arron Afflalo;G;35:41;4;9;3;4;7;9;0;2;2;6;0;0;0;4;18;
Victor Oladipo;G;35:44;5;14;1;2;8;10;0;6;6;4;2;0;4;2;19;
Dewayne Dedmon;;12:24;0;1;0;0;0;0;1;1;2;0;0;1;1;3;0;
Tobias Harris;;15:41;1;9;0;0;0;0;1;3;4;2;0;0;1;0;2;
E'Twaun Moore;;12:19;2;5;1;3;0;0;1;1;2;0;0;0;0;1;5;
Doron Lamb;;8:49;1;3;0;2;1;1;0;2;2;0;0;0;0;0;3;
Ronnie Price;;17:40;1;5;1;3;1;2;0;3;3;1;0;0;2;3;4;
UTA
Richard Jefferson;F;38:53;6;12;5;8;4;5;0;3;3;2;2;0;2;1;21;
Derrick Favors;F;36:05;5;11;0;0;1;2;3;9;12;3;0;5;3;3;11;
Enes Kanter;C;35:57;4;13;0;0;3;4;1;10;11;1;0;1;2;2;11;
Gordon Hayward;G;39:42;4;8;0;1;6;6;0;2;2;6;1;0;2;4;14;
Trey Burke;G;38:30;5;15;3;7;4;6;1;1;2;4;1;0;3;4;17;
Marvin Williams;;23:58;2;9;0;5;0;1;1;4;5;0;1;0;1;3;4;
Diante Garrett;;18:38;3;6;3;5;2;2;0;4;4;1;1;0;0;1;11;
John Lucas III;;8:17;0;1;0;1;0;0;0;0;0;0;0;0;1;2;0;
