01-27;MIN-CHI;95-86;
23-20;31-26;18-19;23-21;
MIN
Corey Brewer;F;35:01;5;8;1;2;0;0;0;0;0;3;3;2;2;2;11;
Kevin Love;F;35:48;8;17;1;7;14;14;0;8;8;2;1;0;3;4;31;
Nikola Pekovic;C;6:00;0;1;0;0;1;2;0;1;1;0;0;0;1;0;1;
Kevin Martin;G;28:24;3;9;1;2;1;2;0;6;6;1;0;0;0;1;8;
Ricky Rubio;G;30:24;3;8;0;1;3;4;1;5;6;4;2;0;3;1;9;
Ronny Turiaf;;32:23;6;7;0;0;2;3;4;3;7;0;0;3;1;3;14;
Chase Budinger;;19:36;5;7;2;2;0;0;0;4;4;1;0;0;0;0;12;
Jose Juan Barea;;17:36;2;7;0;3;0;0;0;4;4;7;0;0;2;1;4;
Alexey Shved;;8:36;1;3;0;0;1;1;0;0;0;1;1;2;1;0;3;
Dante Cunningham;;12:12;1;4;0;0;0;0;0;2;2;1;1;1;0;0;2;
Gorgui Dieng;;9:37;0;2;0;0;0;0;0;2;2;0;0;0;1;2;0;
Luc Mbah a Moute;;4:23;0;0;0;0;0;0;0;0;0;0;0;0;0;0;0;
CHI
Mike Dunleavy;F;31:21;4;11;2;6;0;0;1;1;2;1;1;1;0;1;10;
Carlos Boozer;F;37:16;9;24;0;0;2;2;2;12;14;5;3;0;2;4;20;
Taj Gibson;C;34:56;4;8;0;0;2;2;4;6;10;2;0;2;3;5;10;
Jimmy Butler;G;40:38;5;12;2;4;4;4;3;5;8;3;2;0;2;2;16;
D.J. Augustin;G;39:25;6;15;4;9;3;4;0;1;1;6;0;0;2;5;19;
Tony Snell;;24:01;1;7;0;5;0;0;0;2;2;1;1;0;3;2;2;
Nazr Mohammed;;22:45;3;5;0;0;3;4;1;4;5;1;1;1;0;4;9;
Mike James;;8:35;0;3;0;0;0;0;0;0;0;1;1;0;1;1;0;
Cartier Martin;;1:03;0;0;0;0;0;0;0;0;0;0;0;0;0;1;0;
