04-02;CHA-PHI;123-93;
31-19;32-19;25-25;35-30;
CHA
Michael Kidd-Gilchrist;F;19:43;1;2;0;0;5;6;1;5;6;2;0;0;0;0;7;
Cody Zeller;F;26:57;3;5;0;0;3;6;1;7;8;3;0;1;3;2;9;
Al Jefferson;C;30:35;9;17;0;0;7;10;1;9;10;0;0;0;1;0;25;
Gerald Henderson;G;26:29;5;8;1;1;3;4;0;2;2;4;1;0;0;1;14;
Kemba Walker;G;20:16;3;6;0;1;2;2;0;0;0;5;0;0;0;4;8;
Gary Neal;;18:50;6;10;1;2;2;2;0;0;0;3;0;0;0;1;15;
Luke Ridnour;;20:02;3;8;2;3;0;0;0;2;2;1;0;0;1;1;8;
Anthony Tolliver;;21:03;5;8;4;7;2;2;1;7;8;5;0;0;1;3;16;
Chris Douglas-Roberts;;24:51;4;6;3;5;3;3;0;2;2;4;0;1;2;1;14;
Bismack Biyombo;;17:25;1;3;0;0;0;0;4;3;7;0;0;2;1;3;2;
Jannero Pargo;;7:42;2;5;1;3;0;0;1;0;1;5;0;0;0;1;5;
DJ White;;6:07;0;1;0;0;0;0;0;1;1;0;0;0;0;0;0;
PHI
Hollis Thompson;F;26:18;3;5;1;2;2;2;1;1;2;0;0;0;1;4;9;
Thaddeus Young;F;34:08;4;13;0;2;3;3;0;5;5;4;2;0;4;2;11;
Henry Sims;C;31:15;5;13;0;0;5;7;4;2;6;2;1;0;1;2;15;
James Anderson;G;25:07;0;4;0;2;0;0;0;3;3;2;0;0;1;2;0;
Michael Carter-Williams;G;26:34;10;18;0;2;2;4;2;5;7;3;0;1;1;3;22;
Jarvis Varnado;;15:48;2;5;0;0;0;0;0;1;1;4;0;1;1;5;4;
Tony Wroten;;20:32;2;8;0;4;4;6;0;0;0;4;0;0;1;2;8;
Elliot Williams;;20:41;5;8;2;3;0;0;0;2;2;0;0;0;1;3;12;
James Nunnally;;17:38;1;4;0;2;1;2;0;3;3;1;2;0;0;0;3;
Brandon Davies;;14:49;2;3;0;0;2;2;0;3;3;0;0;0;0;1;6;
Casper Ware;;7:10;1;2;1;1;0;0;0;0;0;1;0;0;0;0;3;
