02-09;NYK-OKC;100-112;
28-29;25-29;25-28;22-26;
NYK
Carmelo Anthony;F;36:29;5;19;1;5;4;5;4;3;7;5;1;0;1;5;15;
Iman Shumpert;F;22:22;4;9;4;8;0;0;1;2;3;2;0;0;2;3;12;
Tyson Chandler;C;32:27;5;6;0;0;2;3;1;6;7;1;2;2;1;1;12;
Raymond Felton;G;33:54;7;14;2;4;0;0;2;5;7;7;1;0;3;4;16;
Pablo Prigioni;G;21:48;2;2;1;1;0;0;0;1;1;4;1;0;1;1;5;
J.R. Smith;;30:34;3;10;1;4;0;1;0;2;2;5;1;0;2;1;7;
Tim Hardaway Jr.;;21:35;2;6;0;2;1;2;0;2;2;1;0;0;0;2;5;
Amar'e Stoudemire;;25:34;5;11;0;0;6;7;3;1;4;0;0;0;0;2;16;
Jeremy Tyler;;11:05;4;8;0;0;2;2;1;4;5;0;0;1;2;1;10;
Cole Aldrich;;1:24;0;0;0;0;0;0;0;0;0;1;0;0;0;0;0;
Toure Murry;;1:24;0;0;0;0;0;0;0;0;0;1;0;0;0;1;0;
Metta World Peace;;1:24;1;1;0;0;0;0;0;0;0;0;0;0;0;0;2;
OKC
Kevin Durant;F;40:08;12;22;4;7;13;18;0;10;10;9;1;2;3;3;41;
Serge Ibaka;F;35:19;8;11;0;0;0;0;2;7;9;3;0;1;2;5;16;
Kendrick Perkins;C;23:42;2;2;0;0;1;2;0;11;11;1;0;0;1;3;5;
Thabo Sefolosha;G;29:07;4;7;2;3;2;2;2;0;2;2;4;0;1;1;12;
Reggie Jackson;G;31:54;8;15;3;8;0;0;0;0;0;6;0;0;1;1;19;
Jeremy Lamb;;17:47;1;7;1;5;2;2;0;2;2;3;0;1;0;1;5;
Derek Fisher;;19:09;3;6;2;4;2;3;0;1;1;2;1;0;0;0;10;
Nick Collison;;20:32;1;2;0;0;0;0;1;5;6;2;0;1;2;2;2;
Perry Jones;;16:42;1;1;0;0;0;0;0;0;0;0;0;0;0;2;2;
Steven Adams;;5:40;0;0;0;0;0;0;0;0;0;0;0;0;0;1;0;
