11-30;BKN-MEM;97-88;
24-19;24-18;25-28;24-23;
BKN
Joe Johnson;F;41:11;9;15;4;7;4;4;0;5;5;6;0;1;1;2;26;
Kevin Garnett;F;27:59;4;9;0;0;0;0;2;3;5;3;2;1;2;1;8;
Brook Lopez;C;31:16;7;16;0;1;6;11;2;7;9;1;0;0;2;1;20;
Alan Anderson;G;28:21;0;6;0;2;0;0;0;7;7;3;0;0;1;2;0;
Tyshawn Taylor;G;20:54;2;5;0;0;2;2;0;0;0;0;1;0;3;0;6;
Andray Blatche;;21:31;7;10;3;3;4;5;3;5;8;1;1;1;1;1;21;
Mason Plumlee;;15:14;1;2;0;0;2;2;1;1;2;2;1;0;0;1;4;
Shaun Livingston;;28:43;1;4;0;0;2;2;0;1;1;4;0;0;0;1;4;
Tornike Shengelia;;9:54;0;0;0;0;0;0;0;1;1;0;0;1;2;1;0;
Mirza Teletovic;;14:57;3;6;2;5;0;0;0;1;1;1;1;0;0;0;8;
MEM
Tayshaun Prince;F;23:18;0;4;0;0;0;0;0;1;1;0;0;0;1;0;0;
Ed Davis;F;29:29;5;11;0;0;0;0;3;5;8;0;1;0;1;5;10;
Kosta Koufos;C;39:45;5;10;0;0;0;0;3;8;11;2;2;3;3;4;10;
Tony Allen;G;21:43;5;12;0;1;3;4;0;3;3;0;2;0;2;4;13;
Mike Conley;G;34:40;7;14;0;1;2;4;0;1;1;10;1;0;2;0;16;
Jon Leuer;;23:36;2;4;2;2;0;0;0;5;5;0;0;0;0;1;6;
Jerryd Bayless;;17:53;1;6;0;3;1;1;0;1;1;6;0;0;0;2;3;
Mike Miller;;22:55;2;3;2;3;0;0;0;3;3;0;0;0;1;1;6;
Nick Calathes;;5:41;1;1;0;0;0;0;0;0;0;1;0;0;1;1;2;
Quincy Pondexter;;21:00;8;12;3;5;3;3;0;0;0;1;0;0;2;1;22;
