04-16;LAC-POR;104-110;
29-37;23-31;33-14;19-28;
LAC
Matt Barnes;F;33:11;6;11;2;6;5;6;0;8;8;1;0;0;1;5;19;
Glen Davis;F;32:37;3;7;0;0;1;2;4;3;7;0;1;0;1;1;7;
DeAndre Jordan;C;1:23;0;0;0;0;0;0;0;0;0;0;0;0;0;0;0;
Jamal Crawford;G;41:35;10;25;3;10;11;11;1;4;5;8;2;0;2;2;34;
Darren Collison;G;37:15;6;12;0;4;7;8;0;4;4;7;0;0;2;1;19;
Jared Dudley;;25:30;3;11;0;5;1;2;1;4;5;0;0;0;0;2;7;
Reggie Bullock;;16:06;0;2;0;2;0;0;0;2;2;2;0;0;1;0;0;
Ryan Hollins;;14:23;0;1;0;0;2;2;1;1;2;1;0;4;1;3;2;
Willie Green;;23:11;3;8;1;2;1;2;1;3;4;0;0;0;0;4;8;
Hedo Turkoglu;;14:49;3;7;2;5;0;0;0;5;5;1;1;0;0;2;8;
POR
Nicolas Batum;F;12:00;3;6;0;2;1;2;1;3;4;4;0;0;2;0;7;
Dorell Wright;F;12:00;1;3;0;1;0;0;0;6;6;1;0;1;1;0;2;
Robin Lopez;C;14:08;7;10;0;0;1;2;7;2;9;1;0;0;0;1;15;
Wesley Matthews;G;12:00;3;7;2;5;0;0;0;0;0;3;0;0;0;1;8;
Damian Lillard;G;12:00;3;5;3;4;0;0;0;0;0;2;1;0;0;1;9;
CJ McCollum;;27:60;5;9;1;2;1;2;0;4;4;3;0;0;3;5;12;
Joel Freeland;;17:46;3;7;0;0;0;0;2;5;7;2;0;0;0;1;6;
Earl Watson;;15:34;0;3;0;1;0;0;0;0;0;2;0;0;0;3;0;
Thomas Robinson;;12:48;1;6;0;0;3;4;4;2;6;2;0;0;0;0;5;
Will Barton;;35:24;7;20;3;7;6;8;2;8;10;2;1;0;2;2;23;
Meyers Leonard;;16:06;3;8;0;0;1;1;3;5;8;1;0;0;1;3;7;
Allen Crabbe;;29:02;2;8;0;1;0;0;1;4;5;2;1;1;0;6;4;
Victor Claver;;23:12;4;9;1;3;3;3;4;2;6;4;2;0;1;0;12;
