01-27;TOR-BKN;104-103;
25-26;32-30;25-25;22-22;
TOR
Steve Novak;F;21:55;0;5;0;4;0;0;0;0;0;1;0;0;0;0;0;
Amir Johnson;F;30:18;2;5;0;0;4;4;3;3;6;1;0;1;3;3;8;
Jonas Valanciunas;C;31:44;9;14;0;0;2;2;4;9;13;1;0;0;0;3;20;
Terrence Ross;G;33:09;3;9;2;4;2;4;0;7;7;2;0;1;3;1;10;
Kyle Lowry;G;35:16;10;18;4;7;7;8;0;5;5;7;5;0;4;5;31;
John Salmons;;27:45;2;6;0;0;2;2;0;1;1;3;1;1;2;1;6;
Patrick Patterson;;21:28;6;11;1;3;2;2;1;2;3;1;2;0;0;1;15;
Charles Hayes;;12:25;1;2;0;0;0;2;2;3;5;1;0;0;2;3;2;
Greivis Vasquez;;25:60;4;9;2;4;2;2;0;3;3;4;0;0;4;1;12;
BKN
Joe Johnson;F;31:51;3;10;1;4;5;5;0;3;3;2;2;0;4;2;12;
Paul Pierce;F;30:58;10;16;7;10;6;7;1;5;6;2;1;1;1;2;33;
Kevin Garnett;C;26:29;3;8;0;0;0;0;1;10;11;0;0;1;2;3;6;
Alan Anderson;G;28:06;2;5;1;3;0;0;0;3;3;1;1;0;1;0;5;
Shaun Livingston;G;24:35;3;4;0;0;3;4;0;1;1;4;1;0;2;4;9;
Deron Williams;;29:11;4;11;1;2;0;2;1;3;4;11;1;0;3;4;9;
Andray Blatche;;21:31;8;11;0;1;4;4;1;5;6;0;2;1;0;2;20;
Andrei Kirilenko;;23:55;2;5;0;0;0;0;1;1;2;2;2;1;2;1;4;
Mirza Teletovic;;17:02;2;6;1;4;0;0;0;0;0;0;0;0;2;2;5;
Jason Terry;;6:23;0;1;0;0;0;0;0;0;0;0;0;0;0;0;0;
