12-06;PHI-CHA;88-105;
33-36;18-26;21-22;16-21;
PHI
Evan Turner;F;40:00;7;18;2;6;0;1;1;5;6;2;0;0;2;1;16;
Thaddeus Young;F;29:49;3;9;0;2;3;4;0;1;1;2;1;1;2;3;9;
Spencer Hawes;C;28:45;3;9;2;5;2;2;2;11;13;5;0;0;5;4;10;
Hollis Thompson;G;31:31;5;7;2;3;0;0;1;5;6;0;0;0;2;4;12;
Tony Wroten;G;34:44;10;22;0;4;1;4;3;5;8;9;1;1;2;4;21;
James Anderson;;20:24;2;8;0;4;0;0;0;1;1;1;0;0;0;0;4;
Lavoy Allen;;21:15;3;6;0;0;2;2;4;6;10;0;1;1;0;1;8;
Lorenzo Brown;;13:16;2;8;0;3;0;0;0;1;1;0;1;0;0;0;4;
Elliot Williams;;6:08;0;2;0;0;0;0;0;0;0;0;0;0;0;0;0;
Brandon Davies;;9:53;2;3;0;0;0;0;0;2;2;1;0;1;2;3;4;
Daniel Orton;;4:15;0;0;0;0;0;0;0;2;2;1;0;0;0;0;0;
CHA
Jeff Taylor;F;36:52;8;16;2;7;2;2;3;5;8;1;1;1;0;1;20;
Josh McRoberts;F;32:47;2;8;0;4;0;0;1;9;10;4;2;1;0;2;4;
Al Jefferson;C;32:26;6;21;0;0;2;3;6;6;12;2;1;2;1;3;14;
Gerald Henderson;G;35:38;6;14;0;3;6;8;1;2;3;4;2;1;3;2;18;
Kemba Walker;G;38:24;6;13;2;4;4;6;0;2;2;10;3;0;0;0;18;
Cody Zeller;;12:11;5;6;0;0;0;1;0;5;5;0;0;0;1;2;10;
Ramon Sessions;;23:30;5;7;0;1;3;4;0;2;2;4;0;0;3;1;13;
Bismack Biyombo;;7:23;2;2;0;0;0;0;1;2;3;0;0;1;0;1;4;
Ben Gordon;;9:36;2;4;0;2;0;1;0;1;1;3;0;0;0;0;4;
Anthony Tolliver;;3:02;0;0;0;0;0;0;0;1;1;1;0;0;1;1;0;
Jeff Adrien;;8:11;0;0;0;0;0;0;0;1;1;0;0;1;0;2;0;
