01-12;MIN-SAS;86-104;
21-28;28-24;22-29;15-23;
MIN
Corey Brewer;F;23:09;1;5;0;1;0;0;1;0;1;1;2;0;0;2;2;
Kevin Love;F;31:48;3;14;0;2;8;11;1;6;7;0;0;2;1;0;14;
Nikola Pekovic;C;28:41;10;15;0;0;2;2;5;1;6;0;2;0;1;3;22;
Kevin Martin;G;25:35;2;12;0;3;2;2;2;1;3;2;1;0;2;1;6;
Ricky Rubio;G;30:26;3;8;1;2;0;0;1;3;4;8;2;1;2;2;7;
Chase Budinger;;20:57;2;8;1;2;0;0;1;3;4;1;0;0;0;2;5;
Alexey Shved;;22:37;4;7;3;4;0;0;1;2;3;1;2;0;2;0;11;
Ronny Turiaf;;15:25;0;1;0;0;0;0;3;2;5;0;2;2;0;0;0;
Jose Juan Barea;;15:54;3;9;0;2;3;3;1;3;4;4;1;0;1;2;9;
Dante Cunningham;;13:46;3;8;0;0;0;0;0;2;2;0;1;1;1;1;6;
Luc Mbah a Moute;;3:54;0;3;0;1;0;0;0;0;0;0;0;0;0;0;0;
A.J. Price;;3:54;2;3;0;0;0;0;0;0;0;0;1;0;0;0;4;
Gorgui Dieng;;3:54;0;0;0;0;0;0;0;1;1;0;2;0;0;0;0;
SAS
Kawhi Leonard;F;36:13;8;11;1;1;0;0;1;5;6;2;2;2;2;3;17;
Tim Duncan;F;27:48;5;9;0;0;5;6;0;8;8;5;0;4;3;0;15;
Boris Diaw;C;21:27;3;4;1;1;0;0;0;5;5;4;1;0;0;3;7;
Danny Green;G;8:58;0;1;0;0;0;0;0;3;3;1;0;0;2;2;0;
Tony Parker;G;30:18;5;11;0;0;4;4;1;1;2;10;1;2;5;2;14;
Marco Belinelli;;21:49;5;8;1;3;2;4;1;1;2;2;1;0;2;1;13;
Matt Bonner;;21:36;5;10;4;5;0;0;2;1;3;0;0;0;0;1;14;
Jeff Ayres;;19:30;4;7;0;0;0;0;2;5;7;2;0;1;2;4;8;
Patty Mills;;22:54;4;6;2;3;0;0;0;4;4;2;1;0;2;2;10;
Cory Joseph;;19:54;0;4;0;0;0;0;0;4;4;1;0;1;0;1;0;
Aron Baynes;;5:39;1;1;0;0;0;0;0;1;1;2;0;0;1;0;2;
Nando De Colo;;3:54;2;2;0;0;0;0;0;1;1;0;0;0;1;0;4;
