01-06;MIN-PHI;126-95;
32-29;38-25;35-20;21-21;
MIN
Corey Brewer;F;27:47;5;8;3;3;2;3;0;3;3;2;2;0;0;3;15;
Kevin Love;F;29:02;7;12;4;7;8;10;1;6;7;4;2;1;1;0;26;
Nikola Pekovic;C;22:41;7;15;0;0;2;2;5;9;14;1;0;1;3;1;16;
Kevin Martin;G;22:56;5;10;3;4;5;5;0;1;1;4;2;0;1;0;18;
Ricky Rubio;G;24:51;2;8;0;0;0;0;0;3;3;8;1;0;1;1;4;
Dante Cunningham;;15:19;5;9;0;0;0;0;0;1;1;0;1;1;0;0;10;
Alexey Shved;;22:33;4;12;1;3;1;1;1;2;3;4;3;1;0;1;10;
Robbie Hummel;;20:13;1;5;1;3;0;0;3;5;8;1;1;0;0;2;3;
Jose Juan Barea;;19:16;5;12;3;4;0;0;0;1;1;2;0;0;5;1;13;
Ronny Turiaf;;22:34;0;1;0;0;0;0;2;7;9;1;0;2;2;3;0;
Gorgui Dieng;;6:24;1;2;0;0;0;2;2;1;3;0;1;0;0;1;2;
A.J. Price;;6:24;4;6;1;2;0;0;0;0;0;1;0;0;0;1;9;
PHI
Evan Turner;F;25:15;5;9;0;1;3;4;0;1;1;3;0;0;1;2;13;
Thaddeus Young;F;27:40;9;16;2;4;0;1;0;2;2;2;3;1;1;2;20;
Spencer Hawes;C;25:07;3;6;1;3;0;0;1;5;6;4;0;2;5;2;7;
Hollis Thompson;G;32:48;4;8;0;1;1;1;0;4;4;0;1;0;2;0;9;
Michael Carter-Williams;G;28:36;6;13;1;3;0;1;0;4;4;7;1;0;4;2;13;
James Anderson;;21:37;5;6;2;2;2;2;0;7;7;2;3;1;2;3;14;
Lavoy Allen;;9:09;0;2;0;0;0;0;0;2;2;1;0;0;1;3;0;
Elliot Williams;;20:09;2;5;1;1;3;4;0;3;3;3;0;0;4;2;8;
Brandon Davies;;15:14;1;4;0;0;0;0;1;1;2;0;1;0;0;0;2;
Daniel Orton;;18:50;2;4;0;0;1;1;2;3;5;0;0;2;0;4;5;
Lorenzo Brown;;15:36;1;7;1;3;1;2;0;4;4;4;0;0;2;2;4;
