02-08;GSW-PHX;109-122;
28-29;31-34;31-32;19-27;
GSW
Andre Iguodala;F;39:18;5;9;1;2;1;3;3;5;8;0;0;0;1;3;12;
Draymond Green;F;27:12;2;6;0;2;1;2;2;4;6;4;0;1;4;4;5;
Jermaine O'Neal;C;30:31;4;11;0;0;3;3;3;1;4;1;1;1;2;3;11;
Klay Thompson;G;39:25;6;13;2;6;3;4;0;5;5;2;1;0;0;4;17;
Stephen Curry;G;41:09;10;20;3;10;5;6;1;1;2;9;0;0;2;2;28;
Harrison Barnes;;36:16;9;15;2;3;3;4;2;4;6;0;1;1;1;3;23;
Marreese Speights;;6:53;1;1;0;0;0;0;0;2;2;0;0;1;1;1;2;
Jordan Crawford;;17:14;4;9;0;2;2;2;1;0;1;0;2;0;1;1;10;
Kent Bazemore;;2:03;0;0;0;0;1;2;0;0;0;0;0;0;0;0;1;
Ognjen Kuzmic;;0:00;0;0;0;0;0;0;0;0;0;0;0;0;0;0;0;
PHX
PJ Tucker;F;41:17;5;10;2;4;4;5;3;12;15;0;4;0;1;4;16;
Channing Frye;F;35:56;6;13;1;3;0;0;1;4;5;5;0;0;4;4;13;
Miles Plumlee;C;21:54;5;10;0;0;2;2;2;5;7;0;1;0;1;1;12;
Gerald Green;G;31:10;10;15;2;4;3;5;2;3;5;0;1;0;2;3;25;
Goran Dragic;G;39:60;10;13;6;7;8;10;0;2;2;10;2;0;3;3;34;
Marcus Morris;;24:11;4;8;0;2;6;6;2;4;6;0;1;1;3;4;14;
Markieff Morris;;16:59;0;3;0;0;0;0;1;3;4;0;0;1;2;1;0;
Ish Smith;;5:47;1;4;0;0;0;0;1;0;1;1;0;0;0;0;2;
Leandro Barbosa;;22:47;2;4;0;1;2;2;0;0;0;0;0;0;1;2;6;
