03-23;WAS-DEN;102-105;
29-21;20-26;24-30;29-28;
WAS
Trevor Ariza;F;34:30;8;13;1;3;1;2;3;3;6;2;1;0;4;2;18;
Trevor Booker;F;23:56;2;6;0;0;0;0;2;6;8;2;1;2;1;3;4;
Marcin Gortat;C;35:08;7;12;0;0;2;2;2;8;10;5;0;2;4;4;16;
Bradley Beal;G;38:10;8;18;3;5;2;2;3;4;7;3;2;1;2;0;21;
John Wall;G;35:11;6;13;1;3;2;3;0;3;3;5;3;1;8;4;15;
Drew Gooden;;18:01;7;12;0;0;1;1;0;3;3;0;1;0;0;1;15;
Martell Webster;;23:40;1;4;0;2;3;4;1;1;2;2;0;0;1;1;5;
Al Harrington;;18:20;1;4;0;2;4;4;1;5;6;0;0;0;2;2;6;
Andre Miller;;12:59;1;3;0;0;0;0;0;1;1;1;0;1;2;3;2;
Garrett Temple;;0:07;0;0;0;0;0;0;0;0;0;0;0;0;0;0;0;
DEN
Anthony Randolph;F;16:07;1;5;0;2;0;0;1;1;2;3;0;0;2;1;2;
Kenneth Faried;F;31:45;8;15;0;0;4;5;1;7;8;0;1;3;2;2;20;
Timofey Mozgov;C;23:44;2;7;0;1;1;2;2;4;6;0;0;1;3;3;5;
Randy Foye;G;33:48;6;11;5;9;0;0;0;3;3;2;1;2;1;2;17;
Ty Lawson;G;34:10;4;11;0;1;1;2;1;3;4;8;4;0;2;1;9;
Evan Fournier;;21:24;4;10;1;4;0;0;1;2;3;4;3;0;1;2;9;
Jan Vesely;;15:17;5;9;0;0;0;0;2;2;4;0;3;0;2;2;10;
Darrell Arthur;;25:13;4;6;3;4;4;5;1;4;5;2;2;0;1;4;15;
Quincy Miller;;13:50;2;4;1;2;0;0;0;1;1;0;0;0;0;1;5;
Aaron Brooks;;24:43;4;13;1;4;4;4;1;1;2;7;1;0;1;2;13;
