03-29;NOP-SAS;80-96;
15-28;20-24;24-18;21-26;
NOP
Al-Farouq Aminu;F;33:46;3;5;0;1;2;3;1;9;10;1;3;0;0;0;8;
Alexis Ajinca;F;27:09;1;6;0;0;0;0;2;5;7;1;0;0;0;5;2;
Greg Stiemsma;C;18:47;1;3;0;0;0;0;0;4;4;1;1;1;1;3;2;
Anthony Morrow;G;17:45;2;6;0;1;2;2;0;0;0;0;0;0;1;0;6;
Tyreke Evans;G;28:39;4;13;0;2;3;4;2;2;4;4;0;0;5;2;11;
Luke Babbitt;;19:22;3;7;2;2;0;0;0;2;2;0;0;1;0;1;8;
Austin Rivers;;30:15;8;18;0;3;0;0;2;4;6;3;2;0;1;2;16;
Brian Roberts;;28:41;7;16;1;2;3;3;0;3;3;5;1;0;0;2;18;
Darius Miller;;24:51;1;5;0;1;0;0;0;2;2;1;0;0;2;4;2;
Jeff Withey;;10:45;2;2;0;0;3;4;1;2;3;0;0;0;1;0;7;
SAS
Kawhi Leonard;F;22:36;4;9;2;4;5;6;0;5;5;2;1;1;0;1;15;
Tim Duncan;F;25:28;5;9;0;0;2;5;2;6;8;6;0;4;3;0;12;
Boris Diaw;C;24:14;3;8;0;1;0;0;1;3;4;0;0;2;3;2;6;
Marco Belinelli;G;32:09;7;11;4;5;0;0;0;2;2;4;1;1;1;2;18;
Tony Parker;G;23:05;1;5;0;0;0;0;0;5;5;3;1;0;0;2;2;
Manu Ginobili;;20:54;7;10;0;1;1;1;0;5;5;4;3;1;2;0;15;
Jeff Ayres;;17:05;4;6;0;0;1;2;2;1;3;2;0;1;1;3;9;
Austin Daye;;17:19;0;2;0;1;0;0;0;2;2;0;0;0;1;0;0;
Patty Mills;;24:55;4;11;3;8;2;2;2;0;2;0;1;0;1;4;13;
Cory Joseph;;23:22;0;4;0;1;2;4;1;4;5;3;0;0;0;1;2;
Aron Baynes;;8:53;2;3;0;0;0;0;1;4;5;0;0;1;1;1;4;
