03-04;GSW-IND;98-96;
25-21;23-21;25-28;25-26;
GSW
Andre Iguodala;F;23:24;3;9;0;1;0;0;0;2;2;1;0;0;0;1;6;
David Lee;F;22:19;4;7;0;0;3;6;1;4;5;2;0;0;1;3;11;
Andrew Bogut;C;22:10;1;3;0;0;1;2;1;5;6;1;1;3;0;4;3;
Klay Thompson;G;41:14;10;20;3;5;2;2;1;4;5;2;0;1;1;1;25;
Stephen Curry;G;32:14;7;18;2;5;3;3;1;7;8;6;2;0;4;5;19;
Jermaine O'Neal;;30:22;2;6;0;0;3;6;4;0;4;1;0;2;1;3;7;
Harrison Barnes;;23:33;3;8;2;3;2;2;0;5;5;2;0;0;0;1;10;
Draymond Green;;21:10;4;7;2;4;0;0;1;6;7;3;1;0;1;1;10;
Steve Blake;;16:48;0;1;0;0;0;0;1;1;2;6;0;0;1;1;0;
Jordan Crawford;;6:46;3;5;1;2;0;0;0;0;0;0;0;0;1;1;7;
IND
Paul George;F;39:43;8;23;3;8;7;8;3;9;12;4;1;1;1;2;26;
David West;F;33:33;10;17;0;0;7;7;3;4;7;2;1;1;0;2;27;
Roy Hibbert;C;34:06;4;7;0;0;4;4;1;2;3;1;0;3;2;3;12;
Lance Stephenson;G;38:29;6;14;0;4;0;0;2;7;9;3;2;1;2;2;12;
George Hill;G;35:16;3;9;0;2;2;2;0;7;7;3;0;0;1;3;8;
Ian Mahinmi;;13:54;1;2;0;0;0;0;0;0;0;0;1;1;0;2;2;
Evan Turner;;17:44;0;5;0;0;0;0;0;3;3;1;0;0;0;2;0;
CJ Watson;;12:48;0;2;0;2;1;1;0;1;1;2;0;0;1;2;1;
Luis Scola;;14:27;4;7;0;0;0;0;0;1;1;0;0;0;1;2;8;
