03-17;LAC-DEN;100-110;
25-23;28-33;30-27;17-27;
LAC
Matt Barnes;F;26:42;4;7;1;3;0;0;1;4;5;2;1;0;2;4;9;
Blake Griffin;F;41:44;7;25;0;0;12;12;8;4;12;4;2;2;2;3;26;
DeAndre Jordan;C;27:51;3;7;0;0;2;2;4;7;11;3;2;0;3;4;8;
Willie Green;G;30:12;3;7;2;5;0;0;0;3;3;3;1;1;0;3;8;
Chris Paul;G;38:47;10;19;0;2;9;11;0;2;2;7;3;0;6;4;29;
Reggie Bullock;;25:40;2;10;0;5;0;0;2;3;5;1;2;0;1;3;4;
Danny Granger;;23:07;5;11;1;4;0;0;1;1;2;0;1;0;1;3;11;
Glen Davis;;17:19;1;3;0;0;0;0;0;2;2;2;1;2;0;4;2;
Hedo Turkoglu;;8:04;1;3;1;2;0;0;0;1;1;0;0;0;0;0;3;
Ryan Hollins;;0:35;0;0;0;0;0;0;0;0;0;0;0;0;0;0;0;
DEN
Wilson Chandler;F;32:46;5;15;1;7;0;0;1;1;2;1;0;1;3;2;11;
Kenneth Faried;F;33:36;6;14;0;0;6;7;6;10;16;2;1;1;1;3;18;
Timofey Mozgov;C;19:21;4;10;0;0;7;7;2;7;9;1;0;0;0;1;15;
Randy Foye;G;29:16;4;10;1;5;5;5;0;2;2;5;4;1;1;0;14;
Ty Lawson;G;38:10;5;9;3;5;6;6;1;2;3;5;4;0;6;2;19;
JJ Hickson;;29:36;9;14;0;0;3;7;5;6;11;0;0;0;1;4;21;
Quincy Miller;;12:40;0;3;0;2;0;0;0;1;1;0;0;1;0;2;0;
Evan Fournier;;14:20;2;6;1;4;0;0;0;1;1;1;0;0;1;2;5;
Darrell Arthur;;12:59;2;7;0;1;0;0;4;4;8;2;0;0;0;3;4;
Aaron Brooks;;17:16;1;5;0;1;1;1;0;2;2;5;2;0;3;4;3;
