03-28;SAC-OKC;81-94;
15-32;23-22;13-28;30-12;
SAC
Rudy Gay;F;21:06;3;11;0;3;1;1;2;0;2;1;0;0;4;3;7;
Reggie Evans;F;18:25;1;4;0;0;2;2;3;3;6;1;2;0;3;1;4;
DeMarcus Cousins;C;17:05;2;8;0;0;0;0;1;3;4;2;0;0;3;4;4;
Ben McLemore;G;45:56;5;16;3;7;5;6;0;1;1;3;2;1;1;3;18;
Ray McCallum;G;45:42;6;16;1;1;0;3;1;3;4;5;0;0;2;2;13;
Jason Thompson;;29:01;5;9;0;0;0;0;5;9;14;1;0;0;2;4;10;
Travis Outlaw;;31:16;6;13;5;6;0;0;0;4;4;2;0;0;0;2;17;
Quincy Acy;;29:35;2;7;0;1;2;4;5;8;13;2;2;0;1;1;6;
Aaron Gray;;1:54;1;1;0;0;0;0;0;1;1;0;0;0;0;2;2;
OKC
Kevin Durant;F;29:20;9;11;3;4;8;8;0;1;1;6;2;2;2;0;29;
Serge Ibaka;F;30:28;2;6;0;0;4;4;0;8;8;1;1;4;3;2;8;
Steven Adams;C;14:42;1;2;0;0;3;6;0;2;2;1;0;0;2;4;5;
Andre Roberson;G;15:14;3;3;0;0;0;0;0;0;0;0;0;1;0;1;6;
Russell Westbrook;G;24:29;7;12;0;2;4;4;0;5;5;6;0;0;4;2;18;
Hasheem Thabeet;;20:05;0;1;0;0;0;0;0;4;4;0;1;0;0;4;0;
Jeremy Lamb;;32:33;5;11;3;6;0;3;0;5;5;5;2;0;2;3;13;
Caron Butler;;26:10;2;10;2;6;0;0;0;3;3;3;0;0;1;1;6;
Derek Fisher;;17:39;1;4;1;3;0;0;0;3;3;0;0;0;0;2;3;
Nick Collison;;14:30;1;3;0;0;0;0;1;2;3;2;2;1;0;2;2;
Perry Jones;;8:17;0;3;0;1;0;0;2;2;4;1;0;0;0;0;0;
Reggie Williams;;6:33;2;3;0;1;0;0;0;0;0;1;0;0;0;1;4;
