03-22;DET-LAC;103-112;
26-36;29-20;15-24;33-32;
DET
Josh Smith;F;34:24;6;16;0;4;0;1;2;1;3;2;1;2;4;3;12;
Greg Monroe;F;34:20;6;12;0;0;0;0;2;7;9;3;0;0;2;3;12;
Andre Drummond;C;37:49;8;12;0;0;0;0;4;8;12;1;0;0;1;1;16;
Kyle Singler;G;19:15;2;7;2;4;0;0;0;3;3;0;0;0;1;2;6;
Brandon Jennings;G;32:11;5;16;4;11;5;7;2;5;7;7;3;0;3;0;19;
Rodney Stuckey;;27:13;3;8;0;1;0;0;0;0;0;3;0;0;0;0;6;
Jonas Jerebko;;26:60;8;12;5;7;1;4;5;4;9;2;2;0;2;2;22;
Will Bynum;;23:51;2;7;1;2;1;1;0;2;2;10;2;0;2;4;6;
Kentavious Caldwell-Pope;;3:57;2;3;0;0;0;0;1;0;1;1;1;0;0;0;4;
LAC
Matt Barnes;F;32:54;5;16;2;10;2;3;0;7;7;1;1;2;2;1;14;
Blake Griffin;F;37:26;12;17;0;1;1;2;1;6;7;7;1;1;3;2;25;
DeAndre Jordan;C;33:28;4;5;0;0;1;4;3;9;12;0;1;5;2;4;9;
Darren Collison;G;25:57;4;6;2;2;1;2;0;0;0;3;3;0;1;0;11;
Chris Paul;G;37:26;10;15;3;6;5;5;1;3;4;15;6;0;2;2;28;
Jamal Crawford;;32:37;4;13;1;6;0;0;0;4;4;4;1;0;1;2;9;
Danny Granger;;15:06;5;9;3;3;1;1;2;2;4;1;0;0;0;0;14;
Glen Davis;;14:32;0;0;0;0;0;0;0;1;1;0;0;1;2;2;0;
Hedo Turkoglu;;10:34;1;2;0;1;0;0;0;1;1;0;0;1;0;2;2;
