12-17;SAC-CHA;87-95;
22-35;21-21;29-22;15-17;
SAC
Rudy Gay;F;24:01;1;6;0;0;2;3;0;3;3;1;0;0;2;1;4;
Jason Thompson;F;30:30;4;6;0;0;1;2;2;7;9;1;1;1;2;6;9;
DeMarcus Cousins;C;36:04;9;13;0;0;12;15;4;13;17;6;3;0;6;3;30;
Ben McLemore;G;30:03;2;10;1;5;2;2;0;3;3;3;0;0;1;3;7;
Isaiah Thomas;G;35:43;8;23;2;6;3;3;1;1;2;4;0;0;2;1;21;
Travis Outlaw;;28:48;1;9;0;1;0;0;0;4;4;0;1;1;1;2;2;
Derrick Williams;;22:01;2;4;0;1;1;1;0;0;0;1;1;0;1;3;5;
Quincy Acy;;20:08;2;2;0;0;1;1;2;1;3;0;1;2;0;3;5;
Jimmer Fredette;;12:42;1;7;1;2;1;1;0;1;1;2;1;0;0;1;4;
CHA
Jeff Taylor;F;26:05;3;9;2;4;0;0;0;3;3;2;1;0;0;3;8;
Josh McRoberts;F;24:31;2;5;1;2;0;0;0;5;5;4;1;0;1;3;5;
Al Jefferson;C;28:08;5;13;0;0;0;1;1;8;9;1;3;0;1;6;10;
Gerald Henderson;G;34:40;7;13;0;0;6;8;1;4;5;5;1;2;3;4;20;
Kemba Walker;G;33:18;7;13;4;8;6;7;0;3;3;5;1;1;1;0;24;
Cody Zeller;;23:29;3;7;0;0;1;1;0;5;5;2;0;1;3;4;7;
Ramon Sessions;;23:37;6;11;0;1;4;5;0;2;2;6;1;0;1;0;16;
Bismack Biyombo;;19:52;0;1;0;0;0;2;3;6;9;0;0;2;1;4;0;
Ben Gordon;;26:20;2;6;1;2;0;0;0;1;1;1;1;0;4;2;5;
