12-10;PHX-LAL;114-108;
26-21;30-30;23-23;35-34;
PHX
PJ Tucker;F;31:19;1;5;0;2;2;2;2;9;11;2;2;1;1;2;4;
Channing Frye;F;26:37;5;10;1;4;0;0;1;3;4;2;0;0;0;1;11;
Miles Plumlee;C;19:23;3;4;0;0;0;0;2;4;6;0;0;0;1;3;6;
Eric Bledsoe;G;36:58;7;19;1;6;3;4;0;4;4;9;3;0;3;3;18;
Goran Dragic;G;37:53;9;18;2;6;11;11;1;1;2;5;1;0;1;3;31;
Markieff Morris;;28:37;6;10;0;1;3;4;2;5;7;3;0;1;3;2;15;
Marcus Morris;;26:52;10;13;2;2;0;0;1;3;4;2;0;1;0;2;22;
Gerald Green;;17:09;1;2;1;2;0;0;0;1;1;0;0;0;3;4;3;
Archie Goodwin;;15:12;2;4;0;0;0;0;1;3;4;1;0;0;1;2;4;
LAL
Jodie Meeks;F;32:40;5;10;1;5;2;3;1;4;5;1;1;0;0;0;13;
Shawne Williams;F;14:40;2;4;0;2;0;0;0;4;4;0;0;1;0;2;4;
Pau Gasol;C;28:45;6;11;0;0;7;8;2;3;5;3;0;1;1;3;19;
Kobe Bryant;G;29:10;6;11;0;2;8;8;0;2;2;3;0;0;3;2;20;
Steve Blake;G;39:13;3;7;1;2;2;2;0;5;5;10;2;0;4;1;9;
Wesley Johnson;;20:00;2;6;1;2;0;0;0;1;1;0;2;1;1;2;5;
Xavier Henry;;28:44;5;13;1;4;1;1;0;1;1;0;2;0;0;4;12;
Nick Young;;27:33;5;12;1;2;2;6;1;2;3;3;0;0;2;4;13;
Jordan Hill;;19:15;5;6;0;0;3;4;3;4;7;2;0;0;0;2;13;
