02-23;MIN-POR;97-108;
34-26;26-26;20-32;17-24;
MIN
Corey Brewer;F;32:17;3;11;0;2;0;0;2;3;5;1;2;0;0;2;6;
Dante Cunningham;F;24:51;6;14;0;0;0;2;5;1;6;0;0;1;0;0;12;
Kevin Love;C;34:58;11;21;2;8;7;9;2;8;10;0;1;0;4;4;31;
Chase Budinger;G;23:54;3;6;2;3;0;0;1;1;2;0;0;0;0;2;8;
Ricky Rubio;G;22:58;2;6;0;1;1;1;1;0;1;11;1;0;3;0;5;
Jose Juan Barea;;21:25;7;16;4;8;3;3;0;0;0;2;1;0;2;5;21;
Luc Mbah a Moute;;22:43;1;3;0;1;0;0;0;3;3;1;0;1;1;2;2;
Robbie Hummel;;14:29;1;3;0;2;0;0;2;6;8;0;0;0;2;1;2;
Shabazz Muhammad;;22:09;1;8;0;0;0;1;5;2;7;0;0;0;1;3;2;
Gorgui Dieng;;13:02;0;1;0;0;3;4;3;3;6;2;0;0;1;1;3;
Alexey Shved;;3:37;0;1;0;0;0;0;0;0;0;1;0;0;0;1;0;
A.J. Price;;3:37;2;4;1;3;0;0;0;0;0;0;0;0;0;0;5;
POR
Nicolas Batum;F;36:05;9;15;3;6;1;1;1;9;10;4;1;3;3;3;22;
Dorell Wright;F;6:32;1;2;1;2;0;0;0;1;1;1;0;0;0;1;3;
Robin Lopez;C;27:55;3;5;0;0;0;0;3;2;5;0;1;1;1;2;6;
Wesley Matthews;G;33:22;4;14;3;6;6;6;0;0;0;2;1;0;3;2;17;
Damian Lillard;G;29:46;11;17;5;8;5;5;0;2;2;5;0;0;1;5;32;
Victor Claver;;24:02;2;3;0;1;1;2;1;4;5;1;0;1;1;1;5;
Mo Williams;;27:35;2;7;0;2;0;0;0;5;5;3;0;0;2;3;4;
Thomas Robinson;;33:26;6;13;0;0;2;2;7;11;18;2;0;2;0;3;14;
CJ McCollum;;4:15;0;1;0;0;0;0;0;0;0;0;0;0;1;0;0;
Will Barton;;14:46;2;6;1;3;0;0;0;0;0;1;1;0;0;3;5;
Earl Watson;;1:08;0;0;0;0;0;0;0;0;0;0;0;0;0;0;0;
Allen Crabbe;;1:08;0;0;0;0;0;0;0;0;0;0;0;0;0;0;0;
