11-25;NYK-POR;91-102;
18-34;21-22;30-25;22-21;
NYK
Carmelo Anthony;F;42:46;13;24;1;4;7;10;2;13;15;3;1;1;2;2;34;
Kenyon Martin;F;24:23;5;10;0;0;0;0;3;2;5;6;1;0;0;2;10;
Andrea Bargnani;C;43:29;7;16;2;4;0;2;1;5;6;3;0;1;1;1;16;
Iman Shumpert;G;23:17;0;3;0;1;0;0;0;0;0;0;1;0;2;3;0;
Beno Udrih;G;30:60;5;7;3;3;0;0;0;5;5;5;1;0;1;1;13;
J.R. Smith;;24:36;2;8;0;2;2;2;0;4;4;3;0;0;1;5;6;
Pablo Prigioni;;17:00;0;1;0;1;0;0;0;2;2;1;1;0;0;0;0;
Amar'e Stoudemire;;24:51;5;12;0;0;0;0;4;2;6;2;0;1;2;2;10;
Metta World Peace;;8:39;1;4;0;0;0;0;0;1;1;1;0;0;0;1;2;
POR
Nicolas Batum;F;38:40;8;12;3;5;4;5;3;4;7;6;1;1;1;1;23;
LaMarcus Aldridge;F;36:37;7;20;0;0;4;4;2;12;14;3;0;1;2;3;18;
Robin Lopez;C;34:59;3;6;0;0;3;4;4;3;7;0;0;1;0;1;9;
Wesley Matthews;G;37:31;6;14;3;9;2;2;0;6;6;0;0;0;1;4;17;
Damian Lillard;G;36:09;9;20;2;7;3;3;1;3;4;6;1;0;1;1;23;
Dorell Wright;;13:16;2;4;1;2;3;4;0;2;2;1;0;1;0;1;8;
Earl Watson;;11:51;0;1;0;1;0;0;0;1;1;1;0;0;1;2;0;
Joel Freeland;;12:36;1;3;0;1;0;0;0;1;1;0;1;1;1;0;2;
Will Barton;;7:16;0;0;0;0;0;0;0;2;2;1;0;0;1;1;0;
Thomas Robinson;;11:06;1;4;0;0;0;0;0;2;2;1;0;0;0;1;2;
