11-23;NYK-WAS;89-98;
27-26;25-23;17-27;20-22;
NYK
Carmelo Anthony;F;40:48;9;19;2;6;3;4;3;9;12;2;0;0;1;2;23;
Kenyon Martin;F;24:53;2;5;0;0;0;1;0;7;7;3;0;1;0;4;4;
Andrea Bargnani;C;33:22;5;14;1;4;0;0;2;2;4;5;0;1;1;3;11;
Iman Shumpert;G;27:01;2;4;1;2;1;2;1;0;1;4;3;0;1;3;6;
Beno Udrih;G;25:01;1;7;0;3;0;0;1;3;4;5;0;0;2;2;2;
Pablo Prigioni;;19:00;2;4;2;4;0;0;0;1;1;3;1;0;0;2;6;
J.R. Smith;;30:23;6;14;3;7;0;4;0;3;3;0;2;0;3;2;15;
Amar'e Stoudemire;;21:37;5;5;0;0;2;4;2;2;4;1;1;0;0;2;12;
Tim Hardaway Jr.;;6:30;2;3;1;1;0;0;0;1;1;1;0;0;0;1;5;
Metta World Peace;;10:01;2;7;1;2;0;0;2;1;3;0;0;1;1;3;5;
Toure Murry;;1:24;0;0;0;0;0;0;0;0;0;0;0;0;0;0;0;
WAS
Martell Webster;F;40:03;6;11;5;10;2;2;0;3;3;3;0;0;1;3;19;
Nene;F;34:45;4;10;0;0;0;2;1;6;7;3;1;1;1;4;8;
Marcin Gortat;C;36:35;7;11;0;0;2;4;7;10;17;2;0;2;0;2;16;
Bradley Beal;G;40:17;7;19;1;7;3;3;0;5;5;6;1;0;2;4;18;
John Wall;G;39:30;10;18;1;2;10;11;1;3;4;7;2;1;7;1;31;
Jan Vesely;;23:16;1;2;0;0;0;0;2;3;5;0;0;0;0;3;2;
Garrett Temple;;15:45;2;3;0;0;0;0;0;2;2;0;0;0;0;1;4;
Eric Maynor;;9:49;0;2;0;0;0;0;0;2;2;2;0;0;1;0;0;
