11-19;BOS-HOU;85-109;
18-40;26-28;13-20;28-21;
BOS
Jeff Green;F;22:15;2;7;0;2;0;0;0;2;2;1;0;0;0;3;4;
Brandon Bass;F;20:12;4;8;0;0;1;2;2;0;2;0;0;0;0;2;9;
Vitor Faverani;C;14:28;2;6;0;0;1;2;4;1;5;1;0;0;1;5;5;
Avery Bradley;G;27:19;5;22;1;4;0;0;3;2;5;0;2;0;3;1;11;
Jordan Crawford;G;23:05;1;8;1;3;3;3;0;1;1;4;2;0;3;0;6;
Jared Sullinger;;21:49;4;10;1;2;1;2;4;5;9;2;0;0;2;2;10;
Kelly Olynyk;;22:24;4;11;1;2;0;0;4;4;8;1;3;1;1;3;9;
Gerald Wallace;;10:41;1;1;0;0;0;0;0;1;1;1;0;0;1;0;2;
Courtney Lee;;23:25;7;16;3;4;0;0;0;2;2;1;0;0;0;2;17;
Keith Bogans;;12:25;0;0;0;0;0;0;0;0;0;0;1;0;0;0;0;
Phil Pressey;;21:00;0;3;0;2;5;7;0;0;0;5;2;0;1;0;5;
Kris Humphries;;14:08;2;4;0;1;2;2;1;5;6;0;0;2;0;1;6;
MarShon Brooks;;6:49;0;3;0;0;1;2;0;2;2;0;0;0;0;0;1;
HOU
Chandler Parsons;F;29:52;4;8;1;3;2;3;0;1;1;6;0;1;0;1;11;
Terrence Jones;F;27:09;10;12;1;1;3;4;3;6;9;1;0;2;1;0;24;
Dwight Howard;C;27:52;3;4;0;0;4;8;1;11;12;2;2;3;3;3;10;
James Harden;G;31:24;5;8;3;3;2;2;0;4;4;5;1;1;7;2;15;
Patrick Beverley;G;23:03;6;9;2;3;2;2;0;4;4;1;0;0;1;3;16;
Jeremy Lin;;23:37;4;7;1;3;2;2;0;0;0;5;1;1;1;2;11;
Omri Casspi;;24:47;2;6;1;3;0;0;0;4;4;1;3;1;2;2;5;
Donatas Motiejunas;;18:08;2;8;0;4;1;1;0;5;5;0;0;1;2;1;5;
Francisco Garcia;;18:08;2;3;0;1;0;0;0;5;5;1;0;0;0;2;4;
Aaron Brooks;;9:11;2;4;0;0;0;0;0;0;0;0;0;0;1;3;4;
Omer Asik;;6:49;1;3;0;0;2;2;2;2;4;0;0;0;1;1;4;
