11-08;GSW-SAS;74-76;
20-27;13-13;22-24;19-12;
GSW
Harrison Barnes;F;21:11;2;6;1;3;0;0;0;2;2;1;0;0;0;2;5;
David Lee;F;36:06;5;13;0;0;3;4;1;9;10;3;0;0;3;3;13;
Andrew Bogut;C;32:14;3;7;0;0;0;0;4;9;13;5;0;0;3;5;6;
Andre Iguodala;G;44:03;4;7;0;2;1;2;0;6;6;2;4;0;6;0;9;
Klay Thompson;G;39:28;5;16;1;5;0;0;0;1;1;2;3;1;3;4;11;
Toney Douglas;;27:48;8;14;5;9;0;0;0;2;2;1;0;0;0;2;21;
Draymond Green;;14:58;2;2;1;1;0;0;0;2;2;1;0;2;0;0;5;
Jermaine O'Neal;;15:46;0;4;0;0;2;2;1;6;7;1;0;1;2;2;2;
Marreese Speights;;8:26;0;2;0;0;2;2;0;2;2;0;0;0;2;2;2;
SAS
Kawhi Leonard;F;30:52;6;8;1;2;0;1;2;5;7;2;4;0;0;1;13;
Tim Duncan;F;32:07;3;11;0;0;2;2;1;3;4;5;1;2;3;2;8;
Tiago Splitter;C;25:34;2;5;0;0;0;0;5;3;8;1;1;0;1;2;4;
Danny Green;G;28:20;1;6;1;5;0;0;1;5;6;1;0;0;0;0;3;
Tony Parker;G;33:28;7;14;0;1;4;10;0;5;5;4;1;0;2;1;18;
Manu Ginobili;;21:53;3;11;0;5;0;0;1;2;3;2;0;1;2;2;6;
Boris Diaw;;15:30;4;8;0;1;0;1;0;0;0;1;0;0;0;3;8;
Patty Mills;;11:02;2;4;2;2;0;0;0;0;0;1;1;0;0;0;6;
Aron Baynes;;15:53;2;7;0;0;1;2;1;5;6;0;0;0;2;5;5;
Jeff Ayres;;6:29;0;1;0;0;2;2;0;1;1;2;0;0;2;1;2;
Marco Belinelli;;18:52;1;4;1;3;0;0;0;2;2;0;1;0;0;1;3;
