01-04;OKC-MIN;115-111;
26-30;23-25;28-32;38-24;
OKC
Kevin Durant;F;42:51;16;32;4;9;12;13;0;7;7;7;2;1;3;2;48;
Serge Ibaka;F;32:15;6;13;0;2;0;0;0;3;3;0;2;1;3;4;12;
Kendrick Perkins;C;20:30;0;0;0;0;0;0;0;7;7;2;0;2;2;5;0;
Thabo Sefolosha;G;21:17;2;7;1;4;0;0;0;1;1;1;0;1;2;0;5;
Reggie Jackson;G;23:50;3;6;0;1;4;4;1;3;4;4;0;0;4;5;10;
Nick Collison;;22:31;4;6;0;0;0;0;2;1;3;1;1;1;1;3;8;
Jeremy Lamb;;26:46;2;7;0;2;5;5;2;6;8;3;2;0;2;3;9;
Steven Adams;;15:32;4;5;0;0;2;2;4;5;9;0;0;2;2;2;10;
Derek Fisher;;24:34;3;7;3;6;4;4;0;2;2;4;0;0;3;5;13;
Perry Jones;;9:55;0;0;0;0;0;0;1;0;1;0;0;0;0;0;0;
MIN
Corey Brewer;F;40:04;6;14;1;4;2;4;0;1;1;3;3;0;1;6;15;
Kevin Love;F;43:25;11;21;5;9;3;7;2;12;14;5;2;1;7;2;30;
Nikola Pekovic;C;38:06;13;22;0;0;5;8;5;6;11;0;0;0;0;2;31;
Kevin Martin;G;39:49;7;14;1;3;2;3;1;5;6;1;1;0;3;2;17;
Ricky Rubio;G;33:48;4;13;0;2;5;6;0;4;4;10;5;0;2;4;13;
Alexey Shved;;8:33;0;2;0;0;0;0;0;0;0;1;1;0;0;2;0;
Dante Cunningham;;14:44;0;2;0;0;0;0;0;1;1;2;0;0;1;3;0;
Jose Juan Barea;;14:14;2;5;0;2;1;1;0;1;1;3;0;0;1;2;5;
Robbie Hummel;;7:17;0;1;0;0;0;0;1;1;2;0;0;0;0;1;0;
