10-30;DEN-SAC;88-90;
22-25;23-23;27-22;16-20;
DEN
Anthony Randolph;F;15:11;1;2;0;1;0;0;0;2;2;0;0;1;2;1;2;
JJ Hickson;F;33:02;6;10;0;0;0;0;2;7;9;0;0;4;3;3;12;
JaVale McGee;C;10:06;2;5;0;0;0;0;1;0;1;0;0;2;1;4;4;
Randy Foye;G;32:38;4;8;2;5;2;3;0;5;5;1;1;0;3;2;12;
Ty Lawson;G;35:47;5;15;2;4;8;8;0;5;5;8;2;0;4;1;20;
Timofey Mozgov;;19:31;4;6;0;0;2;2;0;2;2;0;0;3;1;2;10;
Evan Fournier;;21:13;2;8;1;3;0;0;2;3;5;2;0;0;2;2;5;
Kenneth Faried;;14:58;1;4;0;1;3;4;2;3;5;0;0;0;0;1;5;
Andre Miller;;21:17;6;9;0;0;0;0;0;3;3;3;0;0;1;0;12;
Darrell Arthur;;18:23;3;7;0;0;0;0;1;1;2;1;0;1;1;4;6;
Nate Robinson;;17:54;0;5;0;1;0;0;0;2;2;4;0;0;0;1;0;
SAC
John Salmons;F;26:37;3;9;1;3;2;2;0;4;4;2;2;0;0;1;9;
Patrick Patterson;F;26:44;1;6;1;3;0;0;1;5;6;0;3;0;0;5;3;
DeMarcus Cousins;C;39:10;13;26;0;0;4;7;5;9;14;1;2;2;4;4;30;
Marcus Thornton;G;31:04;1;6;0;3;2;3;0;2;2;1;0;0;0;3;4;
Greivis Vasquez;G;36:18;6;9;1;2;4;5;0;2;2;4;0;0;2;2;17;
Ben McLemore;;16:56;1;7;1;5;1;2;0;1;1;0;0;1;1;1;4;
Jason Thompson;;16:32;1;5;0;0;0;0;1;2;3;0;0;2;2;5;2;
Isaiah Thomas;;29:16;5;9;3;4;3;4;1;3;4;5;0;0;2;3;16;
Travis Outlaw;;6:27;2;4;1;1;0;0;1;0;1;0;0;1;1;2;5;
Charles Hayes;;10:56;0;0;0;0;0;0;2;2;4;0;1;1;2;0;0;
