01-29;PHX-MIL;126-117;
28-19;34-31;29-34;35-33;
PHX
PJ Tucker;F;22:43;0;1;0;0;3;4;1;6;7;1;2;1;0;2;3;
Channing Frye;F;27:40;5;8;2;4;1;1;0;2;2;1;0;1;0;2;13;
Miles Plumlee;C;20:49;4;7;0;0;0;0;2;1;3;2;0;1;2;2;8;
Gerald Green;G;29:57;7;13;4;6;5;5;1;1;2;3;2;0;2;5;23;
Goran Dragic;G;23:33;9;13;4;5;8;8;0;4;4;6;1;0;5;3;30;
Markieff Morris;;22:14;4;8;0;0;5;5;0;1;1;1;0;0;2;5;13;
Leandro Barbosa;;21:26;2;8;0;2;3;4;0;1;1;4;0;0;2;1;7;
Alex Len;;21:59;3;4;0;0;1;1;3;7;10;0;0;1;1;4;7;
Marcus Morris;;28:35;5;10;2;5;4;4;1;3;4;4;1;0;0;1;16;
Ish Smith;;21:04;3;6;0;1;0;0;0;2;2;6;2;0;1;4;6;
MIL
Khris Middleton;F;33:51;6;13;2;5;3;4;2;2;4;2;0;0;3;2;17;
Ersan Ilyasova;F;32:32;7;15;3;6;10;10;1;3;4;1;0;0;0;5;27;
John Henson;C;22:03;4;8;0;0;1;2;2;4;6;0;0;1;0;5;9;
Giannis Antetokounmpo;G;25:08;2;7;0;0;2;2;0;2;2;4;1;0;0;4;6;
Brandon Knight;G;38:05;6;15;1;5;11;11;0;2;2;8;2;0;4;1;24;
Larry Sanders;;33:28;7;11;0;0;0;0;6;3;9;0;0;2;0;5;14;
Caron Butler;;26:40;3;9;1;2;2;2;0;5;5;3;0;0;1;1;9;
Nate Wolters;;19:24;3;8;0;0;5;5;0;3;3;4;0;0;1;0;11;
Luke Ridnour;;8:50;0;3;0;1;0;0;0;1;1;0;0;0;0;2;0;
