12-18;IND-MIA;94-97;
26-22;26-19;24-30;18-26;
IND
Paul George;F;43:04;8;16;2;6;7;8;0;8;8;6;2;0;3;4;25;
David West;F;35:57;8;15;0;0;7;8;1;2;3;2;0;0;2;2;23;
Roy Hibbert;C;22:55;2;3;0;0;2;2;0;2;2;1;0;1;1;5;6;
Lance Stephenson;G;41:05;5;9;1;3;2;2;0;9;9;2;1;0;2;4;13;
George Hill;G;30:54;2;8;1;3;2;2;2;1;3;1;0;0;1;1;7;
Ian Mahinmi;;22:46;1;5;0;0;3;4;2;2;4;1;2;1;0;3;5;
CJ Watson;;17:06;1;6;0;1;0;0;0;2;2;0;3;0;1;0;2;
Rasual Butler;;11:51;2;3;1;1;0;0;1;2;3;0;0;0;1;0;5;
Luis Scola;;14:22;3;8;0;0;2;2;0;2;2;0;1;0;3;2;8;
MIA
LeBron James;F;36:14;8;14;1;3;7;7;0;9;9;7;3;0;3;3;24;
Shane Battier;F;14:46;0;1;0;0;0;0;0;0;0;0;0;0;0;2;0;
Chris Bosh;C;30:35;5;10;1;3;4;6;0;8;8;2;0;0;2;3;15;
Dwyane Wade;G;37:10;15;25;0;1;2;3;1;2;3;1;3;0;2;1;32;
Mario Chalmers;G;18:39;1;5;0;4;2;2;1;0;1;5;2;0;2;4;4;
Chris Andersen;;27:50;4;5;0;0;0;0;1;3;4;0;0;0;0;4;8;
Ray Allen;;27:01;2;6;1;4;2;2;1;6;7;3;1;0;0;0;7;
Rashard Lewis;;15:29;1;5;1;3;0;0;1;1;2;1;2;0;1;1;3;
Norris Cole;;24:56;1;6;1;3;0;0;0;1;1;2;0;0;2;0;3;
Udonis Haslem;;7:20;0;0;0;0;1;2;0;2;2;0;0;0;0;2;1;
