02-13;BKN-CHI;76-92;
19-29;22-20;20-20;15-23;
BKN
Joe Johnson;F;38:27;4;14;0;2;3;5;0;1;1;1;1;0;3;4;11;
Paul Pierce;F;27:24;4;11;2;5;5;7;0;3;3;0;0;1;1;5;15;
Kevin Garnett;C;24:34;2;3;0;0;0;0;1;6;7;3;3;2;1;3;4;
Shaun Livingston;G;25:40;4;6;0;0;2;4;0;2;2;1;0;0;1;2;10;
Deron Williams;G;41:55;4;14;0;4;5;5;0;4;4;4;1;1;6;3;13;
Andray Blatche;;23:26;3;9;0;2;2;2;1;0;1;1;2;0;0;0;8;
Alan Anderson;;13:39;2;5;2;3;0;0;0;1;1;1;0;0;0;1;6;
Mirza Teletovic;;2:37;0;0;0;0;0;0;0;0;0;0;0;0;0;1;0;
Jason Terry;;12:02;0;2;0;0;0;0;1;0;1;1;0;0;0;0;0;
Andrei Kirilenko;;21:23;3;3;1;1;1;3;1;1;2;0;1;0;2;1;8;
Mason Plumlee;;8:53;0;0;0;0;1;2;0;5;5;0;0;1;1;1;1;
CHI
Mike Dunleavy;F;31:37;4;11;3;7;3;3;2;3;5;1;3;1;2;4;14;
Carlos Boozer;F;27:35;7;13;0;0;1;1;2;8;10;0;0;0;2;4;15;
Joakim Noah;C;33:23;6;10;0;0;2;3;3;10;13;7;0;2;2;4;14;
Jimmy Butler;G;46:02;6;8;0;0;2;2;0;5;5;4;3;2;1;2;14;
Kirk Hinrich;G;32:40;3;8;0;2;3;4;1;2;3;7;1;0;1;2;9;
D.J. Augustin;;27:34;1;4;1;3;5;5;0;3;3;5;0;0;5;3;8;
Taj Gibson;;30:56;7;14;0;1;2;3;1;4;5;2;0;2;1;3;16;
Tony Snell;;6:08;0;1;0;1;0;0;0;0;0;0;0;1;0;1;0;
Nazr Mohammed;;4:06;1;1;0;0;0;0;0;1;1;0;0;0;1;0;2;
