12-28;PHI-PHX;101-115;
27-36;32-24;22-28;20-27;
PHI
Hollis Thompson;F;35:29;2;8;0;2;0;2;4;2;6;4;0;0;0;2;4;
Thaddeus Young;F;29:21;10;18;4;7;6;7;2;8;10;0;4;0;3;3;30;
Spencer Hawes;C;34:23;4;7;2;3;2;3;1;6;7;3;0;2;5;3;12;
Elliot Williams;G;26:35;0;5;0;3;0;0;1;1;2;0;1;0;1;3;0;
Michael Carter-Williams;G;34:55;12;28;1;4;2;2;4;2;6;6;4;1;5;3;27;
James Anderson;;23:27;2;8;2;5;0;0;1;4;5;1;1;0;1;2;6;
Lavoy Allen;;12:26;0;4;0;1;0;0;1;8;9;2;0;0;1;0;0;
Tony Wroten;;29:41;7;17;2;4;6;8;1;1;2;2;2;0;3;4;22;
Daniel Orton;;6:02;0;0;0;0;0;0;0;1;1;0;0;0;1;1;0;
Brandon Davies;;7:41;0;0;0;0;0;0;0;1;1;1;0;0;0;3;0;
PHX
PJ Tucker;F;34:56;2;10;0;5;5;6;2;6;8;3;0;1;0;2;9;
Channing Frye;F;26:19;4;9;0;3;0;0;3;8;11;4;1;2;2;5;8;
Miles Plumlee;C;32:28;10;14;0;0;2;4;4;9;13;1;1;3;2;2;22;
Goran Dragic;G;37:23;7;14;2;5;5;6;2;1;3;5;2;0;5;2;21;
Eric Bledsoe;G;34:02;7;13;1;4;5;6;0;4;4;4;3;2;2;3;20;
Markieff Morris;;20:55;2;7;0;0;0;0;1;7;8;3;0;0;4;2;4;
Gerald Green;;23:24;3;9;3;7;0;0;1;5;6;3;0;2;1;2;9;
Marcus Morris;;25:04;7;15;3;9;1;1;2;1;3;0;2;1;1;2;18;
Archie Goodwin;;5:30;2;4;0;0;0;0;0;1;1;1;0;0;2;1;4;
