02-19;WAS-ATL;114-97;
31-14;27-33;33-36;23-14;
WAS
Trevor Ariza;F;36:10;7;12;5;8;0;0;3;6;9;2;0;0;0;1;19;
Nene;F;30:49;3;9;0;0;4;6;1;5;6;2;1;0;5;4;10;
Marcin Gortat;C;28:33;7;9;0;0;0;0;2;10;12;1;0;2;3;4;14;
Bradley Beal;G;35:13;7;16;2;4;3;3;1;4;5;6;0;1;0;2;19;
John Wall;G;33:51;8;19;3;6;2;2;1;4;5;12;1;1;0;0;21;
Martell Webster;;22:57;5;10;3;5;0;0;0;0;0;2;0;0;1;2;13;
Trevor Booker;;24:21;6;8;0;0;0;0;0;2;2;1;4;1;0;2;12;
Garrett Temple;;15:02;2;4;0;1;0;0;0;1;1;2;0;0;0;5;4;
Kevin Seraphin;;11:47;1;1;0;0;0;0;0;0;0;2;0;0;1;3;2;
Otto Porter;;0:48;0;1;0;0;0;0;0;0;0;0;0;0;0;0;0;
Jan Vesely;;0:30;0;0;0;0;0;0;1;0;1;0;0;0;0;0;0;
ATL
Cartier Martin;F;24:11;1;2;0;0;2;2;0;2;2;0;0;0;1;2;4;
Paul Millsap;F;37:45;7;18;1;4;6;8;2;9;11;4;3;1;3;2;21;
Elton Brand;C;34:57;7;11;0;0;6;7;3;8;11;1;1;0;0;1;20;
Kyle Korver;G;33:54;4;5;2;3;0;0;0;2;2;4;0;0;2;1;10;
Jeff Teague;G;30:22;6;16;2;3;2;2;0;2;2;5;0;0;3;1;16;
Lou Williams;;31:12;3;9;1;5;7;9;0;2;2;2;1;0;3;0;14;
Shelvin Mack;;16:37;2;5;0;1;2;2;0;2;2;3;0;0;2;3;6;
Mike Scott;;19:38;2;5;0;0;0;0;0;5;5;0;0;0;1;0;4;
Dennis Schroder;;11:24;1;2;0;0;0;0;0;1;1;1;0;0;1;1;2;
