11-11;MIN-LAC;107-109;
26-23;32-36;22-26;27-24;
MIN
Corey Brewer;F;35:41;4;10;1;5;0;0;1;2;3;2;1;0;4;4;9;
Kevin Love;F;38:48;8;19;4;8;3;4;5;14;19;7;0;0;3;3;23;
Nikola Pekovic;C;35:32;10;14;0;0;3;4;4;6;10;1;2;0;0;4;23;
Kevin Martin;G;35:23;9;22;4;8;8;8;0;1;1;3;1;0;1;3;30;
Ricky Rubio;G;33:39;2;6;1;1;0;0;0;1;1;10;2;0;3;5;5;
Dante Cunningham;;16:38;2;7;0;0;0;0;4;3;7;0;1;1;0;1;4;
Jose Juan Barea;;16:51;1;8;1;2;0;0;1;1;2;4;0;0;1;1;3;
Gorgui Dieng;;5:02;2;2;0;0;0;0;1;0;1;0;0;1;0;1;4;
Alexey Shved;;11:08;0;3;0;2;0;0;0;1;1;0;0;0;0;2;0;
Derrick Williams;;11:18;2;5;0;3;2;2;0;0;0;0;0;0;0;1;6;
LAC
Jared Dudley;F;18:09;1;1;0;0;0;0;0;1;1;2;1;0;0;1;2;
Blake Griffin;F;39:18;11;22;0;0;3;4;1;9;10;5;0;0;0;3;25;
DeAndre Jordan;C;35:58;7;8;0;0;0;6;3;8;11;0;1;0;0;4;14;
JJ Redick;G;24:02;3;7;1;4;0;0;0;1;1;3;0;0;1;3;7;
Chris Paul;G;34:36;7;14;0;2;7;8;1;3;4;11;4;0;6;0;21;
Jamal Crawford;;30:47;7;11;3;6;1;1;0;2;2;6;0;0;3;1;18;
Matt Barnes;;22:29;3;5;0;2;3;4;0;8;8;2;3;1;2;4;9;
Ryan Hollins;;12:02;2;4;0;0;3;5;0;2;2;1;0;0;1;0;7;
Darren Collison;;13:57;2;5;0;1;0;0;0;3;3;0;0;0;1;1;4;
Byron Mullens;;8:42;1;3;0;1;0;0;1;0;1;0;0;1;0;0;2;
